0.00015625
0.00046875
0.00078125
0.00109375
0.00140625
0.00171875
0.00203125
0.00234375
0.00265625
0.00296875
0.00328125
0.00359375
0.00390625
0.00421875
0.004531250000000001
0.004843750000000001
0.005156249999999999
0.00546875
0.00578125
0.00609375
0.00640625
0.006718750000000001
0.007031249999999999
0.00734375
0.00765625
0.00796875
0.00828125
0.008593749999999999
0.008906249999999999
0.00921875
0.00953125
0.00984375
0.01015625
0.01046875
0.01078125
0.01109375
0.01140625
0.01171875
0.01203125
0.01234375
0.01265625
0.01296875
0.01328125
0.01359375
0.01390625
0.01421875
0.01453125
0.01484375
0.01515625
0.01546875
0.01578125
0.01609375
0.01640625
0.01671875
0.01703125
0.01734375
0.01765625
0.01796875
0.01828125
0.01859375
0.01890625
0.01921875
0.01953125
0.01984375
0.02015625
0.02046875
0.02078125
0.02109375
0.02140625
0.02171875
0.02203125
0.02234375
0.02265625
0.02296875
0.02328125
0.02359375
0.02390625
0.02421875
0.02453125
0.02484375
0.02515625
0.02546875
0.02578125
0.02609375
0.02640625
0.02671875
0.02703125
0.02734375
0.02765625
0.02796875
0.02828125
0.02859375
0.02890625
0.02921875
0.02953125
0.02984375
0.03015625
0.03046875
0.03078125
0.03109375
0.03140625
0.03171875
0.03203125
0.03234375
0.03265625
0.03296875
0.03328125000000001
0.03359375000000001
0.03390625000000001
0.03421875000000001
0.03453125000000001
0.03484375000000001
0.03515625000000001
0.03546875000000001
0.03578125
0.03609375
0.03640625
0.03671875
0.03703125
0.03734375
0.03765625
0.03796875
0.03828125
0.03859375
0.03890625
0.03921875
0.03953125
0.03984375
0.04015625
0.04046875
0.04078125
0.04109375000000001
0.04140625000000001
0.04171875000000001
0.04203125000000001
0.04234375000000001
0.04265625000000001
0.04296875000000001
0.04328125000000001
0.04359375
0.04390625
0.04421875
0.04453125
0.04484375
0.04515625
0.04546875
0.04578125
0.04609375
0.04640625
0.04671875
0.04703125
0.04734375
0.04765625
0.04796875
0.04828125
0.04859375
0.04890625000000001
0.04921875000000001
0.04953125000000001
0.04984375000000001
0.05015625000000001
0.05046875000000001
0.05078125000000001
0.05109375000000001
0.05140625000000001
0.05171875
0.05203125
0.05234375
0.05265625
0.05296875
0.05328125
0.05359375
0.05390625
0.05421875
0.05453125
0.05484375
0.05515625
0.05546875
0.05578125
0.05609375
0.05640625
0.05671875000000001
0.05703125000000001
0.05734375000000001
0.05765625000000001
0.05796875000000001
0.05828125000000001
0.05859375000000001
0.05890625000000001
0.05921875000000001
0.05953125
0.05984375
0.06015625
0.06046875
0.06078125
0.06109375
0.06140625
0.06171875
0.06203125
0.06234375000000001
0.06265625
0.06296875
0.06328125
0.06359374999999999
0.06390625
0.06421874999999999
0.06453125
0.06484374999999999
0.06515625
0.06546874999999999
0.06578125
0.06609374999999999
0.06640625
0.06671874999999999
0.06703125
0.06734374999999999
0.06765625
0.06796874999999999
0.06828125
0.06859375
0.06890625
0.06921875
0.06953125
0.06984375
0.07015625
0.07046875
0.07078125
0.07109375
0.07140625
0.07171875
0.07203124999999999
0.07234375
0.07265624999999999
0.07296875
0.07328124999999999
0.07359375
0.07390624999999999
0.07421875
0.07453124999999999
0.07484375
0.07515624999999999
0.07546875
0.07578124999999999
0.07609375
0.07640625
0.07671875
0.07703125
0.07734375
0.07765625
0.07796875
0.07828125
0.07859375
0.07890625
0.07921875
0.07953125
0.07984374999999999
0.08015625
0.08046874999999999
0.08078125
0.08109374999999999
0.08140625
0.08171874999999999
0.08203125
0.08234374999999999
0.08265625
0.08296874999999999
0.08328125
0.08359374999999999
0.08390625
0.08421875
0.08453125
0.08484375
0.08515625
0.08546875
0.08578125
0.08609375
0.08640625
0.08671875
0.08703125
0.08734375
0.08765624999999999
0.08796875
0.08828124999999999
0.08859375
0.08890624999999999
0.08921875
0.08953124999999999
0.08984375
0.09015624999999999
0.09046875
0.09078124999999999
0.09109375
0.09140624999999999
0.09171875
0.09203125
0.09234375
0.09265625
0.09296875
0.09328125
0.09359375
0.09390625
0.09421875
0.09453125
0.09484375
0.09515625
0.09546875
0.09578125
0.09609374999999999
0.09640625
0.09671874999999999
0.09703125
0.09734374999999999
0.09765625
0.09796874999999999
0.09828125
0.09859374999999999
0.09890625
0.09921874999999999
0.09953125
0.09984375
0.10015625
0.10046875
0.10078125
0.10109375
0.10140625
0.10171875
0.10203125
0.10234375
0.10265625
0.10296875
0.10328125
0.10359375
0.10390625
0.10421875
0.10453125
0.10484375
0.10515625
0.10546875
0.10578125
0.10609375
0.10640625
0.10671875
0.10703125
0.10734375
0.10765625
0.10796875
0.10828125
0.10859375
0.10890625
0.10921875
0.10953125
0.10984375
0.11015625
0.11046875
0.11078125
0.11109375
0.11140625
0.11171875
0.11203125
0.11234375
0.11265625
0.11296875
0.11328125
0.11359375
0.11390625
0.11421875
0.11453125
0.11484375
0.11515625
0.11546875
0.11578125
0.11609375
0.11640625
0.11671875
0.11703125
0.11734375
0.11765625
0.11796875
0.11828125
0.11859375
0.11890625
0.11921875
0.11953125
0.11984375
0.12015625
0.12046875
0.12078125
0.12109375
0.12140625
0.12171875
0.12203125
0.12234375
0.12265625
0.12296875
0.12328125
0.12359375
0.12390625
0.12421875
0.12453125
0.12484375
0.12515625
0.12546875
0.12578125
0.12609375
0.12640625
0.12671875
0.12703125
0.12734375
0.12765625
0.12796875
0.12828125
0.12859375
0.12890625
0.12921875
0.12953125
0.12984375
0.13015625
0.13046875
0.13078125
0.13109375
0.13140625
0.13171875
0.13203125
0.13234375
0.13265625
0.13296875
0.13328125
0.13359375
0.13390625
0.13421875
0.13453125
0.13484375
0.13515625
0.13546875
0.13578125
0.13609375
0.13640625
0.13671875
0.13703125
0.13734375
0.13765625
0.13796875
0.13828125
0.13859375
0.13890625
0.13921875
0.13953125
0.13984375
0.14015625
0.14046875
0.14078125
0.14109375
0.14140625
0.14171875
0.14203125
0.14234375
0.14265625
0.14296875
0.14328125
0.14359375
0.14390625
0.14421875
0.14453125
0.14484375
0.14515625
0.14546875
0.14578125
0.14609375
0.14640625
0.14671875
0.14703125
0.14734375
0.14765625
0.14796875
0.14828125
0.14859375
0.14890625
0.14921875
0.14953125
0.14984375
0.15015625
0.15046875
0.15078125
0.15109375
0.15140625
0.15171875
0.15203125
0.15234375
0.15265625
0.15296875
0.15328125
0.15359375
0.15390625
0.15421875
0.15453125
0.15484375
0.15515625
0.15546875
0.15578125
0.15609375
0.15640625
0.15671875
0.15703125
0.15734375
0.15765625
0.15796875
0.15828125
0.15859375
0.15890625
0.15921875
0.15953125
0.15984375
0.16015625
0.16046875
0.16078125
0.16109375
0.16140625
0.16171875
0.16203125
0.16234375
0.16265625
0.16296875
0.16328125
0.16359375
0.16390625
0.16421875
0.16453125
0.16484375
0.16515625
0.16546875
0.16578125
0.16609375
0.16640625
0.16671875
0.16703125
0.16734375
0.16765625
0.16796875
0.16828125
0.16859375
0.16890625
0.16921875
0.16953125
0.16984375
0.17015625
0.17046875
0.17078125
0.17109375
0.17140625
0.17171875
0.17203125
0.17234375
0.17265625
0.17296875
0.17328125
0.17359375
0.17390625
0.17421875
0.17453125
0.17484375
0.17515625
0.17546875
0.17578125
0.17609375
0.17640625
0.17671875
0.17703125
0.17734375
0.17765625
0.17796875
0.17828125
0.17859375
0.17890625
0.17921875
0.17953125
0.17984375
0.18015625
0.18046875
0.18078125
0.18109375
0.18140625
0.18171875
0.18203125
0.18234375
0.18265625
0.18296875
0.18328125
0.18359375
0.18390625
0.18421875
0.18453125
0.18484375
0.18515625
0.18546875
0.18578125
0.18609375
0.18640625
0.18671875
0.18703125
0.18734375
0.18765625
0.18796875
0.18828125
0.18859375
0.18890625
0.18921875
0.18953125
0.18984375
0.19015625
0.19046875
0.19078125
0.19109375
0.19140625
0.19171875
0.19203125
0.19234375
0.19265625
0.19296875
0.19328125
0.19359375
0.19390625
0.19421875
0.19453125
0.19484375
0.19515625
0.19546875
0.19578125
0.19609375
0.19640625
0.19671875
0.19703125
0.19734375
0.19765625
0.19796875
0.19828125
0.19859375
0.19890625
0.19921875
0.19953125
0.19984375
0.20015625
0.20046875
0.20078125
0.20109375
0.20140625
0.20171875
0.20203125
0.20234375
0.20265625
0.20296875
0.20328125
0.20359375
0.20390625
0.20421875
0.20453125
0.20484375
0.20515625
0.20546875
0.20578125
0.20609375
0.20640625
0.20671875
0.20703125
0.20734375
0.20765625
0.20796875
0.20828125
0.20859375
0.20890625
0.20921875
0.20953125
0.20984375
0.21015625
0.21046875
0.21078125
0.21109375
0.21140625
0.21171875
0.21203125
0.21234375
0.21265625
0.21296875
0.21328125
0.21359375
0.21390625
0.21421875
0.21453125
0.21484375
0.21515625
0.21546875
0.21578125
0.21609375
0.21640625
0.21671875
0.21703125
0.21734375
0.21765625
0.21796875
0.21828125
0.21859375
0.21890625
0.21921875
0.21953125
0.21984375
0.22015625
0.22046875
0.22078125
0.22109375
0.22140625
0.22171875
0.22203125
0.22234375
0.22265625
0.22296875
0.22328125
0.22359375
0.22390625
0.22421875
0.22453125
0.22484375
0.22515625
0.22546875
0.22578125
0.22609375
0.22640625
0.22671875
0.22703125
0.22734375
0.22765625
0.22796875
0.22828125
0.22859375
0.22890625
0.22921875
0.22953125
0.22984375
0.23015625
0.23046875
0.23078125
0.23109375
0.23140625
0.23171875
0.23203125
0.23234375
0.23265625
0.23296875
0.23328125
0.23359375
0.23390625
0.23421875
0.23453125
0.23484375
0.23515625
0.23546875
0.23578125
0.23609375
0.23640625
0.23671875
0.23703125
0.23734375
0.23765625
0.23796875
0.23828125
0.23859375
0.23890625
0.23921875
0.23953125
0.23984375
0.24015625
0.24046875
0.24078125
0.24109375
0.24140625
0.24171875
0.24203125
0.24234375
0.24265625
0.24296875
0.24328125
0.24359375
0.24390625
0.24421875
0.24453125
0.24484375
0.24515625
0.24546875
0.24578125
0.24609375
0.24640625
0.24671875
0.24703125
0.24734375
0.24765625
0.24796875
0.24828125
0.24859375
0.24890625
0.24921875
0.24953125
0.24984375
0.25015625
0.25046875
0.25078125
0.25109375
0.25140625
0.25171875
0.25203125
0.25234375
0.25265625
0.25296875
0.25328125
0.25359375
0.25390625
0.25421875
0.25453125
0.25484375
0.25515625
0.25546875
0.25578125
0.25609375
0.25640625
0.25671875
0.25703125
0.25734375
0.25765625
0.25796875
0.25828125
0.25859375
0.25890625
0.25921875
0.25953125
0.25984375
0.26015625
0.26046875
0.26078125
0.26109375
0.26140625
0.26171875
0.26203125
0.26234375
0.26265625
0.26296875
0.26328125
0.26359375
0.26390625
0.26421875
0.26453125
0.26484375
0.26515625
0.26546875
0.26578125
0.26609375
0.26640625
0.26671875
0.26703125
0.26734375
0.26765625
0.26796875
0.26828125
0.26859375
0.26890625
0.26921875
0.26953125
0.26984375
0.27015625
0.27046875
0.27078125
0.27109375
0.27140625
0.27171875
0.27203125
0.27234375
0.27265625
0.27296875
0.27328125
0.27359375
0.27390625
0.27421875
0.27453125
0.27484375
0.27515625
0.27546875
0.27578125
0.27609375
0.27640625
0.27671875
0.27703125
0.27734375
0.27765625
0.27796875
0.27828125
0.27859375
0.27890625
0.27921875
0.27953125
0.27984375
0.28015625
0.28046875
0.28078125
0.28109375
0.28140625
0.28171875
0.28203125
0.28234375
0.28265625
0.28296875
0.28328125
0.28359375
0.28390625
0.28421875
0.28453125
0.28484375
0.28515625
0.28546875
0.28578125
0.28609375
0.28640625
0.28671875
0.28703125
0.28734375
0.28765625
0.28796875
0.28828125
0.28859375
0.28890625
0.28921875
0.28953125
0.28984375
0.29015625
0.29046875
0.29078125
0.29109375
0.29140625
0.29171875
0.29203125
0.29234375
0.29265625
0.29296875
0.29328125
0.29359375
0.29390625
0.29421875
0.29453125
0.29484375
0.29515625
0.29546875
0.29578125
0.29609375
0.29640625
0.29671875
0.29703125
0.29734375
0.29765625
0.29796875
0.29828125
0.29859375
0.29890625
0.29921875
0.29953125
0.29984375
0.30015625
0.30046875
0.30078125
0.30109375
0.30140625
0.30171875
0.30203125
0.30234375
0.30265625
0.30296875
0.30328125
0.30359375
0.30390625
0.30421875
0.30453125
0.30484375
0.30515625
0.30546875
0.30578125
0.30609375
0.30640625
0.30671875
0.30703125
0.30734375
0.30765625
0.30796875
0.30828125
0.30859375
0.30890625
0.30921875
0.30953125
0.30984375
0.31015625
0.31046875
0.31078125
0.31109375
0.31140625
0.31171875
0.31203125
0.31234375
0.31265625
0.31296875
0.31328125
0.31359375
0.31390625
0.31421875
0.31453125
0.31484375
0.31515625
0.31546875
0.31578125
0.31609375
0.31640625
0.31671875
0.31703125
0.31734375
0.31765625
0.31796875
0.31828125
0.31859375
0.31890625
0.31921875
0.31953125
0.31984375
0.32015625
0.32046875
0.32078125
0.32109375
0.32140625
0.32171875
0.32203125
0.32234375
0.32265625
0.32296875
0.32328125
0.32359375
0.32390625
0.32421875
0.32453125
0.32484375
0.32515625
0.32546875
0.32578125
0.32609375
0.32640625
0.32671875
0.32703125
0.32734375
0.32765625
0.32796875
0.32828125
0.32859375
0.32890625
0.32921875
0.32953125
0.32984375
0.33015625
0.33046875
0.33078125
0.33109375
0.33140625
0.33171875
0.33203125
0.33234375
0.33265625
0.33296875
0.33328125
0.33359375
0.33390625
0.33421875
0.33453125
0.33484375
0.33515625
0.33546875
0.33578125
0.33609375
0.33640625
0.33671875
0.33703125
0.33734375
0.33765625
0.33796875
0.33828125
0.33859375
0.33890625
0.33921875
0.33953125
0.33984375
0.34015625
0.34046875
0.34078125
0.34109375
0.34140625
0.34171875
0.34203125
0.34234375
0.34265625
0.34296875
0.34328125
0.34359375
0.34390625
0.34421875
0.34453125
0.34484375
0.34515625
0.34546875
0.34578125
0.34609375
0.34640625
0.34671875
0.34703125
0.34734375
0.34765625
0.34796875
0.34828125
0.34859375
0.34890625
0.34921875
0.34953125
0.34984375
0.35015625
0.35046875
0.35078125
0.35109375
0.35140625
0.35171875
0.35203125
0.35234375
0.35265625
0.35296875
0.35328125
0.35359375
0.35390625
0.35421875
0.35453125
0.35484375
0.35515625
0.35546875
0.35578125
0.35609375
0.35640625
0.35671875
0.35703125
0.35734375
0.35765625
0.35796875
0.35828125
0.35859375
0.35890625
0.35921875
0.35953125
0.35984375
0.36015625
0.36046875
0.36078125
0.36109375
0.36140625
0.36171875
0.36203125
0.36234375
0.36265625
0.36296875
0.36328125
0.36359375
0.36390625
0.36421875
0.36453125
0.36484375
0.36515625
0.36546875
0.36578125
0.36609375
0.36640625
0.36671875
0.36703125
0.36734375
0.36765625
0.36796875
0.36828125
0.36859375
0.36890625
0.36921875
0.36953125
0.36984375
0.37015625
0.37046875
0.37078125
0.37109375
0.37140625
0.37171875
0.37203125
0.37234375
0.37265625
0.37296875
0.37328125
0.37359375
0.37390625
0.37421875
0.37453125
0.37484375
0.37515625
0.37546875
0.37578125
0.37609375
0.37640625
0.37671875
0.37703125
0.37734375
0.37765625
0.37796875
0.37828125
0.37859375
0.37890625
0.37921875
0.37953125
0.37984375
0.38015625
0.38046875
0.38078125
0.38109375
0.38140625
0.38171875
0.38203125
0.38234375
0.38265625
0.38296875
0.38328125
0.38359375
0.38390625
0.38421875
0.38453125
0.38484375
0.38515625
0.38546875
0.38578125
0.38609375
0.38640625
0.38671875
0.38703125
0.38734375
0.38765625
0.38796875
0.38828125
0.38859375
0.38890625
0.38921875
0.38953125
0.38984375
0.39015625
0.39046875
0.39078125
0.39109375
0.39140625
0.39171875
0.39203125
0.39234375
0.39265625
0.39296875
0.39328125
0.39359375
0.39390625
0.39421875
0.39453125
0.39484375
0.39515625
0.39546875
0.39578125
0.39609375
0.39640625
0.39671875
0.39703125
0.39734375
0.39765625
0.39796875
0.39828125
0.39859375
0.39890625
0.39921875
0.39953125
0.39984375
0.40015625
0.40046875
0.40078125
0.40109375
0.40140625
0.40171875
0.40203125
0.40234375
0.40265625
0.40296875
0.40328125
0.40359375
0.40390625
0.40421875
0.40453125
0.40484375
0.40515625
0.40546875
0.40578125
0.40609375
0.40640625
0.40671875
0.40703125
0.40734375
0.40765625
0.40796875
0.40828125
0.40859375
0.40890625
0.40921875
0.40953125
0.40984375
0.41015625
0.41046875
0.41078125
0.41109375
0.41140625
0.41171875
0.41203125
0.41234375
0.41265625
0.41296875
0.41328125
0.41359375
0.41390625
0.41421875
0.41453125
0.41484375
0.41515625
0.41546875
0.41578125
0.41609375
0.41640625
0.41671875
0.41703125
0.41734375
0.41765625
0.41796875
0.41828125
0.41859375
0.41890625
0.41921875
0.41953125
0.41984375
0.42015625
0.42046875
0.42078125
0.42109375
0.42140625
0.42171875
0.42203125
0.42234375
0.42265625
0.42296875
0.42328125
0.42359375
0.42390625
0.42421875
0.42453125
0.42484375
0.42515625
0.42546875
0.42578125
0.42609375
0.42640625
0.42671875
0.42703125
0.42734375
0.42765625
0.42796875
0.42828125
0.42859375
0.42890625
0.42921875
0.42953125
0.42984375
0.43015625
0.43046875
0.43078125
0.43109375
0.43140625
0.43171875
0.43203125
0.43234375
0.43265625
0.43296875
0.43328125
0.43359375
0.43390625
0.43421875
0.43453125
0.43484375
0.43515625
0.43546875
0.43578125
0.43609375
0.43640625
0.43671875
0.43703125
0.43734375
0.43765625
0.43796875
0.43828125
0.43859375
0.43890625
0.43921875
0.43953125
0.43984375
0.44015625
0.44046875
0.44078125
0.44109375
0.44140625
0.44171875
0.44203125
0.44234375
0.44265625
0.44296875
0.44328125
0.44359375
0.44390625
0.44421875
0.44453125
0.44484375
0.44515625
0.44546875
0.44578125
0.44609375
0.44640625
0.44671875
0.44703125
0.44734375
0.44765625
0.44796875
0.44828125
0.44859375
0.44890625
0.44921875
0.44953125
0.44984375
0.45015625
0.45046875
0.45078125
0.45109375
0.45140625
0.45171875
0.45203125
0.45234375
0.45265625
0.45296875
0.45328125
0.45359375
0.45390625
0.45421875
0.45453125
0.45484375
0.45515625
0.45546875
0.45578125
0.45609375
0.45640625
0.45671875
0.45703125
0.45734375
0.45765625
0.45796875
0.45828125
0.45859375
0.45890625
0.45921875
0.45953125
0.45984375
0.46015625
0.46046875
0.46078125
0.46109375
0.46140625
0.46171875
0.46203125
0.46234375
0.46265625
0.46296875
0.46328125
0.46359375
0.46390625
0.46421875
0.46453125
0.46484375
0.46515625
0.46546875
0.46578125
0.46609375
0.46640625
0.46671875
0.46703125
0.46734375
0.46765625
0.46796875
0.46828125
0.46859375
0.46890625
0.46921875
0.46953125
0.46984375
0.47015625
0.47046875
0.47078125
0.47109375
0.47140625
0.47171875
0.47203125
0.47234375
0.47265625
0.47296875
0.47328125
0.47359375
0.47390625
0.47421875
0.47453125
0.47484375
0.47515625
0.47546875
0.47578125
0.47609375
0.47640625
0.47671875
0.47703125
0.47734375
0.47765625
0.47796875
0.47828125
0.47859375
0.47890625
0.47921875
0.47953125
0.47984375
0.48015625
0.48046875
0.48078125
0.48109375
0.48140625
0.48171875
0.48203125
0.48234375
0.48265625
0.48296875
0.48328125
0.48359375
0.48390625
0.48421875
0.48453125
0.48484375
0.48515625
0.48546875
0.48578125
0.48609375
0.48640625
0.48671875
0.48703125
0.48734375
0.48765625
0.48796875
0.48828125
0.48859375
0.48890625
0.48921875
0.48953125
0.48984375
0.49015625
0.49046875
0.49078125
0.49109375
0.49140625
0.49171875
0.49203125
0.49234375
0.49265625
0.49296875
0.49328125
0.49359375
0.49390625
0.49421875
0.49453125
0.49484375
0.49515625
0.49546875
0.49578125
0.49609375
0.49640625
0.49671875
0.49703125
0.49734375
0.49765625
0.49796875
0.49828125
0.49859375
0.49890625
0.49921875
0.49953125
0.49984375
0.50015625
0.50046875
0.50078125
0.50109375
0.5014062499999999
0.50171875
0.50203125
0.50234375
0.50265625
0.50296875
0.50328125
0.50359375
0.50390625
0.5042187499999999
0.50453125
0.50484375
0.50515625
0.50546875
0.50578125
0.50609375
0.5064062499999999
0.50671875
0.50703125
0.50734375
0.50765625
0.50796875
0.50828125
0.50859375
0.50890625
0.5092187499999999
0.50953125
0.50984375
0.51015625
0.51046875
0.51078125
0.51109375
0.51140625
0.51171875
0.5120312499999999
0.51234375
0.51265625
0.51296875
0.51328125
0.51359375
0.51390625
0.5142187499999999
0.51453125
0.51484375
0.51515625
0.51546875
0.51578125
0.51609375
0.51640625
0.51671875
0.5170312499999999
0.51734375
0.51765625
0.51796875
0.51828125
0.51859375
0.51890625
0.51921875
0.51953125
0.5198437499999999
0.52015625
0.52046875
0.52078125
0.52109375
0.52140625
0.52171875
0.5220312499999999
0.52234375
0.52265625
0.52296875
0.52328125
0.52359375
0.52390625
0.52421875
0.52453125
0.5248437499999999
0.52515625
0.52546875
0.52578125
0.52609375
0.52640625
0.52671875
0.52703125
0.52734375
0.5276562499999999
0.52796875
0.52828125
0.52859375
0.52890625
0.52921875
0.52953125
0.5298437499999999
0.53015625
0.53046875
0.53078125
0.53109375
0.53140625
0.53171875
0.53203125
0.53234375
0.5326562499999999
0.53296875
0.53328125
0.53359375
0.53390625
0.53421875
0.53453125
0.53484375
0.53515625
0.53546875
0.53578125
0.53609375
0.53640625
0.53671875
0.53703125
0.53734375
0.5376562499999999
0.53796875
0.53828125
0.53859375
0.53890625
0.53921875
0.53953125
0.53984375
0.54015625
0.5404687499999999
0.54078125
0.54109375
0.54140625
0.54171875
0.54203125
0.54234375
0.54265625
0.54296875
0.54328125
0.54359375
0.54390625
0.54421875
0.54453125
0.54484375
0.54515625
0.5454687499999999
0.54578125
0.54609375
0.54640625
0.54671875
0.54703125
0.54734375
0.54765625
0.54796875
0.5482812499999999
0.54859375
0.54890625
0.54921875
0.54953125
0.54984375
0.55015625
0.55046875
0.55078125
0.55109375
0.55140625
0.55171875
0.55203125
0.55234375
0.55265625
0.55296875
0.5532812499999999
0.55359375
0.55390625
0.55421875
0.55453125
0.55484375
0.55515625
0.55546875
0.55578125
0.5560937499999999
0.55640625
0.55671875
0.55703125
0.55734375
0.55765625
0.55796875
0.55828125
0.55859375
0.55890625
0.55921875
0.55953125
0.55984375
0.56015625
0.56046875
0.56078125
0.5610937499999999
0.56140625
0.56171875
0.56203125
0.56234375
0.56265625
0.56296875
0.56328125
0.56359375
0.5639062499999999
0.56421875
0.56453125
0.56484375
0.56515625
0.56546875
0.56578125
0.56609375
0.56640625
0.56671875
0.56703125
0.56734375
0.56765625
0.56796875
0.56828125
0.56859375
0.5689062499999999
0.56921875
0.56953125
0.56984375
0.57015625
0.57046875
0.57078125
0.57109375
0.57140625
0.5717187499999999
0.57203125
0.57234375
0.57265625
0.57296875
0.57328125
0.57359375
0.57390625
0.57421875
0.57453125
0.57484375
0.57515625
0.57546875
0.57578125
0.57609375
0.57640625
0.5767187499999999
0.57703125
0.57734375
0.57765625
0.57796875
0.57828125
0.57859375
0.57890625
0.57921875
0.5795312499999999
0.57984375
0.58015625
0.58046875
0.58078125
0.58109375
0.58140625
0.58171875
0.58203125
0.58234375
0.58265625
0.58296875
0.58328125
0.58359375
0.58390625
0.58421875
0.5845312499999999
0.58484375
0.58515625
0.58546875
0.58578125
0.58609375
0.58640625
0.58671875
0.58703125
0.5873437499999999
0.58765625
0.58796875
0.58828125
0.58859375
0.58890625
0.58921875
0.58953125
0.58984375
0.59015625
0.59046875
0.59078125
0.59109375
0.59140625
0.59171875
0.59203125
0.5923437499999999
0.59265625
0.59296875
0.59328125
0.59359375
0.59390625
0.59421875
0.59453125
0.59484375
0.5951562499999999
0.59546875
0.59578125
0.59609375
0.59640625
0.59671875
0.59703125
0.59734375
0.59765625
0.59796875
0.59828125
0.59859375
0.59890625
0.59921875
0.59953125
0.59984375
0.6001562499999999
0.60046875
0.60078125
0.60109375
0.60140625
0.60171875
0.60203125
0.60234375
0.60265625
0.6029687499999999
0.60328125
0.60359375
0.60390625
0.60421875
0.60453125
0.60484375
0.60515625
0.60546875
0.60578125
0.60609375
0.60640625
0.60671875
0.60703125
0.60734375
0.60765625
0.6079687499999999
0.60828125
0.60859375
0.60890625
0.60921875
0.60953125
0.60984375
0.61015625
0.61046875
0.6107812499999999
0.61109375
0.61140625
0.61171875
0.61203125
0.61234375
0.61265625
0.61296875
0.61328125
0.61359375
0.61390625
0.61421875
0.61453125
0.61484375
0.61515625
0.61546875
0.6157812499999999
0.61609375
0.61640625
0.61671875
0.61703125
0.61734375
0.61765625
0.61796875
0.61828125
0.6185937499999999
0.61890625
0.61921875
0.61953125
0.61984375
0.62015625
0.62046875
0.62078125
0.62109375
0.62140625
0.62171875
0.62203125
0.62234375
0.62265625
0.62296875
0.62328125
0.6235937499999999
0.62390625
0.62421875
0.62453125
0.62484375
0.62515625
0.62546875
0.62578125
0.62609375
0.6264062499999999
0.62671875
0.62703125
0.62734375
0.62765625
0.62796875
0.62828125
0.62859375
0.62890625
0.62921875
0.62953125
0.62984375
0.63015625
0.63046875
0.63078125
0.63109375
0.6314062499999999
0.63171875
0.63203125
0.63234375
0.63265625
0.63296875
0.63328125
0.63359375
0.63390625
0.6342187499999999
0.63453125
0.63484375
0.63515625
0.63546875
0.63578125
0.63609375
0.63640625
0.63671875
0.63703125
0.63734375
0.63765625
0.63796875
0.63828125
0.63859375
0.63890625
0.6392187499999999
0.63953125
0.63984375
0.64015625
0.64046875
0.64078125
0.64109375
0.64140625
0.64171875
0.6420312499999999
0.64234375
0.64265625
0.64296875
0.64328125
0.64359375
0.64390625
0.64421875
0.64453125
0.64484375
0.64515625
0.64546875
0.64578125
0.64609375
0.64640625
0.64671875
0.6470312499999999
0.64734375
0.64765625
0.64796875
0.64828125
0.64859375
0.64890625
0.64921875
0.64953125
0.6498437499999999
0.65015625
0.65046875
0.65078125
0.65109375
0.65140625
0.65171875
0.65203125
0.65234375
0.65265625
0.65296875
0.65328125
0.65359375
0.65390625
0.65421875
0.65453125
0.6548437499999999
0.65515625
0.65546875
0.65578125
0.65609375
0.65640625
0.65671875
0.65703125
0.65734375
0.6576562499999999
0.65796875
0.65828125
0.65859375
0.65890625
0.65921875
0.65953125
0.65984375
0.66015625
0.66046875
0.66078125
0.66109375
0.66140625
0.66171875
0.66203125
0.66234375
0.6626562499999999
0.66296875
0.66328125
0.66359375
0.66390625
0.66421875
0.66453125
0.66484375
0.66515625
0.6654687499999999
0.66578125
0.66609375
0.66640625
0.66671875
0.66703125
0.66734375
0.66765625
0.66796875
0.66828125
0.66859375
0.66890625
0.66921875
0.66953125
0.66984375
0.67015625
0.6704687499999999
0.67078125
0.67109375
0.67140625
0.67171875
0.67203125
0.67234375
0.67265625
0.67296875
0.6732812499999999
0.67359375
0.67390625
0.67421875
0.67453125
0.67484375
0.67515625
0.67546875
0.67578125
0.67609375
0.67640625
0.67671875
0.67703125
0.67734375
0.67765625
0.67796875
0.6782812499999999
0.67859375
0.67890625
0.67921875
0.67953125
0.67984375
0.68015625
0.68046875
0.68078125
0.6810937499999999
0.68140625
0.68171875
0.68203125
0.68234375
0.68265625
0.68296875
0.68328125
0.68359375
0.68390625
0.68421875
0.68453125
0.68484375
0.68515625
0.68546875
0.68578125
0.6860937499999999
0.68640625
0.68671875
0.68703125
0.68734375
0.68765625
0.68796875
0.68828125
0.68859375
0.6889062499999999
0.68921875
0.68953125
0.68984375
0.69015625
0.69046875
0.69078125
0.69109375
0.69140625
0.69171875
0.69203125
0.69234375
0.69265625
0.69296875
0.69328125
0.69359375
0.6939062499999999
0.69421875
0.69453125
0.69484375
0.69515625
0.69546875
0.69578125
0.69609375
0.69640625
0.6967187499999999
0.69703125
0.69734375
0.69765625
0.69796875
0.69828125
0.69859375
0.69890625
0.69921875
0.69953125
0.69984375
0.70015625
0.70046875
0.70078125
0.70109375
0.70140625
0.7017187499999999
0.70203125
0.70234375
0.70265625
0.70296875
0.70328125
0.70359375
0.70390625
0.70421875
0.7045312499999999
0.70484375
0.70515625
0.70546875
0.70578125
0.70609375
0.70640625
0.70671875
0.70703125
0.70734375
0.70765625
0.70796875
0.70828125
0.70859375
0.70890625
0.70921875
0.7095312499999999
0.70984375
0.71015625
0.71046875
0.71078125
0.71109375
0.71140625
0.71171875
0.71203125
0.7123437499999999
0.71265625
0.71296875
0.71328125
0.71359375
0.71390625
0.71421875
0.71453125
0.71484375
0.71515625
0.71546875
0.71578125
0.71609375
0.71640625
0.71671875
0.71703125
0.7173437499999999
0.71765625
0.71796875
0.71828125
0.71859375
0.71890625
0.71921875
0.71953125
0.71984375
0.7201562499999999
0.72046875
0.72078125
0.72109375
0.72140625
0.72171875
0.72203125
0.72234375
0.72265625
0.72296875
0.72328125
0.72359375
0.72390625
0.72421875
0.72453125
0.72484375
0.7251562499999999
0.72546875
0.72578125
0.72609375
0.72640625
0.72671875
0.72703125
0.72734375
0.72765625
0.7279687499999999
0.72828125
0.72859375
0.72890625
0.72921875
0.72953125
0.72984375
0.73015625
0.73046875
0.73078125
0.73109375
0.73140625
0.73171875
0.73203125
0.73234375
0.73265625
0.7329687499999999
0.73328125
0.73359375
0.73390625
0.73421875
0.73453125
0.73484375
0.73515625
0.73546875
0.7357812499999999
0.73609375
0.73640625
0.73671875
0.73703125
0.73734375
0.73765625
0.73796875
0.73828125
0.73859375
0.73890625
0.73921875
0.73953125
0.73984375
0.74015625
0.74046875
0.7407812499999999
0.74109375
0.74140625
0.74171875
0.74203125
0.74234375
0.74265625
0.74296875
0.74328125
0.7435937499999999
0.74390625
0.74421875
0.74453125
0.74484375
0.74515625
0.74546875
0.74578125
0.74609375
0.74640625
0.74671875
0.74703125
0.74734375
0.74765625
0.74796875
0.74828125
0.7485937499999999
0.74890625
0.74921875
0.74953125
0.74984375
0.75015625
0.75046875
0.75078125
0.75109375
0.7514062500000001
0.75171875
0.75203125
0.75234375
0.75265625
0.75296875
0.75328125
0.75359375
0.75390625
0.75421875
0.75453125
0.75484375
0.75515625
0.75546875
0.75578125
0.75609375
0.7564062499999999
0.75671875
0.75703125
0.75734375
0.75765625
0.75796875
0.75828125
0.75859375
0.75890625
0.7592187500000001
0.75953125
0.75984375
0.76015625
0.76046875
0.76078125
0.76109375
0.76140625
0.76171875
0.76203125
0.76234375
0.76265625
0.76296875
0.76328125
0.76359375
0.76390625
0.7642187499999999
0.76453125
0.76484375
0.76515625
0.76546875
0.76578125
0.76609375
0.76640625
0.76671875
0.7670312500000001
0.76734375
0.76765625
0.76796875
0.76828125
0.76859375
0.76890625
0.76921875
0.76953125
0.76984375
0.77015625
0.77046875
0.77078125
0.77109375
0.77140625
0.77171875
0.7720312499999999
0.77234375
0.77265625
0.77296875
0.77328125
0.77359375
0.77390625
0.77421875
0.77453125
0.7748437500000001
0.77515625
0.77546875
0.77578125
0.77609375
0.77640625
0.77671875
0.77703125
0.77734375
0.77765625
0.77796875
0.77828125
0.77859375
0.77890625
0.77921875
0.77953125
0.7798437499999999
0.78015625
0.78046875
0.78078125
0.78109375
0.78140625
0.78171875
0.78203125
0.78234375
0.7826562500000001
0.78296875
0.78328125
0.78359375
0.78390625
0.78421875
0.78453125
0.78484375
0.78515625
0.78546875
0.78578125
0.78609375
0.78640625
0.78671875
0.78703125
0.78734375
0.7876562499999999
0.78796875
0.78828125
0.78859375
0.78890625
0.78921875
0.78953125
0.78984375
0.79015625
0.7904687500000001
0.79078125
0.79109375
0.79140625
0.79171875
0.79203125
0.79234375
0.79265625
0.79296875
0.79328125
0.79359375
0.79390625
0.79421875
0.79453125
0.79484375
0.79515625
0.7954687499999999
0.79578125
0.79609375
0.79640625
0.79671875
0.79703125
0.79734375
0.79765625
0.79796875
0.7982812500000001
0.79859375
0.79890625
0.79921875
0.79953125
0.79984375
0.80015625
0.80046875
0.80078125
0.80109375
0.80140625
0.80171875
0.80203125
0.80234375
0.80265625
0.80296875
0.8032812499999999
0.80359375
0.80390625
0.80421875
0.80453125
0.80484375
0.80515625
0.80546875
0.80578125
0.8060937500000001
0.80640625
0.80671875
0.80703125
0.80734375
0.80765625
0.80796875
0.80828125
0.80859375
0.80890625
0.80921875
0.80953125
0.80984375
0.81015625
0.81046875
0.81078125
0.8110937499999999
0.81140625
0.81171875
0.81203125
0.81234375
0.81265625
0.81296875
0.81328125
0.81359375
0.8139062500000001
0.81421875
0.81453125
0.81484375
0.81515625
0.81546875
0.81578125
0.81609375
0.81640625
0.81671875
0.81703125
0.81734375
0.81765625
0.81796875
0.81828125
0.81859375
0.8189062499999999
0.81921875
0.81953125
0.81984375
0.82015625
0.82046875
0.82078125
0.82109375
0.82140625
0.8217187500000001
0.82203125
0.82234375
0.82265625
0.82296875
0.82328125
0.82359375
0.82390625
0.82421875
0.82453125
0.82484375
0.82515625
0.82546875
0.82578125
0.82609375
0.82640625
0.8267187499999999
0.82703125
0.82734375
0.82765625
0.82796875
0.82828125
0.82859375
0.82890625
0.82921875
0.8295312500000001
0.82984375
0.83015625
0.83046875
0.83078125
0.83109375
0.83140625
0.83171875
0.83203125
0.83234375
0.83265625
0.83296875
0.83328125
0.83359375
0.83390625
0.83421875
0.8345312499999999
0.83484375
0.83515625
0.83546875
0.83578125
0.83609375
0.83640625
0.83671875
0.83703125
0.8373437500000001
0.83765625
0.83796875
0.83828125
0.83859375
0.83890625
0.83921875
0.83953125
0.83984375
0.84015625
0.84046875
0.84078125
0.84109375
0.84140625
0.84171875
0.84203125
0.8423437499999999
0.84265625
0.84296875
0.84328125
0.84359375
0.84390625
0.84421875
0.84453125
0.84484375
0.8451562500000001
0.84546875
0.84578125
0.84609375
0.84640625
0.84671875
0.84703125
0.84734375
0.84765625
0.84796875
0.84828125
0.84859375
0.84890625
0.84921875
0.84953125
0.84984375
0.8501562499999999
0.85046875
0.85078125
0.85109375
0.85140625
0.85171875
0.85203125
0.85234375
0.85265625
0.8529687500000001
0.85328125
0.85359375
0.85390625
0.85421875
0.85453125
0.85484375
0.85515625
0.85546875
0.85578125
0.85609375
0.85640625
0.85671875
0.85703125
0.85734375
0.85765625
0.8579687499999999
0.85828125
0.85859375
0.85890625
0.85921875
0.85953125
0.85984375
0.86015625
0.86046875
0.8607812500000001
0.86109375
0.86140625
0.86171875
0.86203125
0.86234375
0.86265625
0.86296875
0.86328125
0.86359375
0.86390625
0.86421875
0.86453125
0.86484375
0.86515625
0.86546875
0.8657812499999999
0.86609375
0.86640625
0.86671875
0.86703125
0.86734375
0.86765625
0.86796875
0.86828125
0.8685937500000001
0.86890625
0.86921875
0.86953125
0.86984375
0.87015625
0.87046875
0.87078125
0.87109375
0.87140625
0.87171875
0.87203125
0.87234375
0.87265625
0.87296875
0.87328125
0.8735937499999999
0.87390625
0.87421875
0.87453125
0.87484375
0.87515625
0.87546875
0.87578125
0.87609375
0.8764062500000001
0.87671875
0.87703125
0.87734375
0.87765625
0.87796875
0.87828125
0.87859375
0.87890625
0.87921875
0.87953125
0.87984375
0.88015625
0.88046875
0.88078125
0.88109375
0.8814062499999999
0.88171875
0.88203125
0.88234375
0.88265625
0.88296875
0.88328125
0.88359375
0.88390625
0.8842187500000001
0.88453125
0.88484375
0.88515625
0.88546875
0.88578125
0.88609375
0.88640625
0.88671875
0.88703125
0.88734375
0.88765625
0.88796875
0.88828125
0.88859375
0.88890625
0.8892187499999999
0.88953125
0.88984375
0.89015625
0.89046875
0.89078125
0.89109375
0.89140625
0.89171875
0.8920312500000001
0.89234375
0.89265625
0.89296875
0.89328125
0.89359375
0.89390625
0.89421875
0.89453125
0.89484375
0.89515625
0.89546875
0.89578125
0.89609375
0.89640625
0.89671875
0.8970312499999999
0.89734375
0.89765625
0.89796875
0.89828125
0.89859375
0.89890625
0.89921875
0.89953125
0.8998437500000001
0.90015625
0.90046875
0.90078125
0.90109375
0.90140625
0.90171875
0.90203125
0.90234375
0.90265625
0.90296875
0.90328125
0.90359375
0.90390625
0.90421875
0.90453125
0.9048437499999999
0.90515625
0.90546875
0.90578125
0.90609375
0.90640625
0.90671875
0.90703125
0.90734375
0.9076562500000001
0.90796875
0.90828125
0.90859375
0.90890625
0.90921875
0.90953125
0.90984375
0.91015625
0.91046875
0.91078125
0.91109375
0.91140625
0.91171875
0.91203125
0.91234375
0.9126562499999999
0.91296875
0.91328125
0.91359375
0.91390625
0.91421875
0.91453125
0.91484375
0.91515625
0.9154687500000001
0.91578125
0.91609375
0.91640625
0.91671875
0.91703125
0.91734375
0.91765625
0.91796875
0.91828125
0.91859375
0.91890625
0.91921875
0.91953125
0.91984375
0.92015625
0.9204687499999999
0.92078125
0.92109375
0.92140625
0.92171875
0.92203125
0.92234375
0.92265625
0.92296875
0.9232812500000001
0.92359375
0.92390625
0.92421875
0.92453125
0.92484375
0.92515625
0.92546875
0.92578125
0.92609375
0.92640625
0.92671875
0.92703125
0.92734375
0.92765625
0.92796875
0.9282812499999999
0.92859375
0.92890625
0.92921875
0.92953125
0.92984375
0.93015625
0.93046875
0.93078125
0.9310937500000001
0.93140625
0.93171875
0.93203125
0.93234375
0.93265625
0.93296875
0.93328125
0.93359375
0.93390625
0.93421875
0.93453125
0.93484375
0.93515625
0.93546875
0.93578125
0.9360937499999999
0.93640625
0.93671875
0.93703125
0.93734375
0.93765625
0.93796875
0.93828125
0.93859375
0.9389062500000001
0.93921875
0.93953125
0.93984375
0.94015625
0.94046875
0.94078125
0.94109375
0.94140625
0.94171875
0.94203125
0.94234375
0.94265625
0.94296875
0.94328125
0.94359375
0.9439062499999999
0.94421875
0.94453125
0.94484375
0.94515625
0.94546875
0.94578125
0.94609375
0.94640625
0.9467187500000001
0.94703125
0.94734375
0.94765625
0.94796875
0.94828125
0.94859375
0.94890625
0.94921875
0.94953125
0.94984375
0.95015625
0.95046875
0.95078125
0.95109375
0.95140625
0.9517187499999999
0.95203125
0.95234375
0.95265625
0.95296875
0.95328125
0.95359375
0.95390625
0.95421875
0.9545312500000001
0.95484375
0.95515625
0.95546875
0.95578125
0.95609375
0.95640625
0.95671875
0.95703125
0.95734375
0.95765625
0.95796875
0.95828125
0.95859375
0.95890625
0.95921875
0.9595312499999999
0.95984375
0.96015625
0.96046875
0.96078125
0.96109375
0.96140625
0.96171875
0.96203125
0.9623437500000001
0.96265625
0.96296875
0.96328125
0.96359375
0.96390625
0.96421875
0.96453125
0.96484375
0.96515625
0.96546875
0.96578125
0.96609375
0.96640625
0.96671875
0.96703125
0.9673437500000001
0.96765625
0.96796875
0.96828125
0.96859375
0.96890625
0.96921875
0.96953125
0.96984375
0.9701562500000001
0.97046875
0.97078125
0.97109375
0.97140625
0.97171875
0.97203125
0.97234375
0.97265625
0.97296875
0.97328125
0.97359375
0.97390625
0.97421875
0.97453125
0.97484375
0.9751562500000001
0.97546875
0.97578125
0.97609375
0.97640625
0.97671875
0.97703125
0.97734375
0.97765625
0.9779687500000001
0.97828125
0.97859375
0.97890625
0.97921875
0.97953125
0.97984375
0.98015625
0.98046875
0.98078125
0.98109375
0.98140625
0.98171875
0.98203125
0.98234375
0.98265625
0.9829687500000001
0.98328125
0.98359375
0.98390625
0.98421875
0.98453125
0.98484375
0.98515625
0.98546875
0.9857812500000001
0.98609375
0.98640625
0.98671875
0.98703125
0.98734375
0.98765625
0.98796875
0.98828125
0.98859375
0.98890625
0.98921875
0.98953125
0.98984375
0.99015625
0.99046875
0.9907812500000001
0.99109375
0.99140625
0.99171875
0.99203125
0.99234375
0.99265625
0.99296875
0.99328125
0.9935937500000001
0.99390625
0.99421875
0.99453125
0.99484375
0.99515625
0.99546875
0.99578125
0.99609375
0.99640625
0.99671875
0.99703125
0.99734375
0.99765625
0.99796875
0.99828125
0.9985937500000001
0.99890625
0.99921875
0.99953125
0.9998437499999999
