0
0.001056442818410646
0.002015300620942469
0.002929524250096922
0.003799532011706682
0.004637903342135983
0.005457457456850999
0.006262780297846266
0.00705578408599585
0.007838715830952126
0.008614252318311292
0.009384977290756364
0.01015289507424706
0.01092013663661721
0.01168257136466794
0.01244052185707359
0.01320043104859404
0.01396951464428116
0.01475307472485138
0.01555000581809782
0.01636078442609067
0.01719023480813266
0.01803839101947354
0.01890524487841436
0.01979189688762716
0.02069880025777951
0.02162572297897192
0.02257315444631995
0.02353987165200989
0.02452417974226154
0.02552614512912324
0.02654550181027445
0.02758179050615486
0.02863453927565731
0.0297036499309053
0.03078895863523202
0.03188988397459146
0.03300552090972618
0.03413488401312059
0.03527672606903873
0.03642967927992259
0.03759217807612238
0.03876260245057042
0.0399393480037576
0.04112094029716826
0.04230614682008952
0.04349383656215794
0.04468302721748939
0.0458729595618897
0.04706297149974781
0.04825257708984666
0.04944146355399844
0.05062952058060927
0.05181678480455271
0.0530034446456461
0.05418877138773581
0.05537248120979241
0.05655485514116546
0.05773633096828733
0.05891723570059716
0.06009792107987233
0.06127878458179056
0.06246040690960393
0.06364347545296029
0.064828678631529
0.06601665171049559
0.06720771230921342
0.06840198549106072
0.0695974601135077
0.07079449845409939
0.07199360152842708
0.07319516526769566
0.07439936268586321
0.07560624815559241
0.07681587785447309
0.0780283263931459
0.07924370438971728
0.08046214545115349
0.08168379838806802
0.08290882088111644
0.0841373800322506
0.0853696100952645
0.08660530648698771
0.087843608416038
0.0890845746130849
0.09032827374074939
0.09157478175510726
0.09282415261193692
0.09407644606411472
0.09533171293141664
0.0965899865828652
0.09785128514953967
0.09911560123694141
0.1003829074569483
0.101653165061129
0.1029263324921322
0.1042023725665277
0.1054812575206064
0.1067629715803579
0.1080475111369616
0.1093342536574623
0.1106230821604068
0.111914012962449
0.1132070609897626
0.1145022281571702
0.1157995160667702
0.1170989400684658
0.1184005371061333
0.1197043509232003
0.1210104218917331
0.1223187823412282
0.1236294571243574
0.1249424648521539
0.1262578191782565
0.1275755303689617
0.1288956068152031
0.1302180574744549
0.1315428918458629
0.1328701205747236
0.1341996960944396
0.1355310467502077
0.1368641643437477
0.1381990465133474
0.1395356809097658
0.1408740641101791
0.1422141932939171
0.1435560784646586
0.1448997304817444
0.1462451580571119
0.1475923674123516
0.1489413612230809
0.1502921387601182
0.1516446988821687
0.1529990433819361
0.1543551780631421
0.1557131125240842
0.1570728590897064
0.1584344315108109
0.1597978438409294
0.1611631096764934
0.1625302425044953
0.1638990383865095
0.1652692533348888
0.1666409012379732
0.1680140004471179
0.1693885738024872
0.1707646431455275
0.1721422296496759
0.1735213496016829
0.1749019921585234
0.1762841484428662
0.1776678160393601
0.1790529977302979
0.1804396999658667
0.1818279314597714
0.1832177025522718
0.1846090245681546
0.1860019082905373
0.1873963639383449
0.1887924015424076
0.1901900337115666
0.1915892756762833
0.1929901454965218
0.1943926686879645
0.1957965374644182
0.1972017454661989
0.1986083001087776
0.2000162086896619
0.2014254750310712
0.202836099615193
0.2042480809885458
0.2056614178038789
0.2070761012831117
0.2084921097762536
0.2099094261605821
0.2113280383283899
0.2127479383632126
0.2141691215213398
0.215591585297001
0.2170153286652605
0.2184403515252056
0.219866654331699
0.2212942378818749
0.2227231032087302
0.2241532515298078
0.2255846842733183
0.2270174105938977
0.2284514449999009
0.2298867691139148
0.2313230736741603
0.2327603846351068
0.2341987261825814
0.2356381170924724
0.2370785710552201
0.2385200982354237
0.2399627071931127
0.2414064064711783
0.2428512056082591
0.2442971155900887
0.2457441488895021
0.2471923192828716
0.2486416420150279
0.2500921336074294
0.2515437982177262
0.2529966257770953
0.2544506089331114
0.2559057448526111
0.2573620343240306
0.2588194806775631
0.2602780889509869
0.2617378653503766
0.2631988167609914
0.2646609549999116
0.2661243012325614
0.2675888719347535
0.269054384103039
0.2705208409095908
0.2719882734907415
0.2734567065676326
0.274926155751787
0.2763966283713892
0.2778681259093774
0.2793406466464524
0.2808141880063807
0.2822887482296276
0.2837643273162457
0.285240927345473
0.2867185523541635
0.2881972079677191
0.2896769009492405
0.2911576270836693
0.2926393724696075
0.2941221262201356
0.2956058809088705
0.2970906318731014
0.2985763767500403
0.3000631152370992
0.3015508488916182
0.303039580837814
0.3045293153391856
0.3060200587949591
0.307511827768929
0.309004640129726
0.3104983018529542
0.3119927531956262
0.3134880225626982
0.3149841338407571
0.3164811047716145
0.3179789473600484
0.3194776692626659
0.3209772754866428
0.3224777698511888
0.3239791560681035
0.3254814384178059
0.3269846220054294
0.3284887126894214
0.3299937168029252
0.331499640794122
0.3330064908910873
0.3345142722460873
0.3360229772373527
0.3375325911675393
0.339043101855338
0.3405545008082228
0.3420667825768804
0.3435799446784948
0.3450939862606811
0.3466089078859049
0.3481247114985348
0.349641400208127
0.3511589791552238
0.3526774628948519
0.3541968686966437
0.355717121099826
0.3572380485472951
0.3587596750184305
0.3602820237422951
0.3618051145837551
0.3633289632168604
0.3648535813656819
0.3663789776602177
0.367905158650153
0.369432129818691
0.3709598963777972
0.3724884637806283
0.3740178379592911
0.3755480253504275
0.3770790327929328
0.3786108673755546
0.3801435362902721
0.3816770467221146
0.3832114057850551
0.3847466152652241
0.3862826638119046
0.3878195413765657
0.3893572410779287
0.3908957587849727
0.3924350926813713
0.3939752429416321
0.3955162114266718
0.3970580013258858
0.3986006170440745
0.4001440700088632
0.4016883763569489
0.4032335208803546
0.4047793049123503
0.4063257527592888
0.4078728869036843
0.4094207264342454
0.4109692858116242
0.4125185750821909
0.4140686007443773
0.4156193669175909
0.4171708764158424
0.418723131637286
0.4202761351281994
0.4218298898377371
0.4233843991267594
0.4249396666234857
0.4264956960188768
0.4280524908735858
0.4296100544787465
0.4311683897850478
0.4327274981296027
0.4342873698968415
0.4358479921157475
0.4374093542333026
0.4389714484179152
0.440534269154843
0.4420978129081537
0.4436620776738321
0.4452270627303394
0.4467927682149511
0.4483591947500192
0.4499263431318167
0.451494216907006
0.4530628249148729
0.4546321780289251
0.4562021745569173
0.4577727288319075
0.4593438556672143
0.4609155694075773
0.4624878822775663
0.4640608037098618
0.4656343404774225
0.4672084972516479
0.4687832773094369
0.4703586831939626
0.4719347172242591
0.473511381823272
0.4750886796593897
0.476666613722366
0.4782451873230548
0.4798244040297591
0.4814042675565491
0.4829847816293475
0.4845659498598252
0.4861477756510591
0.4877302621473676
0.4893134122291947
0.4908972213673171
0.4924816781566351
0.4940667727674573
0.4956524980519973
0.4972388492090142
0.4988258234205169
0.5004134195402652
0.5020016377675128
0.5035904792885693
0.5051799459144869
0.5067700397590643
0.5083607662632618
0.5099521358433653
0.5115441662912998
0.5131366708183622
0.5147296591676678
0.5163231464104547
0.5179171483413031
0.5195116794534793
0.5211067521280468
0.5227023760416709
0.5242985582061326
0.5258953034725455
0.5274926152448977
0.5290904961884029
0.5306889487956067
0.5322879757513305
0.5338875800837216
0.5354877652159108
0.5370885349234609
0.5386898932289695
0.5402918442621607
0.5418943921160889
0.5434975407273247
0.5451012937981838
0.5467056538128138
0.5483106141991593
0.5499161652055141
0.5515222991004758
0.5531290105259841
0.5547362961900933
0.5563441545532989
0.5579525855128199
0.559561590052253
0.5611711698721322
0.5627813270452898
0.5643920637409001
0.5660033824445849
0.5676152902482325
0.5692277980777594
0.5708408124638048
0.5724542852648041
0.5740682302711383
0.5756826609384056
0.5772975892541011
0.5789130249479594
0.5805289755614506
0.5821454465210211
0.5837624415399849
0.5853799632020018
0.5869980135480204
0.588616594547191
0.5902357084000576
0.5918553576775042
0.5934755453188298
0.5950962745671488
0.5967175489001421
0.5983393719387585
0.5999617473452703
0.6015846787195867
0.6032081695063926
0.6048322229244008
0.6064568353553124
0.6080819979267028
0.6097077030666044
0.6113339452398788
0.6129607207148849
0.6145880272795676
0.6162158639611067
0.6178442307201087
0.6194731281315522
0.6211025570920571
0.6227325185936686
0.6243630135865625
0.6259940429289399
0.6276256076647859
0.6292577126314874
0.6308903660450799
0.6325234795640785
0.6341570247403984
0.6357910127553096
0.6374254539176104
0.6390603567338381
0.6406957279248265
0.6423315726041797
0.6439678947168512
0.6456046972474669
0.6472419824701291
0.6488797522549182
0.6505180083556427
0.6521567526248595
0.6537959871352877
0.6554357142144068
0.6570759364159622
0.6587166564453949
0.660357877092586
0.6619996011885749
0.6636418315648914
0.6652845710114949
0.6669278222324823
0.668571586258098
0.6702158558536258
0.6718606235186605
0.6735058835949996
0.6751516321577871
0.6767978667483769
0.6784445861162379
0.6800917899447925
0.6817394785595582
0.6833876526485468
0.6850363130340317
0.6866854605237461
0.6883350958479649
0.6899852196676641
0.6916358326257251
0.6932869359982242
0.6949385349875953
0.6965906111772168
0.6982430836800935
0.699895963032338
0.7015492587303284
0.7032029788225799
0.7048571295756402
0.7065117155656533
0.708166740395372
0.7098222069232087
0.7114781176621503
0.7131344747764989
0.714791280131752
0.7164485354138755
0.7181062422703701
0.7197644024294901
0.7214230177723528
0.7230820903528636
0.7247416223754028
0.7264016161475992
0.7280620740123851
0.7297229983124495
0.7313843913708139
0.7330462554919064
0.7347085879312608
0.7363713818204872
0.7380346313180601
0.7396983322225198
0.7413624817774884
0.7430270784230906
0.7446921215462862
0.7463576112154673
0.7480235479144118
0.7496899323090674
0.7513567650782292
0.7530240468231147
0.7546917780508932
0.7563599592116829
0.7580285907616494
0.7596976732265829
0.7613672074890083
0.7630371974016213
0.7647076163460667
0.7663784106374316
0.768049589158797
0.7697211592631941
0.7713931268335473
0.7730654962191528
0.7747382705424349
0.7764114520998499
0.7780850430417054
0.7797590454818323
0.7814334616767884
0.7831082937777486
0.784783543692985
0.7864592130995788
0.7881353035448787
0.7898118165701575
0.791488753807396
0.7931661170270307
0.7948439081379486
0.7965221291549828
0.798200782151665
0.7998798692064268
0.8015593922064319
0.8032393481285282
0.8049197311232348
0.8066005364540175
0.8082817608841008
0.8099634024662632
0.8116454602895158
0.8133279342266602
0.8150108246786996
0.8166941323331652
0.8183778579641265
0.8200620022963206
0.8217465659409954
0.8234315493947828
0.8251169530815362
0.8268027774132982
0.8284890228496345
0.8301756899416612
0.8318627792510748
0.8335502928251529
0.8352382344577953
0.8369265381546279
0.8386152070749887
0.8403042471087857
0.8419936627938814
0.843683457370259
0.845373633103379
0.8470641917012314
0.8487551347517089
0.8504464641797326
0.8521381821340289
0.8538302908419081
0.8555227923554712
0.8572156884629771
0.8589089807336647
0.8606026706241413
0.8622967595840041
0.8639912491242085
0.8656861408387523
0.8673814363895036
0.8690771374725088
0.8707732457842492
0.8724697629980505
0.8741666876854121
0.8758640144276001
0.8775617384780812
0.8792598565298371
0.880958366545865
0.8826572675106478
0.8843565591812554
0.8860562418386737
0.8877563160541012
0.8894567824944841
0.8911576417873909
0.8928588944524579
0.8945605408919969
0.896262581422797
0.8979650163274709
0.8996678459063934
0.9013710705178319
0.9030746906012546
0.9047787065595201
0.9064831188976046
0.9081879288172759
0.9098931312301008
0.9115986771847032
0.9133045733876349
0.9150108234946551
0.9167174300622264
0.9184243948214483
0.9201317190385632
0.9218394038739537
0.9235474506301191
0.9252558611758476
0.9269646376414472
0.9286737822600333
0.9303832970676469
0.9320931837920661
0.9338034438938636
0.9355140786780726
0.9372250894068865
0.938936477373325
0.9406482439259342
0.942360390455613
0.9440729183646375
0.9457858290553541
0.9474991231686682
0.9492127967170061
0.9509268448438208
0.9526412638871342
0.9543560514595777
0.9560712062395322
0.9577867277293131
0.9595026160079866
0.9612188714940119
0.9629354947414004
0.9646524862907661
0.9663698465851379
0.9680875759460125
0.9698056745937095
0.9715241426910316
0.9732429803907449
0.974962187873383
0.9766817653693682
0.9784017131659027
0.9801220315973699
0.9818427208725757
0.9835637812795931
0.985285213510077
0.9870070198294407
0.9887291659987194
0.990451641901533
0.9921744508931614
0.9938975944389363
0.9956210734901376
0.9973448887602722
0.9990690409929118
