0
0.001240828701883252
0.002446222261750185
0.003635582715258684
0.00480010515309203
0.005941476314558782
0.00706904621106638
0.008187324692608768
0.009294240320918303
0.0103916208523777
0.01148108595393155
0.01256508621150633
0.01364484486326715
0.01472077005551539
0.01579295792185983
0.01686161509071241
0.0179271244451541
0.01898997099190704
0.02005059094819367
0.02110934286460385
0.02216650603204132
0.0232223310291588
0.02427703962821286
0.02533083548206893
0.02638390721172099
0.0274363978995654
0.02848846837894176
0.0295403740745287
0.03059231962317246
0.03164445324126353
0.03269672019041137
0.03374906165951514
0.03480148754725327
0.03585401190383837
0.03690664742376589
0.0379594789678965
0.03901259314720744
0.04006606013295708
0.04111994558073536
0.04217432434370424
0.04322928996630516
0.04428455666309458
0.04534008491426363
0.04639591590024848
0.0474520951728902
0.04850848730209942
0.04956496497063972
0.0506215346226352
0.05167817665899489
0.05273486137401266
0.05379159004216856
0.05484836924110474
0.05590521058739188
0.05696203849680924
0.05801884960785235
0.05907565775122506
0.06013246144100075
0.06118927874934253
0.06224613363467509
0.06330305984499443
0.06436008573335238
0.06541713374100991
0.06647419879367157
0.06753129244666234
0.06858842859129305
0.06964561442976393
0.07070286153852824
0.07176016671352464
0.07281751972787953
0.07387492479897967
0.07493238467356732
0.07598989809079168
0.07704746509741546
0.0781050778423413
0.07916272876593235
0.0802204229219317
0.08127816478730927
0.08233594806285079
0.0833937449222989
0.08445145829085404
0.0855090257623342
0.0865664345248679
0.08762374625182541
0.08868104385613203
0.08973839564373168
0.09079586163421413
0.09185356126240882
0.09291175115681402
0.09397095250747983
0.09503189913004434
0.09609406494831825
0.09715759890316893
0.09822135251704063
0.09928498195707919
0.1003484908067701
0.1014119239790205
0.1024753237859155
0.1035387193565258
0.1046021261048955
0.1056655679810421
0.1067291255993547
0.1077928268571338
0.1088567136162881
0.1099209864898993
0.1109853961857181
0.112049828116672
0.1131142836863616
0.114178767307634
0.1152432788977029
0.1163077882613515
0.1173722842548277
0.1184367781495055
0.1195012884743562
0.1205658384560618
0.1216304571740287
0.1226951504017293
0.123759936323255
0.1248247953039874
0.1258897257177457
0.1269547641078368
0.1280196734352056
0.1290844823072874
0.1301491632616396
0.13121372805375
0.1322782032070995
0.1333426105909299
0.1344069800516662
0.1354713386016713
0.1365357106734531
0.1376002742071417
0.1386651360230604
0.139730210604565
0.140795815352142
0.1418618894382379
0.1429283155081569
0.1439957216119586
0.1450632148062574
0.1461316056884347
0.1472007601966026
0.1482703720588888
0.1493415438882158
0.1504141188366726
0.1514874772136967
0.1525628862086996
0.1536416211863289
0.1547210180984684
0.155802268744086
0.1568868080185498
0.1579754146972441
0.1590657565808866
0.1601587194623799
0.1612553562565269
0.1623561474336279
0.1634612269989442
0.1645698433647497
0.1656818107051112
0.1667973506460564
0.1679165342869903
0.1690394567698101
0.1701663484599595
0.1712974630067166
0.1724326391705014
0.1735709179433242
0.1747126095513598
0.175858010327137
0.177007404926492
0.1781610583741702
0.1793192088147679
0.1804811711777974
0.1816464812437173
0.1828154662546979
0.1839883771387057
0.1851654259654163
0.1863467967277594
0.1875326475888595
0.1887226442016623
0.1899159340531552
0.1911127645819553
0.1923133465450778
0.1935178224194522
0.1947263013667828
0.1959388677940594
0.1971555813341934
0.1983760309871752
0.1995995341726152
0.2008261954606993
0.202056087698632
0.2032892622117308
0.2045257408066258
0.20576550832862
0.2070084917018951
0.2082545810559902
0.2095036360993814
0.2107554267938168
0.212009281600879
0.2132650911419446
0.2145227138622879
0.215781961259348
0.2170426201027309
0.2183044628513607
0.2195672528564716
0.2208307104325407
0.222094650566797
0.2233589571169937
0.2246234911911719
0.2258881114465361
0.2271527310498058
0.228417234238844
0.2296815040478216
0.2309454359479311
0.2322089511619553
0.2334720197664104
0.2347345527250247
0.2359964591505104
0.23725769007983
0.2385182500128965
0.2397781560230928
0.2410374249751028
0.2422960812500586
0.2435541528291388
0.2448116339978809
0.246068522962663
0.2473248340912207
0.2485805417699562
0.249835523393009
0.2510898251666657
0.2523434903035635
0.2535965573752396
0.2548490611001571
0.2561009970333951
0.257352380269497
0.2586032423954454
0.2598535914489221
0.2611033127952176
0.2623524549504378
0.2636010618438358
0.2648491710198074
0.2660968147582515
0.2673440162614211
0.268590770255998
0.2698370988956405
0.2710830288031832
0.2723285059313783
0.2735735121910037
0.2748180863480995
0.2760622633338889
0.2773060763718323
0.2785495597244909
0.2797927488340135
0.2810356820117295
0.2822783964402922
0.2835209212115332
0.2847632684053388
0.2860054558624469
0.2872473329965976
0.288487646698448
0.289726228601743
0.2909638832872678
0.2922009585663801
0.2934375626414698
0.294674444944646
0.2959112724754558
0.2971432694696843
0.2983688440258205
0.2995682037717537
0.3007513269125102
0.3019279676714379
0.3030938711708426
0.3042461892162771
0.3053911766903567
0.3065314765294255
0.3076659517456602
0.3087923164902782
0.3099149591461532
0.3110381221482758
0.3121554573662687
0.3132702475016268
0.3143848615855131
0.3154988970909382
0.3166112075151426
0.3177227302513296
0.3188343429152437
0.3199457865398642
