0
0.0005282214092053229
0.0008999336845856336
0.001250241117628092
0.001586949577445966
0.001902681597923852
0.00221011701154985
0.002515682230750986
0.002815610602159073
0.003110503250351164
0.003405087208677127
0.003699605826628755
0.003992062023784338
0.004285056231514434
0.004577834257799364
0.004870192060211718
0.005161988098679822
0.005452181206523131
0.005743031697676597
0.006030959932383828
0.006318537840502504
0.006605819099274533
0.006891286711211329
0.007176842863208749
0.007461751940909389
0.007745624194723837
0.008029574948166413
0.008313018168966763
0.008595717887020496
0.008878537120664817
0.00916087694523195
0.009442672757277094
0.009724623369627398
0.01000610699216653
0.01028722348860385
0.01056851543682808
0.01084955754949688
0.01113033410046541
0.01141122553689007
0.01169195086511016
0.01197248199117116
0.01225308607945898
0.01253373031719668
0.01281421132604873
0.0130947082471225
0.01337536570940561
0.01365589032753179
0.01393642353153343
0.01421707639716688
0.01449781951833045
0.01477855168946082
0.01505930921800412
0.01534013918909906
0.01562109758401387
0.01590216156580746
0.01618330864087876
0.01646457100283477
0.01674584341105845
0.01702720261184158
0.01730869144595834
0.01759027284009449
0.01787189467510107
0.01815361557526852
0.01843544464343503
0.01871735280248917
0.01899931593081245
0.01928134432334398
0.01956342661158302
0.01984555741167176
0.02012772360713091
0.02040991050106648
0.02069211277557841
0.0209743334384921
0.02125657229103844
0.02153883060561335
0.02182108704010053
0.02210333432543071
0.02238557498940511
0.0226678027984444
0.02295004513053598
0.02323228845944298
0.02351451817895841
0.02379673491885197
0.02407895105243752
0.02436119148186438
0.02464341576901955
0.02492563412594593
0.02520785491741838
0.02549009480216659
0.02577233917039338
0.02605457973367761
0.02633682659689687
0.02661909380191516
0.02690138170073139
0.02718367052566707
0.02746596493036042
0.02774827745068513
0.02803062085989772
0.02831296829182868
0.02859532260810514
0.02887768951284463
0.02916007943873803
0.02944248681628249
0.02972489997546033
0.03000732288745442
0.03028976295034519
0.03057222989669754
0.03085470305559841
0.0311371832453434
0.03141967526986549
0.03170218689917959
0.03198471618423394
0.03226725206365651
0.03254979687902729
0.03283235547046828
0.03311493642769672
0.03339752776493943
0.03368012640431435
0.03396273536169853
0.03424536088635268
0.03452800712139283
0.03481065899079557
0.0350933190385895
0.03537599144681798
0.03565868297587519
0.03594138473433848
0.03622409318288163
0.03650681082979025
0.03678954260184209
0.03707229159580998
0.03735504533789152
0.03763780609717178
0.03792057721574831
0.03820336434425306
0.03848615841514269
0.03876895806114076
0.03905176577826622
0.03933458538366702
0.03961741973529587
0.03990025856505167
0.04018310339000979
0.04046595649172591
0.04074882204765286
0.04103170106061366
0.04131458399473507
0.04159747262682985
0.04188036861726402
0.04216327683235343
0.04244619628152326
0.04272911874223751
0.04301204612218135
0.04329498077728162
0.04357792579975157
0.04386088057627931
0.04414383669086013
0.04442679663668351
0.044709763601419
0.04499274383683716
0.04527572447211495
0.04555870747052977
0.0458416944941248
0.04612469093495308
0.04640769575943811
0.0466907018256507
0.04697371192701959
0.04725672875755284
0.04753975773612572
0.04782279094847711
0.04810582703657244
0.04838886877889901
0.04867192048874328
0.04895498324121213
0.049238048728303
0.04952111897588191
0.04980419703673553
0.05008728782601871
0.05037038606422693
0.05065348821665711
0.050936596580667
0.05121971430331346
0.05150284636332957
0.05178598219039458
0.05206912240324265
0.05235226965097245
0.05263542752863314
0.05291859446695155
0.05320176473988054
0.05348494000806944
0.05376812317507399
0.05405131835513675
0.0543345178498276
0.05461772089780163
0.05490092956654911
0.05518414655119312
0.0554673743143183
0.05575060442555956
0.0560338381674586
0.05631707788862465
0.05660032688466692
0.05688358346574516
0.05716684252050994
0.05745010558287089
0.05773337511240743
0.05801665491205389
0.05829994005052404
0.0585832276166222
0.05886651951641569
0.05914981822872752
0.05943312782087899
0.05971643890187712
0.05999975267526487
0.06028307151076113
0.06056639823438546
0.06084973178615682
0.06113306700030227
0.06141640545012744
0.06169974960049395
0.06198310291486974
0.06226645936014112
0.06254981764396822
0.0628331796732096
0.06311654858543381
0.06339992396516356
0.06368330056064592
0.06396667975935118
0.06425006394344265
0.06453345595915867
0.06481685035654654
0.06510024640776908
0.06538364576973194
0.06566705113567431
0.06595046357806784
0.06623387693254477
0.06651729242049191
0.06680071192738643
0.06708413863485682
0.06736756926221668
0.06765100145808062
0.06793443659016481
0.06821787691732029
0.06850132548898558
0.06878477612530078
0.06906822891142275
0.06935168530906075
0.06963514810286657
0.06991861934150082
0.07020209230886609
0.07048556794282324
0.07076904801460043
0.07105253539844121
0.07133602921612535
0.07161952505699533
0.07190302404017267
0.07218652826520493
0.07247004087019344
0.0727535570051368
0.0730370753940553
0.07332059736755686
0.07360412550298016
0.07388766124180574
0.07417119855695921
0.07445473832512904
0.0747382822423352
0.07502183302320646
0.07530538789661911
0.07558894445533981
0.07587250379280966
0.07615606790348245
0.07643963956699548
0.07672321275024545
0.07700678780028322
0.07729036603255522
0.07757394980337355
0.07785753958814585
0.07814113068773983
0.07842472387655509
0.07870832058053591
0.07899192356430902
0.07927553086347418
0.07955913959504636
0.07984275071089199
0.08012636587820869
0.0804099879094085
0.08069361280686502
0.08097723913430904
0.08126086810014348
0.08154450175489934
0.08182814213180845
0.08211178344250068
0.08239542642546613
0.08267907243985068
0.08296272422753187
0.08324638073331783
0.08353003850591853
0.08381369852476896
0.08409736253695081
0.08438103336485901
0.08466470762149164
0.08494838344911973
0.08523206197463977
0.08551574560169328
0.08579943677890715
0.08608312934085406
0.08636682403911222
0.08665052237305623
0.08693422702523507
0.08721793684793662
0.08750164841333757
0.08778536260706449
0.08806908140734004
0.0883528073725777
0.08863653590437796
0.08892026634968687
0.08920399993424397
0.08948773881430908
0.08977148247629888
0.09005522764057049
0.09033897507385791
0.09062272632502283
0.09090648362369706
0.09119024235100727
0.0914740026885269
0.09175776560323229
0.09204153296773446
0.09232530473533881
0.09260907771569307
0.09289285249722097
0.09317663025256599
0.09346041302681926
0.09374419870042836
0.09402798576082545
0.09431177489174168
0.09459556735936439
0.09487936540225628
0.09516316556774625
0.09544696718200965
0.09573077104709846
0.09601457862540728
0.09629839241348936
0.09658220755728276
0.09686602408851375
0.09714984296021374
0.09743366594059889
0.09771749402926198
0.0980013230766266
0.09828515360890978
0.09856898668345136
0.09885282448168119
0.0991366658428543
0.09942050819286687
0.09970435230846909
0.09998819958387366
0.1002720525082024
0.1005559071528414
0.1008397629259808
0.1011236207935607
0.101407482703891
0.1016913494274492
0.1019752171461295
0.1022590864667981
0.1025429585860346
0.1028268357769234
0.1031107160855243
0.1033945977145094
0.1036784814554605
0.1039623689442956
0.1042462624412655
0.1045301572726016
0.1048140536691752
0.105097952669862
0.1053818561382295
0.1056657635790868
0.1059496723330886
0.1062335830469874
0.1065174970136875
0.1068014162475662
0.1070853372137515
0.1073692597059806
0.1076531844725027
0.1079371130112906
0.1082210460477704
0.1085049801891871
0.1087889159258162
0.109072854145239
0.1093567965670578
0.1096407417281292
0.1099246880543492
0.1102086360921744
0.1104925868876915
0.1107765423124251
0.1110604992132348
0.1113444572966176
0.1116284172151342
0.1119123801614566
0.1121963476702137
0.1124803158918403
0.1127642852947862
0.1130482566822422
0.1133322315782921
0.1136162097308108
0.1139001886835541
0.1141841689219255
0.1144681513382064
0.1147521378202649
0.11503612631321
0.1153201156811201
0.1156041065876296
0.1158881002294015
0.1161720984269467
0.116456097177841
0.116740097014289
0.1170240987451351
0.1173081040246516
0.1175921127329907
0.117876122390758
0.1181601335251234
0.1184441471483309
0.1187281651674845
0.1190121858796786
0.119296207820311
0.1195802316123879
0.1198642586317132
0.1201482908112808
0.1204323246681629
0.1207163599688236
0.1210003974851312
0.1212844388950101
0.1215684844614259
0.1218525312190655
0.1221365796879765
0.1224206308529037
0.1227046864076279
0.1229887442149538
0.1232728032575707
0.1235568641321117
0.1238409280755699
0.124124995615292
0.1244090639723347
0.1246931335877728
0.1249772051740685
0.125261280198352
0.1255453563218234
0.1258294332754986
0.1261135116162494
0.1263975922749325
0.1266816757888344
0.1269657596852131
0.1272498445060204
0.1275339308880019
0.1278180199203289
0.1281021109372811
0.1283862024865871
0.1286702951235717
0.1289543895641736
0.1292384871338292
0.129522586344224
0.1298066863376763
0.1300907876412093
0.1303748910289127
0.1306589980458794
0.1309431066389589
0.1312272161387753
0.1315113270933892
0.1317954404847246
0.1320795580340021
0.1323636762061096
0.1326477954053184
0.1329319162515101
0.1332160400533048
0.1335001669290218
0.1337842945363281
0.1340684233656127
0.1343525541607282
0.1346366884782418
0.1349208245388675
0.1352049614466972
0.1354890997793327
0.1357732405852256
0.1360573848477092
0.1363415297393325
0.1366256757040885
0.1369098233637848
0.1371939740923049
0.1374781271656634
0.1377622810909115
0.1380464363843844
0.1383305938364836
0.1386147549242847
0.1388989175723305
0.1391830812440882
0.139467246510365
0.1397514144324189
0.1400355862759635
0.1403197589136473
0.1406039327587384
0.1408881083920297
0.1411722871433047
0.1414564686586507
0.1417406510899201
0.1420248348889733
0.1423090207668011
0.1425932101116839
0.1428774010224674
0.143161592855403
0.1434457861683002
0.1437299818756735
0.1440141805936227
0.1442983799409013
0.1445825803180849
0.1448667822860241
0.1451509870253195
0.1454351934464317
0.1457194005726566
0.1460036088873655
0.1462878190838915
0.1465720324190697
0.14685624656051
0.1471404614986827
0.1474246778035286
0.1477088963355294
0.1479931175554164
0.1482773393493201
0.1485615621113557
0.1488457864108029
0.1491300133775033
0.1494142423699567
0.1496984720736316
0.1499827029487034
0.1502669356465831
0.1505511714551662
0.1508354085878824
0.1511196465244216
0.1514038858035479
0.1516881272441334
0.1519723716644145
0.1522566166548462
0.1525408625808996
0.1528251100142469
0.1531093600645245
0.1533936119544176
0.1536778645260469
0.1539621182375883
0.1542463737249331
0.1545306321669113
0.1548148913961143
0.1550991513793134
0.1553834126630029
0.1556676760563987
0.155951941745495
0.1562362079781812
0.1565204751280717
0.1568047437685672
0.1570890149283658
0.1573732877228083
0.1576575612065937
0.157941835815442
0.1582261121375347
0.1585103913507138
0.1587946719120626
0.1590789532477895
0.1593632358450078
0.1596475204189986
0.1599318083726431
0.1602160969845231
0.1605003864616645
0.160784677330965
0.1610689705665402
0.1613532665582247
0.1616375631711036
0.1619218607535614
0.1622061598355424
0.1624904615509251
0.1627747652619268
0.1630590695676218
0.1633433749277853
0.1636276819882255
0.1639119918820383
0.164196302119192
0.1644806130234781
0.1647649251351272
0.1650492393163473
0.165333554619355
0.1656178703204253
0.1659021868574423
0.1661865048786041
0.1664708249106137
0.1667551451041112
0.1670394658803313
0.1673237877914352
0.1676081115557141
0.1678924362987324
0.1681767614229908
0.168461087387685
0.1687454148035997
0.1690297445527523
0.1693140747439903
0.1695984056067253
0.16988273757327
0.1701670713397573
0.1704514075492858
0.1707357443238051
0.1710200819403224
0.1713044208796806
0.1715887619018916
0.1718731052043568
0.1721574491806413
0.1724417941393805
0.1727261405916083
0.1730104894114392
0.1732948400279838
0.1735791913733113
0.1738635437885024
0.1741478978219462
0.1744322544003322
0.1747166121099245
0.1750009704798921
0.1752853299115137
0.1755696909820375
0.1758540542326979
0.176138417857428
0.1764227821150415
0.1767071474875389
0.1769915146194733
0.1772758828654553
0.1775602514446978
0.1778446207070314
0.1781289911901689
0.1784133635577128
0.1786977364703949
0.1789821097396144
0.179266483815649
0.1795508593170986
0.1798352366756356
0.1801196142497509
0.1804039923833635
0.1806883716106253
0.1809727526218982
0.1812571352795295
0.1815415183824577
0.1818259022816857
0.1821102875179391
0.1823946750510619
0.1826790640754093
0.1829634537187321
0.1832478443802242
0.1835322367577472
0.1838166318542113
0.1841010278322702
0.1843854245677871
0.1846698225150882
0.1849542225311223
0.1852386247331856
0.1855230275619722
0.185807431320655
0.1860918365651173
0.1863762441430709
0.186660652954072
0.1869450624321191
0.187229472944223
0.1875138851774284
0.1877982994690552
0.188082714239348
0.1883671297394192
0.1886515464181868
0.1889359650102338
0.1892203845896958
0.1895048046774642
0.1897892255975769
0.1900736478810583
0.1903580721621509
0.1906424967811258
0.1909269219551326
0.1912113480714472
0.191495775731435
0.1917802048766829
0.1920646344110063
0.1923490645704014
0.1926334957740265
0.1929179286795035
0.1932023627556018
0.1934867972553506
0.193771232459856
0.1940556688575871
0.1943401070954468
0.1946245462502151
0.1949089858133018
0.1951934261282027
0.1954778677081304
0.1957623113600036
0.1960467552645599
0.1963311996399094
0.1966156448884799
0.1969000916291901
0.1971845397863135
0.1974689882492717
0.1977534372976686
0.1980378874009665
0.1983223392457744
0.1986067918658774
0.1988912448600018
0.1991756985916319
0.1994601536385119
0.1997446103672499
0.2000290673662433
0.2003135248920612
0.2005979833578651
0.2008824434768206
0.2011669045727514
0.2014513660839015
0.2017358283119718
0.2020202917661667
0.2023047571669577
0.2025892229340399
0.2028736892443128
0.2031581564515516
0.203442625158646
0.2037270954881742
0.2040115662774808
0.2042960377516014
0.204580510325382
0.2048649846317803
0.2051494603125847
0.2054339365540876
0.2057184136065272
0.2060028919244264
0.2062873721981169
0.2065718537347611
0.2068563358986522
0.2071408189841631
0.207425303502385
0.2077097901339143
0.2079942778450337
0.2082787661876686
0.208563255466909
0.2088477462491694
0.2091322392065292
0.2094167325839817
0.2097012265612617
0.2099857214866534
0.210270217963881
0.2105547160845085
0.2108392145135672
0.2111237135086059
0.2114082135085031
0.2116927153141076
0.2119772175174694
0.2122617200315312
0.2125462232022595
0.2128307275901813
0.2131152328632882
0.2133997382953461
0.2136842441657034
0.2139687509005765
0.214253258943895
0.2145377670467499
0.2148222754490282
0.2151067845013535
0.215391294739356
0.2156758056257203
0.2159603167319319
0.2162448283479828
0.2165293408793476
0.216813854891514
0.2170983691981792
0.2173828839183831
0.2176673993190464
0.2179519158763633
0.2182364339273517
0.2185209523605076
0.2188054713260135
0.2190899911096023
0.2193745122117593
0.2196590348281371
0.21994355786636
0.2202280815136269
0.2205126060906504
0.2207971321458954
0.2210816594839853
0.2213661872802202
0.2216507157231036
0.2219352451372862
0.2222197761464398
0.2225043081507958
0.222788840567076
0.2230733736101591
0.2233579076411644
0.2236424433795848
0.2239269795466647
0.2242115160588587
0.2244960531911943
0.2247805913590231
0.2250651307143737
0.2253496702191383
0.2256342100627612
0.2259187505821073
0.2262032922596994
0.2264878344152507
0.2267723767258233
0.22705691945835
0.2273414630019349
0.2276260076857323
0.227910552396201
0.2281950973702007
0.2284796429326128
0.2287641896031656
0.2290487369348023
0.2293332844578684
0.2296178324312705
0.2299023812483684
0.2301869315095262
0.2304714821719408
0.2307560332317968
0.2310405849408007
0.2313251377918039
0.231609692402426
0.2318942473943967
0.2321788029174616
0.2324633592753223
0.232747916998097
0.2330324763262739
0.2333170361254595
0.2336015965997027
0.233886158091586
0.2341707211685247
0.2344552854979487
0.2347398503596991
0.2350244159925118
0.2353089827929946
0.2355935513016748
0.2358781206630761
0.2361626905789656
0.2364472612964335
0.2367318332913725
0.2370164068121589
0.2373009807221638
0.2375855551840259
0.237870130451333
0.2381547070664845
0.2384392845657295
0.2387238624049615
0.2390084407580509
0.2392930199323395
0.2395776005330947
0.2398621813684266
0.2401467624836668
0.2404313441237033
0.2407159266709377
0.2410005100067689
0.2412850934606582
0.2415696772182768
0.2418542615752629
0.2421388469639978
0.2424234325738
0.242708018344179
0.2429926045162197
0.2432771914391856
0.2435617792896632
0.2438463672063926
0.2441309553892033
0.244415544111233
0.2447001338169479
0.2449847241401354
0.2452693146572275
0.2455539055703895
0.2458384971815014
0.2461230900130198
0.2464076832955687
0.2466922769067335
0.2469768710606855
0.2472614661236566
0.2475460626244695
0.2478306595182557
0.2481152568096219
0.2483998547293559
0.2486844537332683
0.2489690540115144
0.2492536546225664
0.2495382557158313
0.2498228575695776
0.2501074606867626
0.2503920646680317
0.2506766690216071
0.2509612739259884
0.2512458797028633
0.2515304868510233
0.2518150944581236
0.2520997024229946
0.2523843109638142
0.2526689204723602
0.2529535309862054
0.2532381417541719
0.2535227529138732
0.2538073647024122
0.2540919775982364
0.254376591055761
0.254661204785274
0.2549458189552473
0.2552304338427174
0.2555150499355934
0.2557996663060718
0.2560842829467594
0.2563689000746469
0.2566535180419779
0.2569381369358463
0.2572227560020641
0.2575073753816443
0.2577919953148703
0.2580766162325491
0.2583612376773854
0.2586458593311539
0.2589304813629971
0.2592151040438211
0.2594997278183239
0.2597843518062513
0.2600689760307953
0.260353600712612
0.2606382262081748
0.2609228525295426
0.2612074790187777
0.261492105832375
0.2617767332061377
0.2620613616035019
0.2623459906972081
0.2626306200751872
0.262915249906942
0.263199880485849
0.2634845122899512
0.2637691448965597
0.2640537778822228
0.2643384114401691
0.2646230459670249
0.2649076819155576
0.2651923186483181
0.2654769558424555
0.265761593719045
0.2660462327324471
0.2663308733595146
0.2666155143723779
0.2669001559062937
0.2671847982683133
0.2674694418881761
0.2677540867397308
0.2680387320083149
0.268323377866545
0.2686080246442885
0.2688926727631422
0.2691773216088336
0.2694619708615094
0.2697466207061276
0.2700312715491393
0.2703159233737618
0.2706005754746675
0.270885227977479
0.2711698811014998
0.2714545352782571
0.2717391897391379
0.2720238444279049
0.2723084995184044
0.2725931552888457
0.2728778115565432
0.2731624679034562
0.2734471244822853
0.2737317815129081
0.2740164392536835
0.2743010970152965
0.2745857548646818
0.2748704129899894
0.2751550716267627
0.275439730807923
0.2757243900045456
0.2760090493453001
0.2762937090401312
0.2765783693532394
0.2768630300712795
0.2771476908557368
0.2774323518787264
0.277717013359371
0.2780016756246244
0.278286338249149
0.278571001028424
0.2788556641238982
0.2791403277647269
0.279424992369289
0.2797096573199775
0.2799943225170313
0.2802789881267321
0.2805636544231227
0.2808483218778186
0.2811329896176836
0.281417657660628
0.2817023261880024
0.2819869955618257
0.2822716660130013
0.2825563367138205
0.282841007783112
0.283125679436936
0.2834103520900332
0.2836950255526935
0.2839796992980466
0.2842643734724222
0.2845490483464076
0.284833724332665
0.2851184007121633
0.2854030773779077
0.2856877545042749
0.2859724324393267
0.2862571110439834
0.2865417898530052
0.2868264689931688
0.2871111486771359
0.2873958292284438
0.2876805099041299
0.2879651907959922
0.2882498720566753
0.2885345539338152
0.2888192363076571
0.289103918783447
0.2893886014926279
0.2896732846233755
0.2899579684591537
0.2902426525270346
0.2905273367280612
0.290812021206579
0.2910967061671794
0.2913813919225594
0.2916660778080474
0.2919507638776919
0.2922354502789864
0.2925201372337674
0.2928048250912534
0.2930895130558914
0.2933742012383483
0.2936588898095409
0.2939435790406271
0.2942282690508951
0.2945129592259787
0.2947976496768264
0.2950823405818457
0.2953670323091085
0.2956517246526988
0.2959364172130883
0.2962211101257701
0.2965058036213736
0.2967904980826288
0.2970751930504507
0.297359888282985
0.2976445839342048
0.2979292803334355
0.2982139778167259
0.2984986755380561
0.2987833736089798
0.2990680722338381
0.2993527717621535
0.2996374721219792
0.2999221727860449
0.3002068738946743
0.3004915756789299
0.3007762784798361
0.3010609818496716
0.3013456855493993
0.3016303897406249
0.3019150946928238
0.3021998005918057
0.3024845067253629
0.3027692132010587
0.3030539201842793
0.3033386279798786
0.3036233361956027
0.3039080446306424
0.3041927534008305
0.3044774626882885
0.3047621726689858
0.3050468827387753
0.3053315929892418
0.3056163035651802
0.3059010146730252
0.3061857261138778
0.3064704376165838
0.3067551493043362
0.307039861347934
0.307324573948031
0.3076092867947499
0.3078939997152316
0.308178712848947
0.3084634263871179
0.3087481405692115
0.3090328550575369
0.3093175696707031
0.309602284558617
0.3098869999339022
0.3101717161999895
0.3104564326164677
0.3107411492320242
0.3110258662059043
0.3113105838386945
0.3115953023185927
0.311880020972063
0.3121647399096826
0.3124494593196334
0.3127341795535153
0.3130189004347046
0.313303621545629
0.3135883430199648
0.3138730651197723
0.3141577882038033
0.3144425115252269
0.314727235127239
0.3150119591863922
0.3152966839806025
0.3155814093379487
0.3158661349293342
0.3161508608760115
0.3164355873807753
0.3167203146763879
0.317005042165056
0.3172897699273083
0.3175744981068865
0.3178592269176331
0.3181439562380244
0.318428685756696
0.3187134155680146
0.3189981458214387
0.3192828767673657
0.3195676080118381
0.3198523394580068
0.3201370712072762
0.3204218034156716
0.3207065363648737
0.3209912695177523
0.3212760028654635
0.3215607365163122
0.3218454706372039
0.3221302055580377
0.3224149406034111
0.3226996758196282
0.3229844113289521
0.3232691473037205
0.3235538840419898
0.3238386208594508
0.3241233578358578
0.324408095116365
0.3246928328836987
0.3249775712912684
0.3252623097510016
0.3255470483759937
0.3258317873380118
0.3261165268970756
0.3264012667250976
0.3266860066337786
0.3269707467745195
0.3272554873639916
0.3275402284336558
0.327824969537089
0.328109710806013
0.3283944524191607
0.3286791946705874
0.3289639370527363
0.3292486795960708
0.3295334224386523
0.3298181658186683
0.3301029098450118
0.3303876540428226
0.3306723985172005
0.3309571434344926
0.3312418890300752
0.3315266352869491
0.3318113818088121
0.3320961287022916
0.3323808761397585
0.332665624413787
0.3329503733081
0.3332351225653944
0.333519872286027
0.33380462269605
0.3340893741194174
0.3343741259494492
0.3346588782318955
0.3349436311063407
0.3352283848108635
0.3355131393525146
0.3357978943000146
0.3360826497343388
0.3363674058151192
0.3366521627559237
0.3369369202555557
0.3372216781214225
0.3375064363481577
0.33779119507546
0.3380759544871842
0.3383607143236835
0.3386454743073237
0.3389302344669351
0.3392149948795353
0.339499755670278
0.3397845168234156
0.3400692778606999
0.3403540388804963
0.3406387999155766
0.3409235611938145
0.3412083227351118
0.341493084088034
0.3417778453966133
0.3420626066967888
0.3423473685731763
0.3426321301734775
0.3429168917223182
0.3432016533370233
0.3434864153102696
0.3437711773097421
0.3440559392603546
0.3443407013787071
0.3446254639127183
0.3449102266163732
0.3451949893580483
0.3454797523423729
0.3457645157892969
0.3460492796667523
0.3463340436840502
0.3466188079335301
0.3469035725517757
0.3471883377533816
0.3474731032243297
0.3477578688967027
0.3480426348807635
0.3483274013608422
0.3486121684112853
0.348896935692341
0.3491817032567801
0.3494664712844655
0.3497512401232112
0.3500360092638798
0.3503207789273092
0.3506055491626447
0.3508903202552198
0.3511750917223125
0.3514598640052698
0.3517446372381393
0.3520294112205573
0.3523141857242043
0.3525989610759034
0.3528837373793913
0.3531685144102336
0.3534532920243602
0.3537380701211458
0.3540228487361247
0.3543076275013859
0.3545924064077253
0.3548771853603486
0.3551619640271397
0.35544674211845
0.3557315199707772
0.3560162983229181
0.3563010757043671
0.3565858519591897
0.3568706274404732
0.357155403040546
0.3574401790453229
0.3577249540575089
0.3580097282536445
0.358294502235148
0.3585792771582305
0.358864051424817
0.3591488252735877
0.3594335989988242
0.3597183732870061
0.3600031473548237
0.3602879214031989
0.3605726957642968
0.3608574707226317
0.3611422456659458
0.3614270208331208
0.3617117964132246
0.3619965726457531
0.3622813493697693
0.3625661263374073
0.3628509036993935
0.3631356816901656
0.3634204604263522
0.3637052395280741
0.3639900190718498
0.3642747993030318
0.3645595802840764
0.3648443618097459
0.3651291444583572
0.3654139276455614
0.3656987113496489
0.3659834962510496
0.3662682823292576
0.3665530686074735
0.3668378561062417
0.3671226454580814
0.3674074352728776
0.3676922259274016
0.3679770181793736
0.3682618121301989
0.3685466073060902
0.3688314031925931
0.3691161998475304
0.3694009971149085
0.3696857945917408
0.3699705921879426
0.3702553893046042
0.370540185742148
0.3708249820838064
0.3711097766350294
0.3713945693041926
0.3716793607246598
0.3719641519490572
0.3722489431103618
0.3725337322123456
0.372818520066386
0.3731033078437242
0.3733880969076286
0.3736728844897748
0.3739576708998099
0.3742424569300336
0.3745272438519338
0.3748120312033857
0.3750968180305361
0.37538160466708
0.3756663917274534
0.37595117924955
0.3762359667374963
0.3765207545711832
0.3768055431033279
0.3770903323302286
0.377375121822369
0.3776599117270544
0.3779447023097715
0.3782294938090006
0.378514285642634
0.378799077939431
0.3790838709306318
0.3793686646287486
0.3796534588509125
0.3799382540957197
0.3802230494598415
0.380507845280956
0.3807926424202566
0.3810774396721593
0.3813622372227569
0.3816470362380435
0.38193183645388
0.3822166368100595
0.3825014385790642
0.382786242566817
0.3830710479017105
0.3833558540571033
0.3836406619483377
0.3839254716352778
0.3842102828063967
0.3844950949549227
0.3847799073686705
0.3850647199291236
0.385349532569514
0.3856343448740092
0.3859191558664361
0.3862039650602956
0.3864887727378654
0.3867735798406077
0.3870583863972897
0.3873431905187492
0.3876279931924937
0.3879127957046895
0.3881975983343223
0.3884823987084876
0.3887671978114801
0.3890519969008717
0.3893367972913038
0.3896215965706493
0.3899063948329736
0.3901911927169612
0.390475991157089
0.3907607900300362
0.3910455886159561
0.3913303872763635
0.3916151864013723
0.3918999857796766
0.3921847852981748
0.3924695852246965
0.3927543858051328
0.3930391871800369
0.3933239888124213
0.3936087908692769
0.3938935936027451
0.3941783970740061
0.3944632010714043
0.3947480058179086
0.3950328111619445
0.3953176167931068
0.3956024233214579
0.395887229316684
0.3961720349298207
0.3964568395428973
0.396741644019242
0.3970264494867157
0.3973112573678815
0.3975960711083965
0.3978808901880849
0.3981657125332206
0.3984505379860585
0.3987353665861503
0.3990201996905018
0.3993050410181922
0.3995898980936574
0.3998747841287071
