0
0.0001551035877354065
0.0003057777827187732
0.0004544478394073355
0.0006000131441365038
0.0007426845393198478
0.0008836307763832975
0.001023415586576096
0.001161780040114788
0.001298952606547213
0.001435135744241443
0.001570635776438291
0.001705605607908394
0.001840096256939423
0.001974119740232478
0.002107701886339051
0.002240890555644262
0.00237374637398838
0.002506323868524208
0.002638667858075481
0.002770813254005165
0.00290279137864485
0.003034629953526607
0.003166354435258616
0.003297988401465124
0.003429549737445674
0.003561058547367719
0.003692546759316087
0.003824039952896557
0.003955556655157941
0.004087090023801422
0.004218632707439393
0.004350185943406659
0.004481751487979796
0.004613330927970736
0.004744934870987063
0.00487657414340093
0.005008257516619635
0.005139993197591919
0.00527179054296303
0.005403661245788145
0.005535569582886822
0.005667510614282953
0.005799489487531059
0.005931511896611274
0.006063560912762427
0.006195620621329964
0.0063276918278294
0.006459772082374358
0.006591857671751574
0.006723948755271056
0.006856046155138065
0.006988151323423955
0.007120254812101363
0.007252356200982371
0.007384457218904376
0.007516557680126418
0.007648659843669476
0.007780766704336589
0.007912882480631354
0.008045010716680052
0.008177141717687332
0.008309274849316615
0.008441411555963894
0.008573553573988039
0.008705701803151772
0.008837857689608822
0.00897002083176715
0.009102189950539682
0.009234365577374613
0.009366548043008438
0.009498737146526243
0.009630932916010615
0.009763134343661863
0.009895340537117474
0.01002755221464974
0.01015976990746003
0.01029199355728319
0.01042422265784259
0.01055645431056928
0.01068868914935247
0.0108209276686454
0.01095317128006581
0.01108542075188735
0.0112176762309391
0.01134993476134254
0.01148219619794136
0.01161446096774574
0.01174673037716703
0.01187900518117389
0.0120112853182159
0.01214356878190119
0.01227585513881492
0.01240814487626431
0.0125404391800959
0.01267273874346718
0.01280504307149562
0.0129373508932818
0.01306966154647956
0.01320197535809394
0.01333429325921273
0.01346661603542687
0.01359894341315787
0.01373127391162019
0.01386360690309725
0.0139959428454254
0.01412828270005228
0.01426062711417942
0.01439297562104912
0.01452532700179284
0.01465768058243193
0.01479003654431624
0.01492239566033955
0.01505475908248131
0.01518712715858822
0.01531949860737037
0.01545187234204813
0.0155842487648008
0.01571662862473016
0.0158490124117254
0.01598139943256263
0.01611378855461891
0.01624617943360466
0.01637857235228369
0.01651096796454481
0.01664336737814623
0.01677577145835733
0.01690817952540548
0.01704058977746334
0.01717300254301651
0.01730541831595959
0.01743783721306102
0.01757025870377308
0.01770268125095555
0.01783510525730947
0.01796753103687162
0.01809995920253816
0.01823239072674589
0.01836482657681985
0.0184972669793248
0.01862970934030167
0.01876215383554678
0.0188946009427329
0.01902705029905063
0.0191595018147756
0.01929195386020956
0.01942440724913384
0.01955686218565368
0.01968931926771421
0.0198217793636029
0.01995424342248118
0.02008671180514633
0.0202191818844232
0.02035165381922593
0.02048412806871346
0.02061660405081369
0.02074908175648939
0.02088156000991389
0.02101403947109367
0.02114652030473241
0.02127900308470623
0.0214114885825262
0.02154397771210996
0.02167647074853237
0.02180896527431674
0.02194146145302983
0.02207395967129509
0.02220645931970345
0.02233896040886821
0.02247146203680324
0.02260396474720004
0.02273646868450944
0.02286897436994171
0.02300148250942679
0.02313399394240324
0.02326650888621704
0.02339902514277694
0.02353154289482138
0.02366406242029898
0.02379658316972563
0.0239291051582394
0.02406162765780447
0.02419415113570447
0.02432667572894433
0.02445920190380304
0.02459173031552932
0.02472426171639712
0.02485679628187908
0.02498933201285847
0.02512186910141453
0.0252544076939857
0.02538694737715959
0.02551948812420436
0.02565202935580623
0.0257845714728664
0.02591711460833375
0.02604965918276073
0.02618220580819913
0.02631475516998472
0.02644730737265913
0.02657986060032756
0.02671241506164416
0.02684497076897222
0.02697752743999287
0.0271100850184554
0.02724264307151916
0.02737520193230747
0.02750776173146466
0.02764032285424881
0.02777288587531387
0.02790545141686714
0.02803801950747601
0.02817058851150044
0.02830315863279197
0.02843572980227497
0.02856830183734653
0.02870087465966337
0.02883344795010866
0.02896602198221394
0.02909859688534951
0.02923117301524736
0.02936375090848967
0.02949633112816531
0.02962891363157529
0.02976149695834763
0.02989408129515332
0.03002666651501573
0.03015925251905207
0.03029183919827786
0.03042442634379431
0.03055701417149515
0.0306896028168664
0.03082219260430847
0.03095478402065638
0.03108737759675006
0.0312199732224531
0.03135256959379112
0.03148516688193859
0.03161776490885495
0.03175036365100792
0.03188296297144996
0.03201556276112977
0.03214816317315648
0.03228076435980708
0.03241336661993693
0.03254597039091127
0.03267857616559142
0.03281118377760753
0.03294379206893264
0.03307640118596974
0.03320901092065313
0.03334162131277495
0.0334742322108707
0.03360684358130596
0.03373945553415066
0.03387206821640151
0.03400468190689539
0.03413729699243374
0.03426991394165732
0.03440253253019342
0.03453515174272925
0.0346677716839756
0.03480039212115324
0.03493301316424639
0.03506563464532381
0.0351982565980983
0.03533087910044709
0.03546350229381982
0.03559612644184051
0.03572875189103215
0.03586137908291726
0.03599400773390377
0.03612663697590418
0.03625926686156831
0.0363918971295465
0.03652452796457059
0.03665715918479584
0.03678979085052544
0.03692242304247537
0.0370550558981746
0.03718768966669019
0.03732032465617224
0.03745296127916494
0.03758559918995984
0.03771823765911188
0.03785087668301732
0.03798351600895939
0.03811615587338881
0.03824879607881609
0.03838143671383228
0.03851407785384906
0.03864671962737058
0.03877936226482382
0.03891200604994092
0.03904465137022398
0.03917729781728718
0.03930994479568846
0.03944259221429497
0.03957523989609536
0.03970788810013709
0.03984053661606047
0.03997318555336336
0.04010583497842153
0.04023848500554234
0.04037113584488331
0.04050378777233526
0.04063644114738236
0.04076909550149813
0.04090175033604376
0.04103440553325383
0.0411670609714427
0.04129971691712327
0.04143237315026103
0.04156502979799134
0.04169768691750749
0.0418303446131527
0.041963003081114
0.04209566258631475
0.04222832346022918
0.04236098516922781
0.04249364730875604
0.04262630973742036
0.04275897239083203
0.04289163554423373
0.04302429896455414
0.043156962782976
0.04328962706133341
0.04342229190848172
0.04355495749692706
0.04368762407850991
0.04382029195723556
0.0439529605399317
0.04408562950165707
0.04421829867472678
0.04435096805664145
0.04448363793375096
0.04461630806982543
0.04474897859359457
0.04488164956255976
0.04501432109044215
0.04514699332916836
0.04527966652068548
0.04541234093942353
0.04554501592737842
0.0456776912527048
0.04581036672819343
0.04594304240568799
0.04607571857902314
0.04620839501035398
0.04634107182556293
0.04647374907142277
0.04660642686525109
0.04673910534505158
0.04687178474530816
0.04700446531605684
0.04713714632013298
0.04726982762667034
0.04740250903118396
0.04753519063431183
0.04766787273742666
0.04780055509164528
0.04793323782362816
0.04806592097370015
0.04819860465931913
0.0483312890074741
0.04846397424944066
0.04859666057819429
0.04872934722561861
0.04886203413323094
0.04899472112102757
0.0491274083175574
0.04926009599611045
0.04939278394307495
0.04952547225468188
0.04965816097563441
0.04979085021591575
0.04992354009923759
0.05005623084678006
0.05018892253067833
0.05032161450169034
0.05045430667739283
0.05058699893236054
0.05071969141165
0.05085238434090572
0.05098507756556653
0.05111777113713924
0.05125046511283774
0.05138315958711326
0.05151585468581783
0.05164855062015192
0.0517812473713786
0.05191394437159431
0.05204664151070772
0.0521793387253715
0.05231203617995649
0.05244473406453315
0.05257743225450729
0.05271013078234109
0.05284282971665256
0.05297552913905845
0.05310822917675041
0.05324093002171482
0.05337363157463861
0.05350633334825135
0.05363903520412674
0.05377173714166188
0.05390443934058072
0.0540371419422875
0.05416984485230079
0.05430254809135635
0.05443525173495429
0.05456795585912135
0.0547006605917315
0.05483336611259371
0.05496607219551213
0.05509877847946821
0.0552314848102959
0.0553641912342548
0.05549689794092267
0.05562960503392509
0.05576231243007516
0.05589502014689273
0.05602772826405304
0.05616043685494317
0.05629314604970898
0.05642585601705544
0.05655856641037535
0.05669127698904919
0.05682398758871825
0.05695669829395933
0.0570894093015257
0.0572221206733682
0.05735483233849486
0.0574875443216313
0.05762025669628742
0.05775296953566428
0.05788568297708808
0.05801839717667748
0.05815111166795657
0.05828382629830522
0.05841654095358254
0.05854925573891461
0.05868197084919909
0.05881468629900519
0.05894740203200824
0.05908011808625918
0.05921283452346963
0.05934555142091102
0.05947826891135338
0.05961098714148132
0.0597437055437318
0.05987642403623737
0.06000914256298751
0.06014186124975707
0.06027458028920697
0.06040729964122545
0.06054001926907042
0.06067273922000667
0.06080545954758167
0.06093818033565043
0.06107090170613273
0.06120362369815356
0.0613363458466033
0.06146906804644259
0.06160179029167157
0.06173451272541366
0.06186723554176821
0.0619999586140443
0.06213268195179877
0.06226540561030706
0.06239812964185582
0.06253085413746892
0.062663579215673
0.06279630480405429
0.06292903053333071
0.06306175628010632
0.06319448208704161
0.06332720810584072
0.06345993449729842
0.06359266113526578
0.06372538803497158
0.06385811525314362
0.06399084284382919
0.06412357090287663
0.06425629954664612
0.06438902857455341
0.06452175772627057
0.06465448687929715
0.06478721611422571
0.0649199455858781
0.06505267540786698
0.06518540547448942
0.06531813580719441
0.06545086645555707
0.06558359747574936
0.06571632897047179
0.06584906105008675
0.06598179337443201
0.06611452578760287
0.06624725821108306
0.06637999074610845
0.06651272354461001
0.06664545666761285
0.06677819002881073
0.06691092366111978
0.06704365760634019
0.06717639192454614
0.06730912671489032
0.06744186209605249
0.06757459759599171
0.06770733314977367
0.06784006872937064
0.06797280444815759
0.06810554045652271
0.06823827676463354
0.0683710133016269
0.06850375010778384
0.06863648722379348
0.06876922471883126
0.06890196268552595
0.06903470114893857
0.06916743972617491
0.06930017832511473
0.06943291696600952
0.06956565576973874
0.06969839489196999
0.06983113426254281
0.06996387385827324
0.07009661372245418
0.0702293538977888
0.07036209446017173
0.07049483550304995
0.07062757693128226
0.07076031846532217
0.07089305999713143
0.07102580159017252
0.07115854337244722
0.07129128548674415
0.07142402781370848
0.07155677037121252
0.07168951319767544
0.0718222563390065
0.07195499987845766
0.07208774390439769
0.07222048818937583
0.07235323254797385
0.07248597690549954
0.07261872135218103
0.07275146601561742
0.07288421098845704
0.07301695616956182
0.07314970158461967
0.07328244726756727
0.07341519326890994
0.07354793967049239
0.07368068656706457
0.07381343359681128
0.07394618067340818
0.07407892776934272
0.07421167498158784
0.07434442243825953
0.07447717018679123
0.07460991813836997
0.07474266632426564
0.07487541477844803
0.07500816355801664
0.07514091274133114
0.07527366237495085
0.07540641209183667
0.07553916182905543
0.07567191160327193
0.07580466151810528
0.07593741170581669
0.07607016214062648
0.07620291277767333
0.07633566365008837
0.07646841479314867
0.07660116627236374
0.07673391816746836
0.07686667040419051
0.07699942272652795
0.07713217504383457
0.0772649274153181
0.07739767995174254
0.07753043279371567
0.07766318582688336
0.0777959390661804
0.07792869254101856
0.07806144629146443
0.07819420039001168
0.07832695491382217
0.07845970966444739
0.07859246447149065
0.07872521927544257
0.07885797415901777
0.07899072923370935
0.0791234845994173
0.07925624015035335
0.07938899590987016
0.07952175190565891
0.07965450818302876
0.07978726481284466
0.07992002187831883
0.08005277905434897
0.08018553626586061
0.08031829349703123
0.08045105083501053
0.08058380839433647
0.08071656622434986
0.08084932423860101
0.08098208246209963
0.08111484092443326
0.08124759967682456
0.0813803587878416
0.0815131182872697
0.08164587785390288
0.08177863743364788
0.08191139704953711
0.08204415679599968
0.08217691679160427
0.08230967701324494
0.082442437417489
0.08257519803163686
0.08270795888769647
0.08284072004557062
0.08297348157690412
0.08310624339032043
0.08323900526991633
0.08337176713845082
0.08350452906040794
0.08363729113660234
0.08377005349608391
0.08390281602654978
0.08403557874517843
0.084168341676168
0.08430110485817645
0.08443386835910245
0.08456663225016151
0.08469939633692944
0.08483216044013378
0.08496492449043547
0.0850976885449989
0.08523045269303127
0.08536321694258731
0.08549598130913916
0.08562874580594378
0.08576151049153882
0.08589427552181562
0.08602704112661423
0.08615980771394988
0.08629257560894078
0.08642534499026133
0.08655811613647653
0.08669088442843834
0.08682364389746509
0.08695639146392808
0.08708912865695041
0.08722185738396999
0.08735458043975625
0.08748729720002335
0.08762001017347128
0.08775272175769509
0.08788543347919923
0.08801814615017808
0.08815086191515809
0.08828358114896688
0.08841630551331181
0.08854903996258726
0.08868179654776222
0.08881458620707258
0.08894739982213702
0.08908025514345284
0.0892131497769956
0.08934608638032321
0.08947906045762787
0.0896120761495121
0.08974511590436339
0.08987818096201018
0.09001126748792944
0.09014436588222158
0.09027747421896501
0.09041059077174375
0.09054371158028814
0.09067683647260215
0.09080996451783578
0.0909430940868471
0.09107622529223212
0.09120935730651603
0.09134249001921406
0.09147562340064418
0.09160875695349366
0.09174189081065226
0.09187502456589573
0.09200815784881566
0.09214129015658809
0.09227442161559681
0.09240755178312861
0.09254068101971358
0.09267380903767818
0.09280693640991515
0.0929400628121186
0.09307318874434195
0.09320631411526042
0.09333943921756466
0.09347256417971744
0.09360568894307092
0.09373881372080466
0.09387193849878056
0.0940050633109764
0.09413818813454011
0.09427131290298797
0.09440443740569512
0.09453756148233279
0.09467068515990894
0.09480380796471966
0.09493692996344248
0.09507005101824308
0.09520317101787874
0.09533629006012886
0.09546940802629893
0.09560252505817436
0.09573564124976588
0.09586875657451838
0.0960018713878973
0.09613498553337331
0.09626809937463784
0.09640121282314168
0.09653432611940832
0.09666743933689889
0.0968005524626472
0.09693366564047391
0.09706677888617447
0.09719989221498297
0.09733300569039911
0.0974661192382385
0.09759923281670776
0.09773234638370608
0.09786545982640373
0.09799857307673988
0.09813168610891555
0.09826479867732826
0.09839791081805523
0.09853102238026147
0.09866413324877293
0.09879724351162193
0.09893035292711132
0.09906346172236344
0.09919656963105399
0.09932967692166129
0.09946278342153748
0.09959588932945571
0.09972899467978424
0.09986209950791861
0.09999520404616144
0.100128308202375
0.1002614122020751
0.1003945160130818
0.1005276197713103
0.1006607235634232
0.1007938273493459
0.1009269312244935
0.1010600351965094
0.1011931392716818
0.1013262434804259
0.1014593478078691
0.1015924524079389
0.1017255571710436
0.1018586624104368
0.1019917679865658
0.1021248740383106
0.1022579807289597
0.1023910878974231
0.1025241957869935
0.1026573041563786
0.1027904132007075
0.1029235227231984
0.1030566327979244
0.103189743348614
0.1033228543106686
0.1034559657449678
0.1035890774722493
0.1037221896667954
0.1038553020621586
0.1039884148828496
0.1041215278661321
0.104254641215464
0.1043877547112974
0.1045208685333583
0.1046539824982451
0.104787096773576
0.1049202111950818
0.1050533259393327
0.1051864408366331
0.1053195560821659
0.1054526714861521
0.1055857872467974
0.1057189031648793
0.1058520194157115
0.105985135816384
0.1061182524998201
0.1062513693236041
0.1063844863816389
0.1065176035734849
0.1066507209683844
0.1067838384985402
0.1069169562395228
0.1070500741262343
0.1071831922736764
0.1073163105835831
0.1074494292567301
0.1075825481110192
0.1077156674142203
0.1078487869252867
0.1079819068898208
0.1081150271442576
0.1082481478544265
0.1083812688827826
0.1085143903695082
0.1086475121327856
0.1087806343057925
0.1089137566592537
0.1090468792918052
0.1091800020674361
0.1093131250125965
0.1094462480817769
0.1095793712292927
0.1097124944576943
0.109845617679009
0.1099787407980249
0.1101118636831651
0.1102449863533914
0.1103781086595545
0.1105112306732382
0.1106443523130886
0.1107774736846937
0.1109105947076088
0.1110437155480411
0.1111768361127018
0.1113099565182374
0.1114430767847693
0.1115761969593941
0.1117093170981392
0.1118424371948185
0.1119755573045774
0.1121086774713242
0.1122417976624544
0.112374917968356
0.1125080383178872
0.112641158793828
0.1127742793407841
0.1129074000198422
0.1130405207862338
0.1131736416838288
0.113306762656577
0.1134398837564479
0.1135730049023221
0.1137061261648951
0.1138392474549743
0.1139723688443033
0.1141054902597866
0.1142386117496992
0.1143717332596853
0.1145048547829444
0.1146379762897597
0.114771097744808
0.1149042191310905
0.1150373404557117
0.1151704616978797
0.115303582884199
0.1154367040083458
0.1155698250895053
0.1157029461390268
0.1158360671522294
0.1159691881531122
0.1161023091186827
0.1162354300586593
0.1163685509487372
0.116501671785041
0.1166347925541239
0.1167679132373959
0.116901033845449
0.117034154349553
0.1171672747814195
0.1173003951136788
0.1174335153850604
0.1175666355784499
0.1176997557254501
0.117832875822867
0.1179659958907426
0.1180991159428724
0.1182322359720335
0.1183653560090049
0.1184984760499786
0.1186315961127941
0.118764716213349
0.1188978363403276
0.1190309565337921
0.1191640767600335
0.1192971971042228
0.1194303174868574
0.1195634380019798
0.1196965586046054
0.1198296793406752
0.1199628001714303
0.1200959211333588
0.120229042157167
0.1203621632936135
0.1204952844615839
0.1206284057009641
0.1207615269715355
0.1208946482947172
0.1210277696501866
0.1211608910569801
0.1212940124962013
0.1214271339796785
0.1215602554925175
0.1216933770153587
0.1218264985361457
0.121959620032119
0.1220927414913132
0.1222258629141296
0.1223589842892924
0.1224921056274662
0.1226252269229522
0.1227583481847888
0.1228914694096076
0.1230245906021038
0.1231577117595114
0.1232908328879277
0.1234239539886169
0.123557075070993
0.123690196144584
0.1238233172094808
0.1239564382933937
0.1240895593772623
0.1242226804907815
0.1243558016397248
0.1244889228284908
0.124622044141569
0.1247551655143923
0.1248882870311789
0.1250214087137829
0.1251545305406408
0.1252876525596281
0.1254207747231124
0.1255538970735232
0.1256870195674777
0.1258201422400908
0.1259532650566008
0.1260863880517979
0.1262195111915156
0.1263526344967918
0.1264857579457102
0.1266188815080675
0.1267520052094899
0.1268851289535073
0.1270182527822559
0.1271513766455904
0.1272845005470034
0.1274176244829026
0.1275507484398146
0.1276838724330407
0.1278169964622781
0.1279501205297309
0.1280832446561619
0.1282163688207757
0.1283494930498963
0.1284826173159607
0.1286157416266649
0.1287488659711864
0.1288819903164022
0.1290151146558055
0.1291482389837764
0.129281363292621
0.1294144875938114
0.1295476118885765
0.1296807361838254
0.1298138605025674
0.1299469848254501
0.130080109183435
0.1302132335631842
0.1303463579790869
0.130479482420446
0.1306126068982957
0.1307457314053338
0.1308788559544213
0.1310119805924774
0.1311451052951117
0.1312782301454546
0.1314113551719616
0.1315444803517739
0.1316776057683756
0.1318107313357343
0.1319438570920804
0.1320769829986864
0.1322101089791214
0.1323432350342268
0.1324763611222417
0.1326094872019337
0.1327426132435844
0.1328757392534665
0.1330088652160686
0.1331419911444373
0.133275117017463
0.1334082428434876
0.1335413685989793
0.1336744942666565
0.133807619855958
0.1339407453473986
0.1340738707613812
0.134206996106044
0.134340121396376
0.1344732466593631
0.1346063718927765
0.1347394971262612
0.1348726223857578
0.1350057476526205
0.1351388729562334
0.1352719982938748
0.1354051236478779
0.1355382489525344
0.1356713741885973
0.1358044992923454
0.1359376243230715
0.1360707492468898
0.1362038741092851
0.1363369989312001
0.1364701237157183
0.1366032485006235
0.1367363733142684
0.1368694981403746
0.137002623012971
0.1371357479737349
0.137268872980896
0.1374019980573683
0.1375351231738478
0.137668248327898
0.1378013735188272
0.1379344987261827
0.1380676239747951
0.1382007492706389
0.1383338746178153
0.1384670000682137
0.1386001255719398
0.1387332511687818
0.1388663768118337
0.1389995024714967
0.1391326280814802
0.1392657535813728
0.1393988790197485
0.1395320043651088
0.1396651296659979
0.1397982549329403
0.139931380175152
0.1400645054239117
0.1401976307087373
0.1403307560210149
0.140463881382584
0.140597006812848
0.1407301322859484
0.1408632577246961
0.1409963831105334
0.1411295083983936
0.1412626336363139
0.1413957587990643
0.1415288839320106
0.1416620090496656
0.1417951341485454
0.1419282592556667
0.1420613843997755
0.1421945095638124
0.1423276347608827
0.1424607599370888
0.142593885074269
0.1427270101386833
0.1428601351627962
0.1429932601477878
0.143126385118435
0.1432595100991726
0.1433926351258931
0.1435257602950645
0.143658885579744
0.1437920110360469
0.1439251368110029
0.1440582627729383
0.1441913889610973
0.1443245153076815
0.1444576417081077
0.1445907680711829
0.1447238944106871
0.1448570207051287
0.1449901469911753
0.1451232732866028
0.1452563996199957
0.1453895259920789
0.1455226524203422
0.1456557789539934
0.1457889055413951
0.145922032056291
0.146055158388099
0.1461882846114321
0.1463214106755362
0.1464545366535704
0.1465876625895919
0.1467207884864795
0.1468539143836629
0.1469870403076055
0.1471201662980748
0.1472532924441173
0.1473864187686026
0.1475195452462245
0.1476526717879751
0.1477857981457158
0.1479189243158884
0.1480520503506152
0.1481851762419687
0.1483183020696557
0.1484514278780385
0.1485845536848421
0.1487176795328969
0.1488508055151455
0.1489839316165537
0.1491170579036593
0.1492501845545952
0.1493833113959245
0.1495164384223856
0.1496495654839834
0.149782692484374
0.1499158194376589
0.1500489463863466
0.1501820733499323
0.1503152003678963
0.1504483275319453
0.1505814548904561
0.1507145824541238
0.1508477104514558
0.1509808386664261
0.1511139667623582
0.1512470945204515
0.1513802219807805
0.1515133491918052
0.1516464762543491
0.1517796032437108
0.1519127301978685
0.1520458571498959
0.1521789841411061
0.1523121112667676
0.1524452385304828
0.1525783660002573
0.1527114939228759
0.1528446219213821
0.1529777495543286
0.1531108768857544
0.1532440040373348
0.1533771310221974
0.1535102579045909
0.1536433847770235
0.1537765116685998
0.1539096386092597
0.154042765654157
0.1541758928991434
0.154309020596439
0.1544421485226983
0.1545752759504996
0.1547084030109962
0.1548415296470242
0.1549746560458214
0.1551077822961807
0.1552409084925257
0.1553740347033376
0.1555071609460634
0.1556402872601793
0.1557734137507904
0.1559065406543853
0.1560396682132066
0.1561727963585437
0.156305924465422
0.156439052056837
0.1565721792761974
0.1567053060996849
0.1568384326897614
0.1569715591553088
0.1571046856010231
0.1572378120735473
0.1573709385927245
0.1575040652229101
0.1576371920775057
0.1577703194124385
0.1579034472158729
0.1580365741505656
0.1581697004108451
0.1583028262519997
0.1584359517908206
0.1585690771547939
0.1587022024383625
0.1588353277130146
0.1589684530324691
0.1591015784179078
0.1592347039820796
0.1593678299449362
0.1595009568886295
0.1596340840401141
0.1597672102489039
0.1599003356192017
0.160033460368145
0.1601665847433218
0.1602997089227113
0.1604328330663667
0.1605659572274781
0.1606990814912539
0.1608322058910092
0.1609653305134308
0.1610984555341652
0.1612315811752504
0.1613647076221396
0.1614978332061431
0.1616309581423425
0.1617640826397576
0.1618972068573409
0.1620303309274932
0.1621634549773826
0.1622965791394358
0.1624297034389599
0.1625628278627592
0.1626959525808254
0.1628290778767785
0.1629622043100358
0.1630953310106023
0.1632284568275945
0.1633615818574884
0.1634947062183117
0.1636278301445578
0.1637609538298842
0.1638940773768307
0.1640272008581044
0.1641603243689317
0.1642934480153597
0.1644265720255958
0.1645596967624481
0.1646928222438545
0.164825948929843
0.1649590777765455
0.1650922053733871
0.1652253319014883
0.1653584575368714
0.1654915823895846
0.1656247067201146
0.1657578308525468
0.1658909549108987
0.1660240791187489
0.1661572040659495
0.1662903303050797
0.1664234572533959
0.1665565863898019
0.1666897206736946
0.1668228570611135
0.1669559974893767
0.1670891396454308
0.1672222823894788
0.1673554250112614
0.1674885692878111
0.1676217138516742
0.1677548593932765
0.1678880106653695
0.1680211691724813
0.1681543311855166
0.1682875117865199
0.1684206963307514
0.1685538963064417
0.1686871132339828
0.168820339136082
0.168953592585923
0.1690868614476643
0.1692201447172389
0.1693534635789549
0.1694868162037258
0.1696201846858986
0.1697535922792091
0.1698870585418792
0.1700205518746022
0.1701540759799934
0.1702876549357479
0.1704213004511613
0.1705549980129169
0.1706887292334734
0.1708225146856994
0.1709563638497685
0.1710902808178578
0.1712242647105982
0.171358296771009
0.1714923813869241
0.1716265238853485
0.1717607276765664
0.1718949933240085
0.1720293208406393
0.1721637104253481
0.172298155939598
0.1724326549714273
0.1725672104152743
0.1727018244334839
0.172836499079782
0.1729712370989463
0.1731060381527103
0.1732408912555954
0.1733758003015455
0.1735107680447572
0.1736457968736289
0.1737808894296424
0.1739160477790099
0.1740512575746791
0.1741865232618228
0.1743218477197226
0.1744572332439017
0.174592682263031
0.1747281980947055
0.1748637683085291
0.1749993934888931
0.1751350768267229
0.1752708206937958
0.1754066274589166
0.1755425001990549
0.1756784328428966
0.1758144187894432
0.1759504618452129
0.1760865645552068
0.1762227292361093
0.1763589586032236
0.1764952546327097
0.1766316007004409
0.176768002182763
0.1769044620945889
0.1770409827085353
0.1771775665346064
0.1773142173111188
0.1774509224797237
0.1775876802341561
0.1777244948167589
0.177861368864087
0.1779983048349257
0.1781353056836522
0.1782723701829394
0.1784094841039355
0.1785466527295481
0.178683879444844
0.17882116652838
0.1789585165284744
0.1790959332732323
0.1792333979226181
0.1793709127772556
0.1795084825398385
0.1796461101953801
0.1797837982372306
0.1799215496760369
0.1800593567859643
0.180197210778019
0.180335116591419
0.1804730788473499
0.1806111005689485
0.1807491846044062
0.1808873349601888
0.1810255390867119
0.181163793570632
0.181302103198435
0.1814404715267326
0.18157890114349
0.1817173949497979
0.1818559565956675
0.1819945646349233
0.1821332238967374
0.1822719388425928
0.1824107123147293
0.1825495469195429
0.1826884462938917
0.1828273971669531
0.182966394654812
0.1831054432395406
0.1832445470153126
0.183383709198282
0.1835229327274294
0.1836622188110067
0.1838015468492981
0.183940922245048
0.1840803492602293
0.1842198318214652
0.1843593734605969
0.1844989776017048
0.1846386369815986
0.1847783401380819
0.1849180919980891
0.1850578965484013
0.1851977577328633
0.1853376790250658
0.1854776643955318
0.1856177006282412
0.1857577823571916
0.1858979141916342
0.1860380999364384
0.186178343863622
0.1863186492411593
0.1864590203230498
0.1865994394290757
0.1867399055950028
0.1868804231409635
0.1870209960244134
0.1871616280038421
0.1873023226268958
0.1874430840190285
0.1875838886193993
0.1877247413293193
0.187865646144549
0.1880066069312618
0.1881476272025506
0.1882887108025008
0.1884298531606471
0.188571039114536
0.1887122732737216
0.1888535594592318
0.1889949014617199
0.1891363030166933
0.1892777682011775
0.1894192837768277
0.1895608429101658
0.1897024500641596
0.1898441090091207
0.1899858235190443
0.1901275977458583
0.1902694360586983
0.1904113195690012
0.1905532470728036
0.1906952229367252
0.1908372508990817
0.1909793348641583
0.191121479351971
0.1912636888172584
0.191405941918758
0.1915482400431317
0.1916905874045121
0.1918329876381117
0.1919754448696623
0.192117963638793
0.1922605483578028
0.1924031769613836
0.1925458516007924
0.1926885763444285
0.1928313547432686
0.1929741911745349
0.1931170900286963
0.1932600556256766
0.1934030650158978
0.1935461210878534
0.1936892277985189
0.1938323886833047
0.1939756082572647
0.1941188907914853
0.1942622405227808
0.1944056331022816
0.1945490726573049
0.1946925630565035
0.1948361078268235
0.194979711520176
0.1951233784159563
0.195267111884844
0.1954108879097411
0.195554710963339
0.1956985848532898
0.1958425131110405
0.1959865002710999
0.1961305507050979
0.1962746672058933
0.1964188262470175
0.1965630322392164
0.1967072889533842
0.1968515999336804
0.1969959696762991
0.1971404026705698
0.1972849021661283
0.1974294441002522
0.1975740328486721
0.1977186721623012
0.1978633655961378
0.198008117597101
0.1981529327572176
0.1982978152254829
0.1984427405017969
0.1985877123779923
0.1987327345916201
0.1988778106991642
0.1990229450769092
0.1991681424089561
0.1993134068486868
0.1994587160623034
0.1996040715621729
0.1997494770856066
0.1998949361881922
0.2000404531518755
0.2001860327596056
0.2003316791821373
0.2004773731301062
0.2006231129815128
0.2007689024832501
0.2009147451837352
0.201060645244743
0.2012066075430223
0.2013526362750877
0.201498716035498
0.2016448412320096
0.2017910156296104
0.2019372427556131
0.202083526595916
0.2022298721757163
0.2023762837141612
0.2025227505702233
0.2026692623246145
0.2028158227737654
0.2029624354062489
0.2031091039981459
0.2032558337360069
0.2034026288455922
0.2035494844597275
0.2036963843378218
0.2038433323144862
0.2039903318266092
0.204137386525419
0.2042845014779424
0.2044316810526733
0.2045789269800818
0.2047262163644332
0.2048735530988633
0.2050209406196215
0.2051683824790585
0.2053158833904051
0.205463447960501
0.2056110800341914
0.2057587598483933
0.2059064860594611
0.2060542621474068
0.2062020916157511
0.2063499786863061
0.2064979282956454
0.2066459444362234
0.2067940151773345
0.2069421312166317
0.2070902961225967
0.2072385133409044
0.2073867866062313
0.2075351211864245
0.2076835212295464
0.2078319836738791
0.2079804901822588
0.2081290444313963
0.2082776497974223
0.20842630991644
0.2085750296284792
0.2087238134509617
0.2088726650172939
0.2090215625501125
0.2091705065640399
0.2093195004175244
0.2094685476065489
0.2096176523992547
0.2097668198187929
0.2099160537035171
0.2100653429313279
0.2102146772626998
0.2103640601426982
0.2105134949555168
0.2106629854409104
0.2108125366549545
0.2109621528690371
0.211111834876033
0.2112615604024365
0.2114113330580071
0.2115611561514358
0.2117110332623337
0.2118609689066895
0.2120109678643076
0.2121610337463438
0.2123111516452465
0.2124613150780959
0.2126115273509507
0.2127617918403106
0.2129121124763583
0.2130624942226526
0.2132129411626536
0.2133634520476302
0.2135140066778072
0.213664608516852
0.2138152608251827
0.213965967164732
0.2141167320063506
0.2142675601080326
0.2144184549589209
0.2145694018733946
0.2147203941336756
0.2148714349605286
0.2150225276772526
0.2151736762138877
0.2153248853396229
0.2154761591496698
0.2156274987229176
0.2157788815297491
0.2159303109533863
0.2160817901651829
0.2162333226268036
0.2163849125704528
0.216536564829433
0.2166882828953784
0.2168400568044627
0.216991875169955
0.2171437411472528
0.2172956579204239
0.2174476291609773
0.2175996593199769
0.2177517528014379
0.2179039127583514
0.2180561198792901
0.2182083723143088
0.2183606730810994
0.2185130254360136
0.2186654333619359
0.2188179013443951
0.21897043323549
0.219123029092011
0.2192756676418275
0.2194283520253221
0.2195810852078784
0.2197338704451447
0.2198867117604141
0.2200396135763431
0.2201925793513147
0.220345602824993
0.2204986692921724
0.2206517816923353
0.220804942899413
0.2209581561079088
0.2211114252971681
0.2212647547378246
0.2214181475682663
0.2215715934056854
0.2217250819251105
0.2218786158766055
0.2220321979874322
0.2221858313429373
0.2223395197115388
0.2224932670483257
0.222647076249175
0.2228009357805231
0.2229548368253362
0.2231087818859995
0.223262773394111
0.2234168140611324
0.2235709073291876
0.2237250566719738
0.2238792649057672
0.224033523500604
0.2241878211560301
0.22434216006883
0.2244965421815102
0.2246509696636109
0.2248054452233624
0.2249599716767287
0.225114551710391
0.2252691855928272
0.2254238542605992
0.2255785596009546
0.2257333030873097
0.2258880859805489
0.2260429097154916
0.226197776232388
0.2263526874781919
0.2265076448347593
0.2266626446890412
0.2268176737598433
0.2269727332523051
0.2271278238830253
0.2272829460233302
0.2274380996417675
0.227593284870497
0.2277485022339712
0.227903752468239
0.2280590361451307
0.2282143444146528
0.2283696714511465
0.2285250178430534
0.2286803840241636
0.2288357700972578
0.228991175757673
0.2291466013487404
0.2293020478148861
0.2294575094805139
0.2296129755159743
0.2297684482621759
0.2299239304942928
0.230079423818888
0.2302349281777526
0.2303904436561867
0.2305459696102658
0.2307015052471791
0.2308570507101815
0.2310125983923673
0.2311681401599812
0.2313236776039092
0.2314792121562354
0.2316347447847369
0.23179027715362
0.2319458095549179
0.2321013417380286
0.2322568733390221
0.2324124038505094
0.2325679334117197
0.2327234570337014
0.2328789721850975
0.2330344793832942
0.233189978778092
0.2333454705090417
0.2335009547141562
0.2336564322886137
0.2338119032898758
0.2339673672741158
0.2341228226221028
0.2342782650846766
0.2344336953180827
0.2345891139663023
0.2347445216191956
0.2348999194194793
0.2350553078593605
0.2352106861053856
0.2353660541066047
0.2355214104900021
0.2356767533843401
0.2358320836237375
0.2359874020493676
0.2361427095857539
0.2362980073470978
0.2364532951299425
0.2366085729326454
0.2367638412077279
0.2369190969421194
0.2370743403804839
0.2372295723276901
0.2373847935455495
0.2375400051482842
0.2376952073850182
0.2378504000846294
0.238005583631414
0.2381607569028482
0.238315918482283
0.238471069186428
0.2386262097843805
0.2387813410891983
0.2389364639272547
0.2390915779150921
0.2392466833553114
0.2394017805741458
0.23955686692119
0.2397119431896
0.2398670100849566
0.240022068307844
0.2401771187482262
0.2403321613902168
0.240487196311156
0.2406422239508358
0.2407972426129429
0.2409522520649862
0.2411072529658561
0.2412622459151443
0.2414172317295061
0.2415722108366081
0.2417271830320029
0.2418821486641547
0.2420371075921403
0.2421920581303229
0.2423470009263465
0.2425019365634371
0.2426568656651164
0.2428117888868666
0.2429667061959921
0.2431216176840653
0.2432765236483946
0.2434314230283927
0.2435863153781804
0.2437412012741555
0.243896081193022
0.2440509558915282
0.2442058257672169
0.2443606906176877
0.2445155506478535
0.2446704061610742
0.244825255484403
0.2449800990376294
0.2451349373071914
0.2452897709700248
0.245444600444804
0.2455994259475147
0.245754247422144
0.2459090650308006
0.246063878452872
0.2462186867488766
0.2463734903507444
0.2465282899255651
0.2466830858100911
0.2468378784942561
0.2469926679934071
0.2471474542816971
0.2473022374791475
0.2474570169487035
0.2476117923038226
0.2477665641109515
0.2479213327935737
0.2480760988760696
0.2482308625685738
0.2483856236990171
0.2485403822575339
0.2486951384768004
0.2488498914441681
0.2490046413299884
0.2491593886275203
0.2493141337822554
0.2494688770008337
0.24962361841755
0.2497783578606789
0.2499330954515882
0.2500878315212225
0.2502425650702778
0.2503972965642317
0.2505520263315336
0.2507067545328059
0.2508614813045574
0.2510162068009736
0.2511709309666275
0.2513256540233439
0.2514803759150933
0.2516350961961582
0.251789815132667
0.2519445328657785
0.2520992494166533
0.2522539649006193
0.2524086795600181
0.252563393456789
0.252718106765192
0.2528728193406208
0.2530275309670957
0.2531822417081876
0.2533369515558051
0.2534916606330659
0.2536463691639106
0.2538010773696018
0.2539557852388935
0.2541104926364214
0.2542651994367008
0.2544199057235874
0.2545746115982124
0.2547293170436918
0.2548840222278554
0.2550387273045074
0.2551934322734074
0.2553481370413352
0.2555028415653057
0.2556575459669189
0.2558122503933786
0.2559669546426457
0.2561216588336072
0.2562763629617905
0.2564310670501188
0.2565857712150066
0.2567404755659505
0.2568951801197846
0.2570498848342005
0.2572045896324299
0.2573592944022807
0.257513999167247
0.2576687039927084
0.2578234089336015
0.2579781140442313
0.2581328193944523
0.2582875250511355
0.2584422310118148
0.2585969371467984
0.2587516433738489
0.2589063497277969
0.2590610562386634
0.2592157629592519
0.2593704699654378
0.2595251773306725
0.2596798851340469
0.259834593419917
0.2599893020621507
0.2601440108345374
0.2602987197519384
0.2604534288607285
0.2606081382379857
0.2607628479621732
0.260917558105774
0.2610722687166551
0.2612269795440803
0.2613816904745605
0.2615364015261569
0.2616911127502031
0.2618458242241894
0.2620005360279939
0.2621552482077554
0.2623099608606667
0.2624646741594528
0.2626193881926134
0.2627741025390942
0.2629288171615675
0.2630835321128678
0.2632382474217584
0.2633929632687992
0.2635476799410505
0.2637023976739825
0.2638571167860875
0.2640118376465488
0.264166560559921
0.2643212840202434
0.2644760081265725
0.2646307329337561
0.2647854584926913
0.2649401849510759
0.2650949126061987
0.2652496417129012
0.2654043710223018
0.2655591005598811
0.2657138303100512
0.2658685593634175
0.2660232870909559
0.2661780133835546
0.266332738384327
0.2664874622213808
0.2666421849899515
0.2667969068186688
0.2669516279044882
0.2671063484546297
0.2672610686470162
0.2674157886019819
0.2675705084169781
0.2677252280787482
0.2678799476221947
0.2680346672549882
0.2681893872012631
0.2683441075735282
0.2684988285027837
0.2686535501437996
0.2688082724814201
0.2689629951509908
0.2691177181527588
0.2692724414903134
0.2694271653434089
0.2695818898990662
0.2697366153134803
0.2698913418592915
0.2700460698331996
0.2702007995168436
0.2703555311871614
0.2705102633105019
0.270664996076788
0.2708197296713611
0.2709744641314795
0.2711291996182943
0.2712839364294055
0.2714386748289723
0.271593414911876
0.2717481554776752
0.2719028965822131
0.272057638221876
0.2722123804116381
0.2723671233272344
0.2725218672322559
0.272676611629587
0.2728313561755139
0.2729861009020002
0.2731408455557378
0.2732955900446488
0.2734503344313575
0.2736050786895418
0.2737598228610639
0.2739145670003614
0.2740693112361202
0.2742240556887024
0.2743788004438383
0.2745335456126805
0.2746882913362277
0.2748430375250041
0.2749977839204848
0.2751525304950723
0.2753072772656843
0.2754620243004002
0.2756167716455858
0.2757715193004764
0.2759262670962032
0.2760810147912817
0.2762357622494189
0.2763905094432543
0.2765452563571975
0.2767000030635863
0.2768547496830245
0.2770094963879915
0.2771642432293777
0.277318990298696
0.2774737376909731
0.2776284854210694
0.2777832335121284
0.2779379820169686
0.2780927309772565
0.2782474804400896
0.2784022304733463
0.2785569812474776
0.2787117326793703
0.2788664841958937
0.2790212354846143
0.2791759863436535
0.2793307367900608
0.2794854868774845
0.2796402366785128
0.2797949862085887
0.2799497355083822
0.2801044847045118
0.2802592339911653
0.2804139834803081
0.2805687332640053
0.2807234834856899
0.2808782343172962
0.2810329858443674
0.281187737766133
0.2813424899152748
0.2814972423144175
0.2816519949414517
0.2818067459628329
0.2819614964985101
0.282116246593136
0.2822709965190145
0.282425746490423
0.2825796068915479
0.282731663377183
0.2828816316755469
0.2830305654480877
0.2831786488963331
0.2833250635243031
0.2834705753494022
0.2836154170310125
0.2837589188911944
0.2839016988508334
0.2840443371394602
0.2841861197022436
0.2843273832524333
0.284468571311202
0.2846090422427233
0.2847492057880647
0.284889391181531
0.2850292015802068
0.2851688278530441
0.2853084497926358
0.2854478599773767
0.2855871568405348
0.285726512762772
0.2858658667690999
0.2860051657841787
0.2861445505287346
0.286284027703947
0.2864235721017245
0.2865631376298771
0.2867027124198989
0.2868423145991938
0.2869819957058247
0.2871217892651957
0.2872616383601413
0.2874016066570617
0.2875416849688501
0.2876818181991291
0.2878220411817361
0.2879623751730535
0.2881027788857312
0.2882432779502175
0.2883838928915662
0.2885246167646916
0.288665417232921
0.2888062866876869
0.2889472200882377
0.2890882138995493
0.289229256643192
0.28937032868065
0.2895114259713059
0.2896525477486645
0.2897937008215895
0.2899348966716157
0.2900761429766908
0.2902174383272466
0.2903587663466867
0.2905001245205685
0.2906415100324596
0.2907829201073305
0.2909243536621094
0.2910658118393986
0.2912072996017344
0.2913488173979452
0.2914903518844278
0.291631906194969
0.2917734813001988
0.2919150780041539
0.2920566952587376
0.2921983307959659
0.2923399834911893
0.2924816537386191
0.2926233421052296
0.2927650497409808
0.2929067779564441
0.2930485244903491
0.2931902836789608
0.293332051159947
0.2934738268324586
0.2936156107838666
0.2937574032049426
0.2938992045920427
0.294041015168982
0.2941828347382924
0.2943246615504409
0.2944664938670821
0.2946083297611802
0.2947501687203956
0.2948920104996497
0.2950338565879043
0.2951757080828479
0.2953175657300915
0.295459430018976
0.2956012994749789
0.2957431716575241
0.2958850451583677
0.2960269188563773
0.2961687917312388
0.2963106634558225
0.2964525349398566
0.2965944081486935
0.2967362852661242
0.2968781658113533
0.297020044240249
0.2971619216077317
0.2973037992526507
0.2974456777463481
0.2975875575732954
0.2977294396544236
0.297871325428488
0.2980132142530163
0.2981551067332501
0.2982970038123804
0.298438906309474
0.2985808156856405
0.2987227336007963
0.2988646544565684
0.2990065795456532
0.299148509988103
0.2992904460175101
0.2994323875140345
0.2995743328500693
0.2997162804708477
0.2998582301079669
0.3000001798783841
0.300142126166299
0.3002840658418059
0.3004259971058026
0.3005679211084964
0.3007098400028928
0.3008517563885612
0.3009936708847418
0.3011355741135129
0.3012774694974064
0.3014193595333923
0.3015612469888023
0.3017031350575171
0.3018450257496956
0.3019869205496354
0.3021288144010444
0.3022707081302282
0.3024126025461106
0.3025545004123026
0.3026964043798629
0.3028383145698255
0.3029802288835727
0.303122148746008
0.3032640760824004
0.3034060143908051
0.3035479660837784
0.3036899245146043
0.3038318876290649
0.3039738568268943
0.3041158320577134
0.3042578126476115
0.3043997974130035
0.3045417824051691
0.304683765941674
0.3048257408164658
0.3049677061774361
0.305109661937096
0.3052516031491314
0.3053935317789115
0.3055354510231056
0.3056773644289529
0.3058192765325938
0.3059611895434804
0.3061030966822633
0.3062450005249396
0.3063869052614592
0.3065288126287808
0.3066707238768888
0.3068126423573884
0.3069545681873741
0.3070964958906035
0.3072384273201084
0.3073803661164587
0.3075223155522096
0.3076642641700473
0.307806217172871
0.3079481797989497
0.3080901560554009
0.3082321484748934
0.3083741541115491
0.3085161674058127
0.3086581856849943
0.3088002073451037
0.3089422307084758
0.3090842531202729
0.3092262692115729
0.309368274064166
0.3095102667351292
0.3096522494805218
0.3097942256383109
0.3099361994575375
0.3100781658429905
0.3102201243756276
0.3103620776589467
0.3105040298462523
0.310645983630344
0.3107879404621131
0.3109299025879179
0.3110718681177574
0.311213833926848
0.311355801032815
0.3114977724980978
0.3116397499452001
0.3117817284994929
0.3119237133481352
0.3120657103522846
0.3122077253677437
0.3123497537516321
0.3124917897625713
0.31263383498561
0.3127758879474115
0.3129179470071987
0.3130600071586911
0.3132020619171097
0.3133441029940487
0.3134861246146591
0.3136281253594468
0.3137701099100691
0.3139120832691972
0.3140540513495555
0.3141960053034173
0.3143379466970517
0.314479878875975
0.3146218067573869
0.3147637344528067
0.314905662839252
0.3150475864361837
0.3151895077962339
0.3153314294085934
0.3154733521523527
0.3156152773452704
0.3157572073172563
0.3158991448235631
0.3160410843791727
0.3161830275012185
0.3163249769743083
0.3164669379406345
0.3166089009039806
0.3167508672193606
0.316892839536465
0.3170348197710247
0.3171768088632472
0.3173188057086526
0.3174608075341235
0.3176028123155843
0.3177448190923032
0.3178868266148632
0.3180288332925625
0.318170837372022
0.3183128380141899
0.3184548388536084
0.3185968411305899
0.3187388454369117
0.3188808518099743
0.3190228605037678
0.319164870307978
0.3193068878686834
0.3194489088604932
0.3195909346996321
0.3197329800407301
0.3198750435849592
