0
0.0002641107046026614
0.0004499668422928168
0.000625120558814046
0.0007934747887229832
0.0009513407989619258
0.001105058505774925
0.001257841115375493
0.001407805301079536
0.001555251625175582
0.001702543604338563
0.001849802913314377
0.001996031011892169
0.002142528115757217
0.002288917128899682
0.002435096030105859
0.002580994049339911
0.002726090603261566
0.002871515848838299
0.003015479966191914
0.003159268920251252
0.003302909549637266
0.003445643355605665
0.003588421431604375
0.003730875970454695
0.003872812097361919
0.004014787474083206
0.004156509084483381
0.004297858943510248
0.004439268560332409
0.004580438472615975
0.004721336378638547
0.004862311684813699
0.005003053496083265
0.005143611744301926
0.005284257718414038
0.005424778774748439
0.005565167050232704
0.005705612768445035
0.005845975432555079
0.005986240995585578
0.006126543039729492
0.006266865158598338
0.006407105663024366
0.00654735412356125
0.006687682854702805
0.006827945163765896
0.006968211765766713
0.007108538198583442
0.007248909759165225
0.007389275844730412
0.007529654609002061
0.007670069594549528
0.007810548792006936
0.007951080782903729
0.008091654320439378
0.008232285501417384
0.008372921705529226
0.008513601305920791
0.008654345722979169
0.008795136420047247
0.008935947337550536
0.009076807787634259
0.009217722321717515
0.009358676401244584
0.009499657965406225
0.009640672161671991
0.009781713305791509
0.009922778705835881
0.01006386180356546
0.01020495525053324
0.01034605638778921
0.01048716671924605
0.01062828614551922
0.01076941530280667
0.01091054352005027
0.01105166716271536
0.01119278749470255
0.0113339013992222
0.01147502256526799
0.01161614422972149
0.01175725908947921
0.01189836745942598
0.01203947552621876
0.01218059574093219
0.01232170788450978
0.01246281706297296
0.01260392745870919
0.0127450474010833
0.01288616958519669
0.0130272898668388
0.01316841329844844
0.01330954690095758
0.01345069085036569
0.01359183526283353
0.01373298246518021
0.01387413872534256
0.01401531042994886
0.01415648414591434
0.01429766130405257
0.01443884475642231
0.01458003971936902
0.01472124340814125
0.01486244998773017
0.01500366144372721
0.01514488147517259
0.01528611494834877
0.01542735152779921
0.0155685916226717
0.01570983763493275
0.01585109344958979
0.01599235809211697
0.01613362603182826
0.01627489843951365
0.01641617773523414
0.01655746821384836
0.01669876388246972
0.01684006320215718
0.01698136768084926
0.01712268044317634
0.01726400356069641
0.01740532949539779
0.01754665951929475
0.01768799572340899
0.0178293414879376
0.01797069236716924
0.01811204659144081
0.01825340541489513
0.01839477130092105
0.01853614579790499
0.01867752266894576
0.01881890304858589
0.01896028860787416
0.01910168217212653
0.01924307920757135
0.01938447903057038
0.01952588288913311
0.01966729269183351
0.01980870986764794
0.01995012928252584
0.0200915516950049
0.02023297824586295
0.02037441102382643
0.02051585053030683
0.02065729199736754
0.02079873631341492
0.02094018430863201
0.02108163841617671
0.02122309814076163
0.02136455937111876
0.02150602306109067
0.02164749038864081
0.02178896289987578
0.02193044028813965
0.02207191834543007
0.02221339831834175
0.0223548818007095
0.02249637191841858
0.02263786223605747
0.02277935373526489
0.0229208472470624
0.02306234546747654
0.02320384787971905
0.02334535091282535
0.0234868559635098
0.02362836437877642
0.02376987886806286
0.02391139547423856
0.02405291351828622
0.0241944343894495
0.02433596024437164
0.02447749162060606
0.0246190243641515
0.02476055948794095
0.02490209851836777
0.02504364391300936
0.02518519303211347
0.02532674410832855
0.0254682982903335
0.02560985715165673
0.02575142318166478
0.02589299109519729
0.02603456120162133
0.02617613482548622
0.02631771376431657
0.02645929723347578
0.02660088236994027
0.02674247000403472
0.026884061587537
0.02702565917756837
0.0271672589249138
0.02730886044890082
0.02745046478327455
0.02759207327559656
0.02773368715715915
0.02787530221277978
0.0280169190837293
0.02815853894431233
0.02830016344233346
0.02844179173287258
0.02858342126025497
0.02872505279143545
0.02886668755620371
0.02900832745602695
0.02914997002526202
0.0292916138083111
0.02943325975820785
0.02957490911436376
0.02971656391043949
0.02985821945093856
0.02999987633763243
0.03014153575538056
0.03028319911719273
0.03042486589307841
0.03056653350015114
0.03070820272506372
0.03084987480024698
0.03099155145743487
0.03113322968007056
0.03127490882198411
0.0314165898366048
0.0315582742927169
0.03169996198258178
0.03184165028032296
0.03198333987967559
0.03212503197172133
0.03226672797957934
0.03240842517827327
0.03255012320388454
0.03269182288486597
0.03283352556783715
0.03297523178903392
0.03311693846627239
0.03325864621024596
0.03340035596369322
0.03354206931742841
0.03368378463110834
0.03382550072904031
0.0339672182950824
0.03410893845866014
0.03425066274449279
0.03439238806265039
0.03453411445571138
0.03467584265453037
0.03481757405143329
0.03495930967075041
0.03510104615443305
0.03524278397141162
0.03538452400730022
0.03552626769922061
0.03566801460806267
0.03580976252849766
0.03595151202008633
0.03609326413260246
0.03623502043509672
0.0363767785025684
0.03651853769702765
0.03666029868377843
0.03680206275149008
0.03694383062090287
0.0370855992784796
0.03722736916256452
0.0373691411211676
0.03751091651160323
0.03765269394830956
0.03779447222766991
0.03793625189640483
0.03807803395174122
0.03821981978349774
0.03836160637512272
0.03850339390014161
0.03864518301627761
0.03878697490168678
0.03892876979407293
0.03907056534386991
0.03921236193827755
0.03935416029026795
0.03949596178215451
0.03963776543173709
0.03977956979752318
0.03992137535544599
0.04006318293910435
0.04020499395470425
0.04034680640343251
0.04048861956715452
0.04063043405007174
0.04077225087744967
0.04091407106590422
0.04105589172125034
0.04119771321273306
0.04133953621992534
0.04148136211376593
0.04162319036665892
0.04176501925295927
0.04190684926238448
0.04204868126847541
0.04219051668242951
0.04233235381074582
0.04247419172455986
0.04261603098731988
0.04275787280084664
0.04289971838945358
0.04304156467042703
0.04318341201955611
0.04332526118652812
0.04346711351261753
0.04360896842396831
0.04375082420666879
0.04389268130353224
0.04403454070367002
0.04417640368628885
0.04431826795218898
0.04446013317484344
0.04460199996712198
0.04474386940715454
0.04488574123814944
0.04502761382028524
0.04516948753692895
0.04531136316251141
0.04545324181184853
0.04559512117550363
0.04573700134426345
0.04587888280161614
0.04602076648386723
0.04616265236766941
0.04630453885784654
0.04644642624861049
0.046588315126283
0.04673020651340963
0.04687209935021418
0.04701399288041273
0.04715588744587084
0.0472977836796822
0.04743968270112814
0.04758158278387312
0.04772348359100483
0.04786538552354923
0.04800728931270364
0.04814919620674468
0.04829110377864138
0.04843301204425687
0.04857492148010687
0.04871683297029945
0.04885874701463099
0.0490006615383133
0.04914257680445489
0.04928449334172568
0.04942641224084059
0.04956833292142715
0.04971025409643343
0.04985217615423455
0.04999409979193683
0.05013602625410121
0.0502779535764207
0.0504198814629904
0.05056181039678034
0.05070374135194549
0.05084567471372461
0.05098760857306474
0.05112954323339903
0.05127147929301729
0.05141341788846172
0.05155535804276216
0.05169729885725469
0.05183924072773027
0.05198118447214782
0.05212313122063274
0.05226507863630079
0.05240702683458762
0.05254897633493102
0.05269092806911473
0.05283288178954339
0.05297483616654429
0.0531167915234937
0.05325874850684374
0.0534007081237831
0.05354266860687577
0.05368462985299029
0.05382659223625137
0.05396855650564528
0.05411052302388521
0.05425249009459356
0.05439445796290811
0.05453642707261951
0.05467839828352892
0.05482037086406459
0.05496234402717462
0.0551043180460872
0.05524629344384573
0.05538827115621253
0.05553024960661739
0.05567222864830881
0.0558142086075671
0.05595619008072829
0.05609817383510687
0.05624015794592017
0.05638214264739312
0.05652412834112112
0.05666611578914603
0.05680810486540538
0.05695009434177704
0.05709208446096276
0.05723407566910322
0.05737606891013243
0.05751806315660502
0.05766005784056005
0.0578020532938148
0.05794405011470077
0.05808604921347333
0.05822804858892051
0.05837004850714452
0.05851204937256754
0.05865405201232582
0.05879605636649537
0.058938061195379
0.05908006676256168
0.05922207357416544
0.05936408258374225
0.0595060929398393
0.05964810391015549
0.05979011580619396
0.05993212931585659
0.0600741454056404
0.06021616233408145
0.06035817998441178
0.06050019874256562
0.06064221944750506
0.06078424223071297
0.06092626560953275
0.06106828984398827
0.06121031542645186
0.06135234320381396
0.06149437210747691
0.06163640162878534
0.06177843206605587
0.06192046403778494
0.06206249780764598
0.06220453198616736
0.06234656679388642
0.06248860258703424
0.06263064009917602
0.06277267816091171
0.06291471663774931
0.0630567558081247
0.06319879613746625
0.06334083789441722
0.06348287984260655
0.0636249222530102
0.06376696544400094
0.06390900996016446
0.06405105546864057
0.06419310124329355
0.06433514756178584
0.06447719478208679
0.06461924356691459
0.064761293172112
0.06490334316883814
0.06504539382060466
0.06518744551445636
0.06532949902293969
0.06547155331947944
0.06561360806938765
0.06575566354669458
0.06589772024236228
0.06603977901700107
0.06618183810305479
0.06632389770265922
0.06646595812575505
0.06660802002665241
0.06675008346451088
0.06689214726816405
0.06703421168280636
0.06717627708036412
0.06731834423912092
0.06746041226943376
0.06760248072334858
0.06774454988966637
0.06788662029261278
0.06802869242385458
0.06817076486966625
0.06831283785204427
0.06845491168189238
0.06859698704615247
0.06873906358283172
0.06888114054545574
0.0690232181921922
0.06916529691824178
0.06930737746214233
0.06944945878616526
0.06959154062204412
0.06973362325518249
0.06987570721620945
0.07001779313798177
0.07015987945682364
0.0703019663793692
0.07044405419601486
0.07058614357165237
0.07072823432932535
0.07087032554496006
0.07101241744448664
0.07115451038340055
0.07129660505584193
0.0714387005112337
0.07158079642770152
0.07172289308415011
0.07186499093783676
0.07200709029681135
0.07214918997045065
0.07229129015904245
0.07243339114301205
0.07257549351265975
0.07271759672321583
0.07285970028632831
0.07300180444368273
0.07314390954194575
0.07328601620953484
0.073428123280255
0.07357023074934133
0.07371233890176429
0.07385444816776468
0.07399655877770819
0.07413866967466005
0.07428078105567784
0.07442289320540145
0.07456500668875163
0.07470712118497837
0.0748492360368158
0.07499135147435169
0.07513346782329156
0.0752755857275831
0.07541770429394119
0.07555982326221078
0.07570194290177394
0.07584406362206669
0.07598618583220727
0.07612830832742308
0.07627043129044979
0.07641255500712346
0.07655468003226225
0.07669680597720879
0.07683893226302344
0.07698105911879416
0.07712318686246655
0.07726531608345566
0.07740744569805716
0.07754957568965672
0.07769170633150145
0.07783383802819936
0.07797597087274748
0.07811810398909061
0.07826023756403583
0.07840237188428359
0.0785445074641829
0.07868664386140414
0.07882878060329683
0.078970917907721
0.07911305606876734
0.07925519567535692
0.0793973359560313
0.07953947662389474
0.07968161792250388
0.07982376020949931
0.07996590418632156
0.08010804849226155
0.08025019323083223
0.08039233866548251
0.08053448528327009
0.08067663327911233
0.08081878158555179
0.08096093037678072
0.08110307991777119
0.08124523077546253
0.08138738263096339
0.08152953478381091
0.08167168746389264
0.08181384099411275
0.08195599594101913
0.082098151059596
0.08224030651173904
0.08238246256756358
0.08252461965817365
0.08266677730967752
0.08280893516021264
0.08295109342872115
0.08309325243930205
0.08323541245530684
0.08337757255205559
0.08351973294016564
0.08366189389571758
0.08380405577785706
0.08394621814936619
0.08408838071149541
0.08423054369384249
0.08437270740179983
0.08451487227637614
0.08465703737199515
0.08479920280336267
0.084941368786635
0.08508353566987865
0.08522570377464292
0.08536787216190256
0.08551004097016121
0.08565221043984031
0.0857943809509458
0.08593655260217838
0.08607872459032063
0.08622089706969026
0.08636307029580413
0.08650524470571959
0.08664742001399191
0.08678959568665567
0.08693177189425119
0.08707394891097311
0.08721612720016608
0.08735830605496224
0.08750048523994607
0.08764266495575683
0.08778484549101877
0.08792702711634895
0.088069208928714
0.08821139105752077
0.08835357374376947
0.08849575730973663
0.08863794143272766
0.08878012572234889
0.08892231035351569
0.08906449559508446
0.08920668177885641
0.08934886823519747
0.08949105486980721
0.08963324190782448
0.08977542965854929
0.08991761833781781
0.09005980712487545
0.09020199619168175
0.09034418580531267
0.09048637631094908
0.09062856763976475
0.09077075919122883
0.09091295114084283
0.09105514375896956
0.09119733752553094
0.09133953203770467
0.09148172685936606
0.09162392219011209
0.09176611837887358
0.09190831592710566
0.09205051391613511
0.09219271228389354
0.09233491125754412
0.09247711126556117
0.09261931236659278
0.09276151378098609
0.09290371566032751
0.09304591828255863
0.09318812207153543
0.09333032647703601
0.09347253121605954
0.09361473647211148
0.09375694258871418
0.09389914973452761
0.09404135711967399
0.09418356486970958
0.0943257732090934
0.09446798250511688
0.09461019229484792
0.09475240233873211
0.09489461279878844
0.09503682394052916
0.09517903608107546
0.09532124839056288
0.09546346097756628
0.09560567403572362
0.0957478878657175
0.09589010243834145
0.09603231720550316
0.0961745322852007
0.09631674788701325
0.09645896433975173
0.09660118137780092
0.09674339862767528
0.09688561622992799
0.09702783442879354
0.0971700535477234
0.09731227312510754
0.0974544929066509
0.09759671306410136
0.09773893385406522
0.0978811556800018
0.09802337763227996
0.09816559981995469
0.09830782244423994
0.09845004581459506
0.09859226989315675
0.09873449412463585
0.09887671864883429
0.09901894370048327
0.09916116962288719
0.09930339593293872
0.09944562243000088
0.09958784929581595
0.09973007681925594
0.09987230518362497
0.1000145336831217
0.1001567624460306
0.1002989916789326
0.1004412217384103
0.1005834522863757
0.1007256830419508
0.1008679141559859
0.1010101458830834
0.1011523785834789
0.10129461146702
0.1014368446221564
0.1015790782257758
0.101721312579323
0.1018635477440871
0.1020057831387404
0.1021480188758007
0.102290255162691
0.1024324923158901
0.1025747301562924
0.1027169682770438
0.1028592068032636
0.1030014459622132
0.1031436860990584
0.1032859268673805
0.1034281679493261
0.1035704094920815
0.1037126517511925
0.1038548950669572
0.1039971389225169
0.1041393830938343
0.1042816277334545
0.1044238731245847
0.1045661196032646
0.1047083662919908
0.1048506132806308
0.1049928607433267
0.1051351089819405
0.1052773580422543
0.1054196072567836
0.1055618567543029
0.1057041067542515
0.1058463576570538
0.1059886087587347
0.1061308600157656
0.1062731116011297
0.1064153637950906
0.1065576164316441
0.106699869147673
0.1068421220828517
0.1069843754502883
0.1071266294719475
0.107268883523375
0.1074111377245141
0.1075533922506768
0.107695647369678
0.1078379028128601
0.1079801583659659
0.1081224141739914
0.1082646704396738
0.108406927445757
0.1085491845990896
0.1086914419591916
0.1088336996595232
0.1089759579381817
0.1091182169636759
0.1092604761802538
0.1094027356630067
0.1095449955548012
0.1096872561058796
0.1098295174140685
0.10997177893318
0.1101140407568134
0.1102563030453252
0.1103985660729477
0.1105408297419926
0.1106830936401101
0.1108253578615518
0.1109676225686431
0.1111098880732199
0.1112521540753979
0.111394420283538
0.1115366868050795
0.1116789538205822
0.1118212216897924
0.1119634897733324
0.1121057580294293
0.1122480265955971
0.1123902956795115
0.1125325653571869
0.1126748351095692
0.1128171050313806
0.1129593752910537
0.1131016461298497
0.1132439172076253
0.1133861883629117
0.113528459729175
0.1136707315009675
0.1138130038428662
0.1139552761981005
0.1140975486851004
0.1142398214663064
0.1143820948015828
0.1145243684674012
0.1146666422289342
0.1148089162156352
0.1149511906241842
0.1150934657547631
0.1152357410859704
0.1153780166158984
0.1155202924704003
0.1156625688959019
0.115804846201213
0.1159471236971983
0.1160894014587308
0.1162316796376612
0.1163739584990485
0.116516238163137
0.1166585180627297
0.1168007982998513
0.116943079045793
0.1170853605842624
0.1172276427489743
0.1173699251798495
0.1175122079962559
0.1176544913964973
0.1177967756508374
0.117939060331538
0.1180813452894828
0.1182236306482167
0.1183659166456863
0.1185082034060794
0.1186504903610819
0.118792777592013
0.1189350652256665
0.1190773535332422
0.1192196422828647
0.1193619312024808
0.1195042203790255
0.1196465099661697
0.1197888002665473
0.1199310906842133
0.1200733812418334
0.1202156720618517
0.1203579633354688
0.1205002550033845
0.1206425467303291
0.1207848386091384
0.1209271307876314
0.1210694234819989
0.1212117162869
0.1213540091720895
0.1214963022581099
0.1216385957195928
0.1217808896448316
0.1219231836031963
0.1220654776946017
0.1222077720556165
0.122350066908474
0.1224923620700677
0.1226346573286137
0.1227769527851948
0.1229192485907507
0.1230615450065099
0.1232038416477844
0.1233461384533667
0.1234884355303427
0.1236307330618283
0.1237730313122348
0.1239153297591278
0.124057628404811
0.124199927364678
0.1243422268666342
0.1244845270057572
0.1246268273112832
0.1247691278579156
0.1249114287847888
0.1250537303433813
0.1251960323340158
0.1253383345108036
0.1254806369629942
0.1256229398514317
0.1257652434255117
0.1259075472290618
0.1260498512114973
0.1261921554819071
0.1263344602361801
0.1264767654931027
0.1266190708770859
0.1267613764569366
0.1269036823512061
0.1270459887991182
0.1271882955278805
0.127330602392637
0.1274729094776237
0.1276152169213587
0.1277575249677967
0.1278998331530359
0.1280421414733797
0.1281844500373235
0.1283267590209889
0.1284690684679231
0.128611378001032
0.1287536876908222
0.1288959976574352
0.1290383081162745
0.1291806188386927
0.129322929665577
0.1294652406814985
0.1296075520219106
0.129749863909162
0.1298921759031257
0.1300344880153976
0.130176800356306
0.1303191131040874
0.1304614262647713
0.1306037395093889
0.1307460529161875
0.1308883666030689
0.131030680801751
0.131172995348604
0.1313153100375936
0.131457624953471
0.1315999402429245
0.1317422561449756
0.1318845724482798
0.1320268889411114
0.1321692057200845
0.1323115229835125
0.1324538409577788
0.1325961593241591
0.1327384779212277
0.1328807968595225
0.1330231163662235
0.1331654366797573
0.133307757186189
0.1334500779531469
0.1335923991341567
0.133734720944088
0.1338770433698654
0.1340193660041574
0.1341616889332725
0.1343040123221442
0.1344463363815711
0.1345886608044168
0.1347309854307547
0.1348733103530638
0.1350156357745697
0.1351579616868809
0.1353002877373338
0.1354426139887395
0.1355849405507499
0.1357272676391286
0.135869594869569
0.1360119222139525
0.1361542497592022
0.1362965776444229
0.1364389057782716
0.1365812339517281
0.1367235622411427
0.1368658907564541
0.1370082196268418
0.1371505485076483
0.1372928774323409
0.1374352064949947
0.1375775358133814
0.1377198654039615
0.1378621950022728
0.1380045246726501
0.1381468545200656
0.1382891846766197
0.1384315150356398
0.1385738454278684
0.1387161759393632
0.1388585066796855
0.1390008378123122
0.1391431691245745
0.139285500514212
0.1394278320619491
0.1395701638823635
0.1397124961846445
0.1398548286599887
0.1399971612585156
0.1401394940633661
0.1402818272115613
0.1404241609389093
0.1405664948088418
0.140708828830314
0.1408511630940012
0.1409934977809128
0.1411358330065006
0.1412781683569103
0.141420503891556
0.141562839718468
0.1417051760450166
0.1418475127763467
0.1419898496490233
0.1421321867362111
0.1422745241732038
0.1424168621663325
0.1425592003560816
0.1427015386889538
0.1428438772521375
0.1429862162196634
0.1431285555219917
0.1432708949265026
0.1434132344965844
0.1435555743385679
0.1436979146142219
0.1438402549520649
0.1439825953979961
0.1441249360283377
0.1442672769669076
0.1444096181538286
0.1445519593917235
0.1446943007463139
0.1448366423116877
0.1449789842295769
0.1451213262635173
0.1452636683640306
0.1454060106032895
0.1455483530835897
0.1456906959612797
0.1458330389040237
0.1459753819388459
0.1461177251394932
0.1462600686168837
0.1464024125456267
0.1465447565279457
0.1466871006191741
0.1468294449047705
0.1469717895203136
0.1471141345254476
0.1472564796129893
0.1473988248384132
0.1475411702909229
0.1476835161545542
0.1478258623263494
0.1479682086065441
0.148110555062885
0.1482529018106868
0.1483952490413144
0.1485375965252253
0.1486799441414925
0.1488222919671024
0.1489646401667178
0.149106988908363
0.149249337769028
0.1493916868044899
0.149534036116919
0.1496763858810767
0.1498187360609896
0.1499610863930224
0.1501034369473372
0.1502457878394649
0.150388139239918
0.1505304909248358
0.1506728427746997
0.1508151948703125
0.1509575473464119
0.1510999002959028
0.1512422533626815
0.1513846066005294
0.1515269600921397
0.1516693139899393
0.1518116680978013
0.1519540223153212
0.1520963767004153
0.1522387313441442
0.1523810863344929
0.1525234413693877
0.1526657964946209
0.1528081517825901
0.1529505073365126
0.1530928630569389
0.1532352188082919
0.1533775746521681
0.153519930673967
0.1536622869740155
0.1538046433973749
0.1539469998576158
0.1540893564244735
0.1542317131935589
0.1543740702846057
0.1545164275287684
0.1546587848353516
0.1548011422793085
0.1549434999669511
0.1550858580999948
0.1552282163082338
0.1553705746160121
0.1555129331029521
0.1556552919193473
0.1557976511592964
0.1559400104860315
0.1560823699548413
0.1562247296598167
0.1563670897767577
0.1565094502173523
0.1566518107728145
0.1567941715099824
0.1569365325598861
0.1570788941019017
0.1572212557626134
0.1573636175636195
0.1575059795931961
0.1576483419903013
0.1577907046689744
0.1579330674646671
0.1580754304380058
0.1582177936903877
0.1583601573381939
0.158502521082528
0.1586448849636541
0.1587872490534432
0.1589296134588166
0.1590719781190122
0.159214342878348
0.1593567077840073
0.1594990729107193
0.1596414383836829
0.1597838040059191
0.1599261697290034
0.1600685356036381
0.1602109017078358
0.1603532681824369
0.1604956347588761
0.1606380014327318
0.1607803682581561
0.160922735318602
0.1610651027790188
0.1612074703017055
0.1613498379098141
0.161492205664476
0.1616345736518602
0.1617769420209949
0.1619193104297254
0.1620616789179289
0.1622040475581825
0.1623464164418494
0.1624887856456342
0.1626311548755008
0.1627735241879968
0.1629158936690059
0.1630582634485378
0.1632006333625488
0.1633430033168893
0.1634853733872598
0.1636277436819958
0.1637701142168279
0.1639124847685445
0.1640548554030065
0.1641972262095804
0.1643395973352937
0.1644819685263681
0.1646243397980354
0.1647667112193262
0.1649090829093341
0.1650514549225059
0.1651938270214113
0.1653361992586002
0.1654785717172463
0.1656209445150376
0.1657633176434746
0.165905690904406
0.1660480643511458
0.1661904380698792
0.1663328122068935
0.16647518665405
0.1666175612826972
0.1667599361430135
0.166902311348025
0.1670446870597087
0.1671870629747246
0.1673294391159477
0.1674718155531704
0.1676141924054317
0.1677565696762573
0.1678989471500073
0.1680413248671694
0.1681837029075596
0.1683260813779618
0.1684684601277778
0.1686108390607112
0.1687532181740789
0.16889559753773
0.1690379772435921
0.1691803571618417
0.1693227371536619
0.1694651172334675
0.1696074974397677
0.169749877835139
0.1698922584117078
0.17003463893035
0.1701770194402481
0.1703193999577883
0.1704617805969072
0.1706041613675559
0.170746542044017
0.1708889226983067
0.1710313033483944
0.1711736842865881
0.1713160650867387
0.1714584458611591
0.1716008266685117
0.1717432076551348
0.1718855886548711
0.1720279696301773
0.1721703506893536
0.1723127319563592
0.1724551133081866
0.1725974946790241
0.1727398761711865
0.1728822578946485
0.1730246398333762
0.1731670218420251
0.173309403966765
0.1734517862758879
0.1735941688766908
0.1737365516121649
0.1738789344483514
0.1740213174403817
0.1741637006804211
0.1743060842056427
0.1744484678461705
0.1745908516283901
0.1747332356422328
0.1748756200616056
0.1750180046319399
0.1751603894636546
0.1753027745813223
0.1754451601276099
0.1755875458611562
0.1757299320026349
0.1758723186190696
0.1760147056102786
0.1761570928621022
0.1762994805379517
0.1764418686896956
0.1765842572051168
0.1767266460121801
0.1768690350605729
0.1770114243680624
0.177153813750693
0.1772962032038627
0.1774385926801743
0.1775809820135699
0.177723371059225
0.1778657599853886
0.1780081491614591
0.1781505378521836
0.1782929259795949
0.1784353137202366
0.178577701520273
0.1787200895226615
0.1788624770287545
0.1790048641268223
0.179147251117574
0.1792896385791153
0.1794320257124085
0.1795744126367939
0.1797167994994121
0.1798591866435031
0.1800015736774119
0.1801439607015995
0.1802863478821485
0.1804287353613159
0.1805711228329729
0.1807135104165604
0.1808558982066123
0.1809982863228766
0.1811406746848847
0.1812830631687037
0.1814254518496968
0.1815678408450828
0.1817102302131761
0.1818526197640371
0.1819950095359249
0.1821373996515159
0.1822797901420382
0.182422180904873
0.1825645722291786
0.1827069638227807
0.1828493556748245
0.1829917481255248
0.1831341411646288
0.1832765343037368
0.1834189280531209
0.1835613227290407
0.1837037176364388
0.1838461129637008
0.1839885090896868
0.1841309060650995
0.1842733036530451
0.1844157015962966
0.1845580999237652
0.1847004985574543
0.1848428972958704
0.1849852960939713
0.1851276946523021
0.185270092871074
0.1854124910419032
0.1855548883175147
0.1856972846520963
0.1858396803623299
0.1859820759745286
0.1861244715551809
0.1862668661061728
0.186409260033193
0.1865516539218621
0.1866940484538143
0.1868364422448874
0.186978835449905
0.1871212284650168
0.1872636219259669
0.1874060156016929
0.1875484090152681
0.18769080233354
0.1878331958637267
0.187975589624775
0.1881179833687482
0.1882603772855916
0.188402771551664
0.1885451661651143
0.1886875609111845
0.1888299558635272
0.1889723511548858
0.1891147469045003
0.189257142821317
0.1893995389697155
0.1895419354653159
0.1896843323143743
0.1898267294254563
0.1899691270478599
0.1901115247299208
0.1902539226404781
0.1903963212101283
0.1905387198360797
0.1906811186113785
0.1908235181190218
0.19096591822694
0.1911083184050298
0.1912507192895321
0.1913931212834085
0.1915355239508553
0.1916779270285517
0.1918203309741689
0.1919627358176389
0.1921051414031984
0.1922475474774614
0.1923899536843353
0.1925323599645619
0.1926747662847571
0.1928171724370047
0.1929595779332182
0.193101982530148
0.1932443863689329
0.1933867899203041
0.193529193198645
0.1936715952593746
0.1938139965962466
0.1939563978523438
0.1940987991671596
0.1942411993542422
0.1943835989057403
0.1945259984504391
0.1946683986456595
0.1948107982853384
0.1949531974165062
0.1950955963585023
0.1952379955785572
0.1953803950149975
0.1955227943079145
0.1956651936380773
0.1958075932005466
0.1959499928897492
0.1960923926490876
0.1962347926124783
0.1963771929028944
0.1965195935912027
0.1966619944082096
0.1968043954375011
0.1969467968043424
0.1970891985315006
0.1972316005170797
0.1973740028689552
0.1975164054826461
0.1976588082565214
0.1978012115398496
0.1979436150424447
0.19808601858469
0.1982284227807687
0.1983708274121297
0.1985132320982918
0.1986556376141415
0.1987980443652159
0.1989404512515961
0.1990828588073028
0.1992252675385583
0.1993676775270045
0.1995100883138673
0.1996524996731862
0.1997949116152341
0.1999373238850539
0.200079736253966
0.2002221486867487
0.2003645608436232
0.2005069722877503
0.2006493829957628
0.2007917933710789
0.2009342032130114
0.2010766118527695
0.2012190197428352
0.2013614275151207
0.201503835002403
0.2016462413144616
0.2017886471104021
0.2019310529988652
0.2020734589638555
0.2022158640170665
0.2023582685568007
0.2025006730734348
0.2026430781322634
0.2027854830341158
0.2029278876572848
0.2030702922465427
0.2032126970793312
0.2033551018907925
0.2034975067400417
0.2036399117945388
0.2037823171992266
0.2039247227748186
0.2040671284847011
0.2042095344100049
0.2043519406897208
0.2044943473178153
0.2046367541816863
0.2047791613347485
0.2049215689093902
0.2050639766357996
0.2052063847802605
0.2053487932216698
0.2054912016979167
0.2056336107648118
0.2057760201539266
0.2059184295956352
0.2060608399184432
0.2062032512761432
0.2063456627000404
0.2064880749625054
0.2066304885452743
0.2067729033279646
0.2069153187503814
0.2070577350178372
0.2072001521062392
0.2073425698013324
0.2074849878258195
0.2076274060023962
0.2077698241141039
0.2079122417199545
0.2080546586719394
0.2081970752665395
0.2083394912350064
0.2084819060675312
0.2086243201274055
0.2087667340560512
0.2089091476775362
0.209051560250705
0.2091939723875439
0.2093363846672131
0.2094787965285749
0.2096212075001135
0.2097636181675698
0.2099060291061311
0.2100484405319884
0.2101908513899449
0.2103332619114932
0.2104756724208198
0.2106180832557181
0.2107604940079986
0.2109029047893495
0.2110453157787458
0.2111877270980668
0.2113301384859015
0.2114725500215553
0.2116149617971273
0.2117573739648048
0.211899786482764
0.212042199228389
0.2121846122632638
0.2123270257936028
0.21246943951578
0.2126118537447954
0.2127542681009501
0.2128966825829216
0.2130390978129349
0.2131815128149971
0.2133239280468685
0.2134663443529272
0.213608760873285
0.2137511777591636
0.2138935957968271
0.2140360152864025
0.2141784351261864
0.2143208558291683
0.2144632775118038
0.2146057000114233
0.2147481230953417
0.2148905464704567
0.2150329699064052
0.2151753933382661
0.2153178160802164
0.2154602382036597
0.2156026600015458
0.2157450804952865
0.2158874999265124
0.2160299188187052
0.2161723377626429
0.2163147553981317
0.2164571721782486
0.2165995886833486
0.2167420053791766
0.2168844208421946
0.2170268356003187
0.2171692502026072
0.2173116651865266
0.2174540799969593
0.2175964943501749
0.2177389084740143
0.2178813226634361
0.2180237369840567
0.2181661511558769
0.2183085654168551
0.2184509799154664
0.2185933946003835
0.2187358093858554
0.2188782243354099
0.2190206395559351
0.2191630552110108
0.2193054711319232
0.2194478872771919
0.2195903037591584
0.2197327206745759
0.2198751378474244
0.2200175556360954
0.2201599734089912
0.2203023914598392
0.2204448102568006
0.2205872287199394
0.2207296476162311
0.2208720676838939
0.2210144875673991
0.2211569080636644
0.2212993298603392
0.2214417525671012
0.2215841758946301
0.2217266002393096
0.2218690256388743
0.2220114518791174
0.2221538787081516
0.2222963057534328
0.2224387328644507
0.2225811600079005
0.2227235864745237
0.2228660123671226
0.2230084377306099
0.2231508618512538
0.2232932849952702
0.2234357076937591
0.2235781302656323
0.2237205515725005
0.2238629721945791
0.2240053926500772
0.2241478128007107
0.2242902318911563
0.2244326505377408
0.2245750692430581
0.2247174884428509
0.2248599069464153
0.2250023250500206
0.2251447430119297
0.2252871611470498
0.2254295793810793
0.2255719975093517
0.2257144157219569
0.2258568341881074
0.2259992527300985
0.2261416713855443
0.2262840902223629
0.2264265093645631
0.226568928924707
0.226711348684005
0.2268537686933295
0.2269961891282266
0.2271386098438849
0.2272810309719436
0.2274234524917378
0.2275658740041354
0.2277082960396082
0.2278507181845947
0.2279931403173235
0.2281355633144714
0.2282779868619202
0.2284204105003681
0.2285628351388236
0.2287052612733031
0.2288476878580471
0.2289901153423214
0.229132543941758
0.2292749735500532
0.2294174038900822
0.2295598346802536
0.2297022655855807
0.2298446965442984
0.2299871271502844
0.2301295570231312
0.2302719864448957
0.2304144152016525
0.2305568427981948
0.2306992695835526
0.2308416961178188
0.2309841222386614
0.2311265473776551
0.2312689720323758
0.2314113966913795
0.2315538206793218
0.2316962439442059
0.2318386669956542
0.2319810902919184
0.2321235136648955
0.2322659364495031
0.2324083589036955
0.2325507813611375
0.2326932041858751
0.2328356269631116
0.2329780496944817
0.2331204725536782
0.2332628956297205
0.2334053187395222
0.2335477419792384
0.2336901654264279
0.2338325892224014
0.2339750133208931
0.2341174376250378
0.2342598622407566
0.2344022872581267
0.2345447124711033
0.2346871382990839
0.2348295640257456
0.2349719899497033
0.2351144166093799
0.2352568428137718
0.235399269385983
0.2355416971469896
0.2356841247581034
0.2358265529406934
0.2359689825051795
0.2361114130135633
0.236253844162665
0.2363962763695512
0.2365387096292397
0.2366811437069313
0.2368235783405901
0.236966013198342
0.2371084481148841
0.2372508828525104
0.2373933168310148
0.2375357500597612
0.2376781829860631
0.2378206148857123
0.2379630457032458
0.2381054759183743
0.2382479060890859
0.2383903353407054
0.238532763849089
0.2386751920453379
0.2388176202605791
0.2389600473959578
0.2391024740877256
0.2392449007535065
0.2393873278214526
0.2395297543973866
0.2396721805508137
0.239814606529365
0.2399570326056626
0.240099458899131
0.2402418850285079
0.2403843111930355
0.2405267375473322
0.2406691639767907
0.2408115904931952
0.2409540171543129
0.241096444058039
0.2412388713320167
0.2413812988111838
0.2415237265821326
0.2416661547728072
0.2418085830507399
0.241951011731994
0.242093440598968
0.2422358694701217
0.2423782989465874
0.2425207284193837
0.2426631579160945
0.2428055883477448
0.2429480193863133
0.2430904505813904
0.2432328828464837
0.2433753166594992
0.2435177509287757
0.2436601861219379
0.2438026223483059
0.243945059445855
0.2440874971453435
0.2442299351824188
0.2443723732979147
0.2445148112961818
0.2446572486076296
0.2447996850285421
0.2449421208209008
0.2450845563645575
0.2452269906432312
0.2453694240449623
0.2455118570598042
0.2456542898867598
0.2457967217287408
0.2459391530342842
0.2460815842286245
0.246224014888156
0.2463664448343501
0.2465088745216659
0.2466513043552543
0.2467937344008828
0.2469361639023933
0.2470785931000094
0.2472210222471775
0.247363451589738
0.2475058808491845
0.2476483100773133
0.2477907394248898
0.2479331689756697
0.2480755985721264
0.2482180282778658
0.2483604581619068
0.2485028883521938
0.248645318843848
0.2487877496265318
0.2489301808504102
0.2490726122183289
0.2492150438482407
0.249357476036562
0.2494999079738038
0.2496423402240923
0.2497847731911281
0.2499272058056512
0.2500696389677478
0.2502120734608141
0.2503545078656814
0.25049694301424
0.2506393796249097
0.2507818172331306
0.2509242555811633
0.2510666948875299
0.2512091351106755
0.251351575962074
0.2514940171548923
0.251636458409048
0.2517788995042174
0.2519213399826502
0.2520637795049411
0.2522062181437208
0.2523486563527461
0.252491093961948
0.2526335305055869
0.2527759664205529
0.2529184021733171
0.2530608372850053
0.2532032716753747
0.2533457057315204
0.2534881398587851
0.253630573016199
0.2537730057408755
0.2539154384065798
0.2540578713934366
0.2542003042689024
0.2543427367617083
0.2544851690912285
0.2546276014525465
0.2547700338645453
0.2549124661873461
0.2550548985881992
0.2551973311923917
0.2553397639860885
0.255482196873401
0.2556246299080471
0.2557670631944486
0.2559094968953339
0.2560519308546264
0.2561943652392522
0.2563368000055506
0.2564792349249567
0.2566216703858848
0.2567641058813968
0.2569065414997627
0.2570489779830622
0.2571914144286727
0.2573338511652573
0.2574762890464104
0.2576187276328298
0.2577611666464614
0.2579036069167107
0.2580460486191394
0.2581884910742471
0.2583309343850184
0.2584733784873732
0.2586158231865758
0.2587582679711216
0.2589007128009078
0.2590431575182837
0.2591856016943669
0.2593280448982768
0.2594704870731656
0.2596129285450635
0.2597553698473504
0.2598978102457771
0.2600402498205526
0.2601826889698445
0.2603251281928746
0.2604675665133822
0.26061000433187
0.2607524420174583
0.2608948794404133
0.2610373161948748
0.2611797526983523
0.2613221893157415
0.2614646263612173
0.2616070630498517
0.2617494994594433
0.2618919358246092
0.262034372306751
0.26217680865875
0.2623192450218653
0.2624616815253936
0.2626041182338255
0.2627465550108417
0.2628889918894905
0.2630314289464679
0.2631738663105418
0.2633163039148972
0.2634587418476697
0.2636011801022177
0.2637436183336638
0.2638860569269481
0.2640284955823423
0.2641709340916327
0.2643133732369432
0.2644558127044859
0.2645982520994278
0.2647406924105565
0.2648831338843881
0.265025575447095
0.265168018084635
0.2653104621414213
0.265452907049752
0.2655953527219944
0.2657377990734301
0.2658802459457604
0.266022692946563
0.2661651399736413
0.2663075865201196
0.2664500325379928
0.2665924776592581
0.2667349216310894
0.2668773647619925
0.2670198075177466
0.2671622496334672
0.2673046908225389
0.2674471314465381
0.2675895719232546
0.2677320117574442
0.2678744509840113
0.2680168899359916
0.2681593289749967
0.2683017673584099
0.2684442053175419
0.2685866431960561
0.2687290813347865
0.2688715198285116
0.2690139580108201
0.2691563960728793
0.2692988341919652
0.2694412723383778
0.269583710469131
0.2697261486945043
0.2698685870898297
0.270011025731992
0.2701534644704101
0.2702959033560426
0.2704383424933379
0.2705807820304339
0.2707232217605497
0.2708656620186493
0.2710081023564316
0.2711505428514508
0.2712929840469499
0.2714354248537036
0.2715778659645841
0.2717203081910209
0.2718627501191777
0.2720051925431772
0.2721476363184934
0.2722900804814151
0.2724325253100964
0.2725749713787122
0.2727174186607096
0.2728598667249245
0.2730023154131603
0.2731447646014561
0.2732872139074018
0.2734296632517966
0.273572112175304
0.2737145603275482
0.2738570080662916
0.2739994547558324
0.2741419004036014
0.2742843453999394
0.2744267902374951
0.2745692341561771
0.274711677343229
0.2748541201367512
0.2749965628192015
0.2751390046900412
0.2752814461450811
0.2754238874993401
0.2755663287753873
0.2757087694203515
0.2758512097980609
0.2759936502346849
0.2761360910014404
0.2762785318749059
0.2764209725337939
0.2765634131755651
0.2767058539457011
0.2768482946497643
0.2769907353952325
0.2771331762601474
0.27727561732857
0.2774180585743035
0.2775604999561319
0.2777029415593737
0.2778453835733255
0.2779878256869586
0.278130268160821
0.2782727109477813
0.2784151537265863
0.2785575970452254
0.2787000404153157
0.2788424838052945
0.278984928080487
0.2791273727725184
0.2792698176024451
0.2794122635135894
0.2795547105124259
0.2796971578647018
0.2798396063124305
0.2799820559322402
0.2801245065197931
0.2802669577562579
0.2804094093894452
0.2805518611007954
0.2806943128413749
0.2808367638954273
0.2809792140493098
0.2811216635551373
0.281264112716991
0.2814065606769328
0.2815490078261094
0.2816914545470472
0.2818339010103688
0.2819763466022891
0.2821187916580294
0.2822612365413141
0.2824036809883002
0.2825461248827475
0.2826885685305068
0.2828310122566608
0.282973455721467
0.2831158987518798
0.2832583416570368
0.2834007847424825
0.2835432282368647
0.2836856716818423
0.2838281150551074
0.2839705585051768
0.2841130020055182
0.2842554455231257
0.2843978891280326
0.2845403328842171
0.2846827769082528
0.2848252210840975
0.2849676655242631
0.2851101103899337
0.2852525553167537
0.2853950005512802
0.2855374077887317
0.2856798162657668
0.2858222145510036
0.2859646516144979
0.2861070978241848
0.2862495447248267
0.2863919925829022
0.2865344403790498
0.2866768890668946
0.2868193392820398
0.2869617897493987
0.2871042411314116
0.2872466935296196
0.2873891468174868
0.2875316006682869
0.2876740548326097
0.2878165090638398
0.2879589631291908
0.2881014164872565
0.2882438688663865
0.2883863204070622
0.2885287715389343
0.2886712219400161
0.2888136714174713
0.2889561203017787
0.289098568989639
0.2892410169956259
0.28938346434395
0.2895259113496623
0.2896683582938649
0.2898108045265374
0.2899532504188143
0.2900956962476325
0.2902381423243664
0.2903805879604496
0.2905230333465166
0.2906654786723514
0.2908079241458123
0.2909503698235801
0.2910928154066398
0.291235261032136
0.2913777067759
0.2915201525188112
0.2916625983249336
0.2918050442424442
0.2919474903650394
0.292089936691136
0.2922323832384555
0.2923748302397665
0.2925172772446514
0.2926597244512228
0.2928021721887356
0.2929446196627685
0.2930870673525902
0.2932295159865849
0.2933719642997344
0.2935144130275116
0.2936568630317998
0.2937993131209259
0.293941763887392
0.2940842160346687
0.2942266690297615
0.2943691227284403
0.294511577323309
0.2946540327291103
0.2947964886554297
0.2949389448213049
0.2950814010040533
0.2952238568582684
0.2953663121243269
0.295508766376086
0.2956512196436261
0.2957936722699301
0.2959361247278682
0.2960785762479538
0.2962210270303658
0.2963634774115874
0.2965059277537148
0.2966483773125129
0.2967908264188814
0.2969332753809262
0.2970757240079613
0.2972181721665088
0.2973606201316223
0.2975030682008886
0.2976455164238067
0.2977879643111249
0.2979304120441
0.2980728597868104
0.2982153076452275
0.2983577554031119
0.2985002031791035
0.2986426510667768
0.2987850990763685
0.2989275471413461
0.2990699952948906
0.2992124436138088
0.2993548922416184
0.2994973409668995
0.2996397900227179
0.2997822392474259
0.2999246884869203
0.3000671382050366
0.3002095878330878
0.3003520374857299
0.3004944879629399
0.3006369386087707
0.300779389414175
0.3009218412295959
0.3010642937509052
0.3012067466657217
0.3013492007244975
0.3014916561164446
0.3016341120737085
0.3017765688311914
0.3019190262716299
0.3020614841953255
0.3022039422044078
0.3023464002268363
0.30248885757538
0.3026313143304477
0.3027737704852548
0.3029162255429674
0.3030586797833106
0.3032011336151261
0.303343587109736
0.3034860397470751
0.3036284918395342
0.3037709437466581
0.303913395308717
0.3040558463015942
0.3041982970056822
0.3043407477452773
0.3044831979308896
0.3046256478152778
0.3047680976491123
0.3049105477223809
0.3050529979278547
0.305195447861445
0.3053378977066051
0.3054803476122316
0.3056227974873659
0.305765247349943
0.3059076972953955
0.3060501473946887
0.3061925976240869
0.3063350479485178
0.3064774984413582
0.306619949275342
0.3067624001650589
0.3069048512959778
0.3070473027502083
0.307189754081237
0.3073322057425815
0.3074746576983768
0.3076171095198078
0.3077595619249734
0.3079020150247259
0.3080444680934679
0.3081869220084694
0.3083293771078065
0.3084718324408355
0.3086142887487411
0.3087567462558996
0.3088992046820245
0.3090416637806462
0.3091841234041973
0.3093265832189345
0.3094690430708624
0.3096115025227734
0.3097539610985603
0.3098964188898524
0.3100388762986927
0.3101813327892519
0.3103237883886982
0.3104662434226844
0.3106086982996426
0.3107511524147874
0.3108936058933615
0.3110360590434473
0.3111785122046192
0.3113209647090019
0.3114634168633835
0.3116058689444821
0.3117483209720038
0.3118907725813384
0.3120332240296266
0.3121756755911251
0.3123181274703329
0.3124605794976305
0.3126030313840424
0.3127454832860061
0.3128879352798218
0.3130303872451282
0.3131728392725301
0.3133152914161018
0.313457743771124
0.3136001962803289
0.3137426490236381
0.3138851021917546
0.314027555393897
0.314170008828164
0.3143124627657097
0.3144549165247909
0.3145973705601587
0.3147398253267804
0.3148822799056692
0.3150247349760888
0.3151671912222149
0.3153096473526967
0.3154521042384236
0.3155945625746213
0.3157370212604715
0.3158794807855128
0.3160219413224082
0.3161644027670446
0.3163068648139448
0.3164493271979774
0.3165917896784106
0.3167342520183696
0.3168767137135289
0.3170191744207101
0.3171616341959396
0.3173040933865681
0.3174465523266418
0.3175890102679811
0.3177314675240186
0.3178739244250651
0.3180163811021416
0.3181588370529532
0.3183012925799069
0.3184437480298629
0.3185862030794087
0.3187286577308364
0.318871112226793
0.3190135668586224
0.3191560212313736
0.319298475336097
0.3194409293817075
0.3195833835980222
0.3197258381832057
0.3198682926587257
0.3200107471308192
0.3201532016839857
0.3202956562361905
0.3204381108232306
0.3205805654936048
0.3207230203251883
0.320865475272485
0.3210079303633451
0.3211503858165969
0.321292841146571
0.3214352965943527
0.3215777525201509
0.3217202081458194
0.3218626639457882
0.3220051207292782
0.3221475772177816
0.3222900340976667
0.3224324922219373
0.3225749503504464
0.3227174091500785
0.322859869276647
0.3230023300409005
0.323144791494803
0.3232872537784116
0.3234297167949173
0.323572180240242
0.3237146438890411
0.3238571075347976
0.3239995704349188
0.3241420328646246
0.3242844942865317
0.3244269547279277
0.3245694144954236
0.3247118739856737
0.3248543326728729
0.3249967906158216
0.3251392481153011
0.3252817055789294
0.3254241622661173
0.3255666184770553
0.3257090745009646
0.3258515304088617
0.3259939858412836
0.3261364410447719
0.3262788962862325
0.3264213517899943
0.326563807101305
0.3267062623023069
0.3268487175336871
0.3269911729034901
0.3271336282346572
0.3272760835883329
0.3274185390389887
0.3275609946471759
0.3277034503315242
0.3278459061133946
0.327988362091797
0.3281308183124775
0.3282732746336417
0.328415731268359
0.3285581880595181
0.3287006448508462
0.328843102181537
0.3289855595523263
0.3291280170188527
0.3292704753141685
0.3294129338253466
0.3295553925982312
0.3296978524304301
0.329840312823536
0.3299827737421459
0.3301252357996992
0.3302676990410308
0.3304101627650019
0.330552627188782
0.3306950921468045
0.3308375574237322
0.3309800227279369
0.3311224875102043
0.3312649514328906
0.3314074146795432
0.3315498775707791
0.3316923393503456
0.3318348003575375
0.3319772609031184
0.3321197211687615
0.3322621805984643
0.3324046394782396
0.3325470981429916
0.3326895564180479
0.3328320141416784
0.3329744715821585
0.3331169290288128
0.3332593860077276
0.3334018426915705
0.3335442993112235
0.333686756109824
0.3338292132236794
0.3339716701059768
0.3341141269074974
0.334256583756472
0.3343990405692207
0.3345414973657621
0.3346839542291384
0.334826411222112
0.334968868310764
0.3351113255331047
0.3352537830089761
0.3353962406065296
0.3355386982828675
0.3356811562586855
0.3358236143401666
0.3359660723832671
0.3361085309204326
0.3362509897548686
0.3363934486327038
0.3365359082831818
0.3366783685383928
0.3368208290279859
0.3369632905326161
0.3371057530150559
0.3372482159550869
0.3373906799116055
0.3375331448657525
0.3376756106336233
0.3378180768814384
0.3379605433927994
0.3381030099534034
0.338245476248502
0.3383879417716463
0.3385304063166771
0.3386728700431857
0.3388153333409805
0.33895779608642
0.3391002579792956
0.339242719309273
0.3393851804333738
0.339527641015547
0.3396701009843396
0.3398125606377119
0.3399550202704377
0.3400974792910026
0.3402399379820324
0.340382396599275
0.3405248552538611
0.3406673135355164
0.3408097716410761
0.3409522298065591
0.3410946882147161
0.3412371467808262
0.3413796052609842
0.341522063760558
0.3416645222935998
0.3418069808240786
0.3419494394013121
0.3420918980810196
0.3422343569274935
0.3423768158315817
0.3425192749403642
0.3426617342598066
0.3428041935174247
0.3429466530648997
0.3430891129219431
0.3432315727221097
0.3433740330178487
0.3435164939406944
0.3436589548894588
0.3438014165895534
0.343943879231458
0.3440863421172369
0.3442288059815183
0.3443712711873773
0.3445137367935336
0.3446562032730691
0.3447986705466583
0.3449411384649452
0.3450836066955039
0.3452260749491565
0.3453685427951069
0.3455110098926996
0.3456534766042646
0.3457959423295294
0.3459384071368536
0.3460808713575869
0.3462233354341748
0.3463657987105559
0.3465082613272717
0.3466507235908527
0.3467931857923324
0.3469356473123824
0.3470781084355061
0.3472205694691753
0.3473630302031026
0.3475054905727863
0.3476479507992041
0.3477904111417469
0.3479328715110551
0.3480753316979726
0.3482177918558724
0.3483602520915003
0.348502712423628
0.3486451727165992
0.3487876330431925
0.3489300934582794
0.3490725539118754
0.3492150144398457
0.3493574751020325
0.349499935890287
0.3496423966906366
0.349784857662164
0.349927318817527
0.3500697798166031
0.3502122410560742
0.3503547027414036
0.3504971643177007
0.3506396263697611
0.3507820892388587
0.3509245521156232
0.351067015758865
0.3512094805399651
0.3513519455974419
0.3514944115787098
0.3516368787284966
0.3517793466349513
0.3519218152315534
0.3520642844018489
0.3522067538554591
0.3523492233436127
0.3524916925326348
0.3526341608586635
0.3527766283289691
0.3529190952582438
0.3530615617009639
0.3532040272014007
0.3533464920520634
0.3534889565876978
0.3536314207153796
0.3537738841435382
0.3539163471632093
0.3540588101540307
0.3542012726660866
0.3543437347646143
0.3544861967031821
0.3546286586620905
0.354771120205945
0.3549135815510929
0.355056042937364
0.3551985045598107
0.3553409663640771
0.3554834280232788
0.3556258896759084
0.3557683513886175
0.355910813052049
0.356053274752728
0.3561957365425748
0.3563381984837841
0.3564806604912644
0.3566231227057836
0.3567655851020057
0.3569080474669852
0.3570505100175375
0.3571929727900459
0.3573354353944941
0.3574778982565493
0.3576203617521926
0.3577628251186489
0.3579052889798706
0.3580477538490042
0.3581902187212622
0.3583326843783484
0.3584751513882815
0.3586176186766679
0.3587600868110017
0.358902555893871
0.3590450258115845
0.359187496238455
0.3593299669536461
0.359472437738501
0.3596149081236649
0.3597573780059281
0.3598998468873243
0.3600423148336324
0.3601847821421668
0.3603272492411679
0.3604697154825972
0.3606121810218694
0.360754646153235
0.3608971111714579
0.3610395754593851
0.361182039305359
0.3613245030177507
0.3614669664999362
0.3616094295519803
0.3617518924066525
0.3618943553248199
0.3620368181602898
0.3621792807522623
0.3623217432820767
0.3624642059352428
0.3626066688828559
0.3627491318349156
0.3628915947708848
0.3630340577640396
0.3631765207724651
0.3633189838122109
0.3634614469213413
0.3636039102141773
0.3637463735171317
0.3638888369279429
0.3640313006572651
0.3641737642043248
0.3643162278276376
0.3644586920639053
0.3646011560698608
0.3647436203526739
0.3648860855660457
0.365028550643203
0.3651710162530021
0.3653134831282208
0.365455950056042
0.3655984177565688
0.3657408867166495
0.3658833563110052
0.366025826632958
0.366168297703337
0.3663107693636135
0.3664532413397216
0.3665957133396815
0.3667381848186029
0.3668806554463179
0.367023125466538
0.3671655950298326
0.3673080635739062
0.36745053139697
0.3675929988424924
0.3677354659622435
0.3678779323256406
0.3680203982172799
0.3681628640193501
0.3683053293857818
0.3684477942678465
0.3685902589330127
0.3687327236493294
0.3688751879078827
0.3690176519288533
0.3691601159534967
0.3693025801850855
0.3694450443773694
0.3695875084890044
0.3697299726235219
0.3698724368692157
0.3700149010688412
0.3701573652950383
0.3702998296003769
0.3704422940035218
0.3705847584730641
0.3707272230975582
0.3708696878996725
0.3710121526843198
0.3711546176026868
0.3712970827907512
0.3714395477635451
0.3715820128720449
0.3717244786699754
0.3718669442719783
0.3720094102142915
0.3721518772133601
0.3722943441706086
0.3724368117685696
0.3725792806310749
0.3727217498221719
0.3728642197963214
0.3730066908360297
0.3731491628330095
0.3732916355124314
0.3734341085988723
0.3735765818171418
0.3737190550660254
0.3738615278550202
0.3740039997597169
0.374146470715694
0.3742889409550547
0.3744314109086032
0.3745738801472738
0.3747163486295777
0.3748588166465626
0.3750012846377934
0.3751437519572831
0.375286218754843
0.3754286853634
0.3755711519660637
0.375713618076033
0.3758560839162491
0.3759985497575952
0.3761410155120275
0.3762834810137284
0.3764259464459725
0.3765684120109836
0.3767108778687976
0.3768533438211787
0.3769958097312211
0.3771382756921742
0.37728074168856
0.3774232077046598
0.3775656737869502
0.3777081400008716
0.3778506063396403
0.3779930727709331
0.3781355394897262
0.3782780061932425
0.3784204729143964
0.3785629401714193
0.3787054072822478
0.3788478745719656
0.3789903427358681
0.3791328107715117
0.3792752792261934
0.3794177488103087
0.379560218482039
0.3797026888651773
0.3798451604880518
0.3799876326672116
0.3801301055658982
0.3802725793159822
0.3804150537870976
0.3805575286999065
0.3807000038178513
0.3808424787341552
0.3809849528267493
0.3811274262872297
0.3812698992489492
0.3814123711666781
0.3815548423410564
0.3816973131110396
0.3818397835342739
0.3819822531773942
0.3821247223175762
0.3822671913283691
0.3824096598948974
0.3825521279449088
0.3826945957472531
0.3828370636167478
0.3829795309965235
0.383121998116226
0.383264465216538
0.3834069325082841
0.383549399660926
0.3836918667238697
0.3838343338315779
0.383976801072098
0.3841192683598263
0.384261735647371
0.3844042029871454
0.3845466703852055
0.3846891378473757
0.3848316054135609
0.3849740731450951
0.3851165408409437
0.3852590086235617
0.3854014766779835
0.38554394449953
0.3856864123719648
0.3858288808728546
0.3859713491008505
0.3861138175444574
0.3862562868770794
0.3863987561397113
0.3865412258980307
0.3866836968161542
0.3868261679273756
0.386968639724151
0.3871111126363744
0.3872535863523662
0.3873960606586619
0.3875385355773997
0.3876810109184634
0.3878234863585875
0.3879659616791162
0.3881084361983594
0.3882509098194362
0.3883933827413075
0.3885358553523955
0.3886783270579462
0.3888207980206035
0.3889632684990311
0.3891057388626462
0.3892482084282803
0.389390677460815
0.3895331462776621
0.3896756149428638
0.3898180830784717
0.389960550925479
0.3901030187491578
0.39024548639981
0.3903879537761233
0.3905304210679137
0.3906728884780007
0.3908153561660081
0.3909578239208077
0.3911002916500674
0.3912427594367147
0.3913852272654461
0.3915276951020636
0.3916701629989695
0.3918126310126737
0.3919550991686377
0.3920975674282316
0.3922400359320209
0.3923825045114181
0.3925249730818995
0.3926674420230594
0.39280991095676
0.392952379964683
0.3930948496255497
0.393237319349974
0.393379789335298
0.3935222602249088
0.3936647313657584
0.3938072030550464
0.39394967585136
0.39409214918129
0.3942346231405175
0.394377098048084
0.3945195738051882
0.3946620501629915
0.3948045268349635
0.3949470036113998
0.3950894799482309
0.395231955650788
0.3953744307919662
0.3955169049082314
0.3956593782588408
0.3958018511705635
0.3959443236996293
0.3960867954330647
0.3962292666335758
0.3963717376457879
0.3965142081808058
0.3966566781531379
0.3967991478441018
0.3969416175398933
0.3970840866969262
0.397226555566745
0.3973690243764419
0.3975114933396015
0.3976539620196105
0.3977964305811158
0.3979388991765416
0.3980813679473729
0.3982238368584939
0.3983663057307319
0.3985087746299426
0.3986512435646052
0.3987937125443037
0.3989361815855217
0.3990786507842404
0.3992211200051927
0.3993635892836215
0.3995060588049448
0.3996485282948638
0.3997909977814061
0.3999334677387005
