0
0.002112885636821292
0.003599734738342535
0.005000964470512368
0.006347798309783865
0.007610726391695406
0.008840468046199399
0.01006272892300394
0.01126244240863629
0.01244201300140466
0.01362034883470851
0.01479842330651502
0.01596824809513735
0.01714022492605774
0.01831133703119745
0.01948076824084687
0.02064795239471929
0.02180872482609253
0.02297212679070639
0.02412383972953531
0.02527415136201002
0.02642327639709813
0.02756514684484532
0.028707371452835
0.02984700776363756
0.03098249677889535
0.03211829979266565
0.03325207267586705
0.03438287154808198
0.03551414848265927
0.0366435077809278
0.03777069102910838
0.03889849347850959
0.04002442796866612
0.04114889395441541
0.0422740617473123
0.04339823019798751
0.04452133640186164
0.04564490214756028
0.04676780346044063
0.04788992796468462
0.04901234431783594
0.0501349212687867
0.05125684530419493
0.05237883298849
0.05350146283762244
0.05462356131012717
0.05574569412613371
0.05686830558866754
0.0579912780733218
0.0591142067578433
0.06023723687201649
0.06136055675639622
0.06248439033605549
0.06360864626322983
0.06473323456351503
0.06585828401133907
0.0669833736442338
0.06810881044736633
0.06923476578383335
0.07036109136037798
0.07148757870040429
0.07261446230107407
0.07374177857374012
0.07486941120995667
0.0759972637232498
0.07712537729337593
0.07825370644633207
0.07938222964668705
0.08051089442852365
0.08163964200426592
0.08276845110231365
0.08389733375396841
0.08502628916415375
0.08615532242245338
0.08728434816040213
0.08841333730172285
0.08954229995762043
0.09067121119377761
0.09180018052214392
0.09292915383777191
0.09405807271583365
0.09518693967540787
0.09631580420975008
0.09744476592745752
0.09857366307607821
0.0997025365037837
0.1008314196696735
0.1019603792086664
0.1030893566815735
0.1042183189347104
0.1053473063875875
0.1064763752076606
0.1076055268029256
0.1087346821026683
0.1098638597214417
0.1109931098027405
0.1121224834395909
0.1132518731673147
0.1143812904324206
0.1155107580513785
0.1166403177549521
0.11776994726513
0.1188995999018413
0.1200292915498177
0.1211590518013807
0.1222889195867901
0.1234188122223936
0.1245487329813736
0.125678701079462
0.1268087475967183
0.1279388647369358
0.1290690082546261
0.1301991875161092
0.1313294218818731
0.1324597457107869
0.1335901110597577
0.1347205056172574
0.1358509414467941
0.1369814435454107
0.1381120284855713
0.1392426359631823
0.140373276154358
0.1415039657872719
0.1426347319035008
0.1437655389373539
0.1448963727315265
0.146027243319161
0.1471581704073684
0.1482891663832399
0.1494201813515661
0.1505512243886871
0.1516823088629932
0.1528134573770122
0.1539446336605708
0.155075832244563
0.1562070631130649
0.1573383415346681
0.1584696789411835
0.1596010342602067
0.1607324135600392
0.1618638259669036
0.1629952881906115
0.1641268042424546
0.1652583359789403
0.1663898905073194
0.1675214744690561
0.1686531073294137
0.169784785126093
0.17091647496895
0.1720481844887254
0.1731799231091265
0.1743117031990063
0.1754435223051172
0.1765753467634405
0.177707186546734
0.178839054405676
0.1799709753473487
0.1811028978884598
0.1822348298821191
0.1833667779764992
0.1844987637398123
0.1856307830377524
0.1867628073026028
0.1878948477080784
0.1890269150302114
0.1901590309445029
0.1912911637939085
0.1924233081462898
0.193555475115596
0.1946876819549731
0.1958199329648485
0.196952194913212
0.1980844759035276
0.1992167881469421
0.2003491513040749
0.2014815442569077
0.2026139528666284
0.203746386322668
0.2048788572132539
0.2060113854533183
0.2071439287615783
0.2082764896129706
0.2094090786038898
0.2105417101145325
0.2116743778678062
0.2128070589595221
0.2139397600322777
0.215072492700296
0.216205273420547
0.2173380713993104
0.2184708835912065
0.2196037182661964
0.2207365862047725
0.2218694972572732
0.2230024177022382
0.2241353526698344
0.2252683115544986
0.2264013075386677
0.2275343338629806
0.2286673700820398
0.2298004223314836
0.2309335004496297
0.2320666196482156
0.2331997602020962
0.2343329104664888
0.2354660780656628
0.2365992729149101
0.2377325112835159
0.2388657556075085
0.2399990107010595
0.2411322860430445
0.2422655929375418
0.2433989271446273
0.2445322680012091
0.2456656218005097
0.2467989984019758
0.247932411659479
0.2490658374405645
0.2501992705758729
0.2513327186928384
0.2524661943417352
0.2535996958606542
0.2547332022425837
0.2558667190374047
0.2570002557737706
0.2581338238366347
0.2592674014261862
0.2604009856310763
0.2615345830789277
0.2626682045426972
0.2638018543122714
0.2649355077301791
0.2660691696819676
0.2672028477095457
0.2683365545394273
0.2694702770488667
0.2706040058323225
0.2717377463606592
0.2728715076692811
0.2740053019559423
0.2751391045012031
0.276272915645691
0.277406741236243
0.2785405924114663
0.2796744773660033
0.2808083692354644
0.2819422717712929
0.2830761920584017
0.2842101415937648
0.2853441168645014
0.2864781002279813
0.2876120961606907
0.2887461130608197
0.2898801634807738
0.2910142280205472
0.2921483015762212
0.2932823894702274
0.2944165020119207
0.2955506449672229
0.2966847942278368
0.2978189533005162
0.2989531289693408
0.3000873320928258
0.3012215515864765
0.3023557778213593
0.3034900151712386
0.3046242716139298
0.3057585582679819
0.3068928510009818
0.3080271512011329
0.3091614641302209
0.3102957992134942
0.3114301583525834
0.3125645227509593
0.3136988955062204
0.3148332823221436
0.3159676942572361
0.3171021234538967
0.3182365583801854
0.319371002843568
0.3205054635128348
0.321639951637634
0.3227744512274601
0.3239089565372362
0.3250434724005739
0.3261780070195974
0.3273125685272338
0.3284471337700029
0.3295817057018648
0.330716289759403
0.3318508969101279
0.3329855229332709
0.3341201540236727
0.3352547940990731
0.3363894501477991
0.3375241334594302
0.3386588304859613
0.3397935337964763
0.3409282478985607
0.3420629824067811
0.3431977471156764
0.3443325173635049
0.3454672961565785
0.3466020894923944
0.3477369081011475
0.3488717473919798
0.3500065936536071
0.3511414504285408
0.3522763256296783
0.3534112294906724
0.3545461436176778
0.3556810653983076
0.3568159997352783
0.3579509552529092
0.3590859298735899
0.3602209104981501
0.3613559001962483
0.3624909051653189
0.3636259343305512
0.3647609693597128
0.3658960108930907
0.3670310627956614
0.3681661325550351
0.36930122101894
0.3704363143107663
0.3715714144574918
0.3727065258564614
0.3738416486623211
0.3749767617127764
0.3761118613935642
0.3772469538863977
0.3783820542906606
0.379517176603647
0.3806523367325114
0.3817875604854079
0.3829228796368018
0.3840583365766134
0.385194009839458
0.3863300222619287
0.3874665545134772
0.3886038790575344
0.38974234312261
0.3908822956987501
0.392024506146241
0.3931711084674189
0.3943246805349649
0.3954891393716315
0.3966620106373282
0.397841403400725
0.3990295617818663
