-4.9875
-4.962499999999999
-4.9375
-4.9125
-4.887499999999999
-4.8625
-4.837499999999999
-4.8125
-4.7875
-4.762499999999999
-4.7375
-4.712499999999999
-4.6875
-4.6625
-4.637499999999999
-4.6125
-4.587499999999999
-4.5625
-4.5375
-4.512499999999999
-4.4875
-4.462499999999999
-4.4375
-4.4125
-4.387499999999999
-4.3625
-4.337499999999999
-4.3125
-4.2875
-4.262499999999999
-4.2375
-4.212499999999999
-4.1875
-4.1625
-4.137499999999999
-4.1125
-4.087499999999999
-4.0625
-4.0375
-4.012499999999999
-3.9875
-3.962499999999999
-3.9375
-3.9125
-3.887499999999999
-3.8625
-3.837499999999999
-3.8125
-3.7875
-3.762499999999999
-3.7375
-3.712499999999999
-3.6875
-3.6625
-3.637499999999999
-3.6125
-3.587499999999999
-3.5625
-3.5375
-3.512499999999999
-3.4875
-3.462499999999999
-3.4375
-3.4125
-3.387499999999999
-3.3625
-3.337499999999999
-3.3125
-3.2875
-3.262499999999999
-3.2375
-3.212499999999999
-3.1875
-3.1625
-3.137499999999999
-3.1125
-3.087499999999999
-3.0625
-3.0375
-3.0125
-2.987499999999999
-2.962499999999999
-2.9375
-2.9125
-2.8875
-2.862499999999999
-2.837499999999999
-2.8125
-2.7875
-2.7625
-2.737499999999999
-2.712499999999999
-2.6875
-2.6625
-2.637499999999999
-2.612499999999999
-2.587499999999999
-2.5625
-2.5375
-2.512499999999999
-2.487499999999999
-2.462499999999999
-2.4375
-2.4125
-2.387499999999999
-2.362499999999999
-2.337499999999999
-2.3125
-2.2875
-2.262499999999999
-2.237499999999999
-2.212499999999999
-2.1875
-2.1625
-2.137499999999999
-2.112499999999999
-2.087499999999999
-2.0625
-2.0375
-2.012499999999999
-1.987499999999999
-1.962499999999999
-1.9375
-1.9125
-1.887499999999999
-1.862499999999999
-1.837499999999999
-1.8125
-1.7875
-1.762499999999999
-1.737499999999999
-1.712499999999999
-1.6875
-1.6625
-1.637499999999999
-1.612499999999999
-1.587499999999999
-1.5625
-1.5375
-1.512499999999999
-1.487499999999999
-1.462499999999999
-1.4375
-1.4125
-1.387499999999999
-1.362499999999999
-1.337499999999999
-1.3125
-1.2875
-1.262499999999999
-1.237499999999999
-1.212499999999999
-1.1875
-1.1625
-1.137499999999999
-1.112499999999999
-1.087499999999999
-1.0625
-1.0375
-1.012499999999999
-0.9874999999999998
-0.9624999999999995
-0.9374999999999991
-0.9124999999999996
-0.8874999999999993
-0.8624999999999998
-0.8374999999999995
-0.8124999999999991
-0.7874999999999996
-0.7624999999999993
-0.7374999999999998
-0.7124999999999995
-0.6874999999999991
-0.6624999999999996
-0.6374999999999993
-0.6124999999999998
-0.5874999999999995
-0.5624999999999991
-0.5374999999999996
-0.5124999999999993
-0.4874999999999998
-0.4624999999999995
-0.4374999999999991
-0.4124999999999996
-0.3874999999999993
-0.3624999999999998
-0.3374999999999995
-0.3124999999999991
-0.2874999999999996
-0.2624999999999993
-0.2374999999999989
-0.2124999999999995
-0.1874999999999991
-0.1624999999999996
-0.1374999999999993
-0.1124999999999989
-0.08749999999999947
-0.06249999999999911
-0.03749999999999964
-0.01249999999999929
0.01250000000000107
0.03750000000000053
0.06250000000000089
0.08750000000000036
0.1125000000000007
0.1375000000000011
0.1625000000000005
0.1875000000000009
0.2125000000000004
0.2375000000000007
0.2625000000000011
0.2875000000000005
0.3125000000000009
0.3375000000000004
0.3625000000000007
0.3875000000000011
0.4125000000000005
0.4375000000000009
0.4625000000000004
0.4875000000000007
0.5125000000000011
0.5375000000000005
0.5625000000000009
0.5875000000000004
0.6125000000000007
0.6375000000000011
0.6625000000000005
0.6875000000000009
0.7125000000000004
0.7375000000000007
0.7625000000000011
0.7875000000000005
0.8125000000000009
0.8375000000000004
0.8625000000000007
0.8875000000000011
0.9125000000000005
0.9375000000000009
0.9625000000000004
0.9875000000000007
1.012500000000001
1.037500000000001
1.062500000000001
1.0875
1.112500000000001
1.137500000000001
1.162500000000001
1.187500000000001
1.2125
1.237500000000001
1.262500000000001
1.287500000000001
1.312500000000001
1.3375
1.362500000000001
1.387500000000001
1.412500000000001
1.437500000000001
1.4625
1.487500000000001
1.512500000000001
1.537500000000001
1.562500000000001
1.5875
1.612500000000001
1.637500000000001
1.662500000000001
1.687500000000001
1.7125
1.737500000000001
1.762500000000001
1.787500000000001
1.812500000000001
1.8375
1.862500000000001
1.887500000000001
1.912500000000001
1.937500000000001
1.9625
1.987500000000001
2.012500000000001
2.037500000000001
2.062500000000001
2.0875
2.112500000000001
2.137500000000001
2.162500000000001
2.187500000000001
2.2125
2.237500000000001
2.262500000000001
2.287500000000001
2.312500000000001
2.3375
2.362500000000001
2.387500000000001
2.412500000000001
2.437500000000001
2.4625
2.487500000000001
2.512500000000001
2.537500000000001
2.562500000000001
2.5875
2.612500000000001
2.637500000000001
2.662500000000001
2.687500000000001
2.7125
2.737500000000001
2.762500000000001
2.787500000000001
2.812500000000001
2.8375
2.862500000000001
2.887500000000001
2.912500000000001
2.937500000000001
2.9625
2.987500000000001
3.012500000000001
3.037500000000001
3.0625
3.0875
3.112500000000001
3.137500000000001
3.162500000000001
3.1875
3.2125
3.237500000000001
3.262500000000001
3.287500000000001
3.3125
3.3375
3.362500000000001
3.387500000000001
3.412500000000001
3.4375
3.4625
3.487500000000001
3.512500000000001
3.537500000000001
3.5625
3.5875
3.612500000000001
3.637500000000001
3.662500000000001
3.6875
3.7125
3.737500000000001
3.762500000000001
3.787500000000001
3.8125
3.8375
3.862500000000001
3.887500000000001
3.912500000000001
3.9375
3.9625
3.987500000000001
4.012500000000001
4.037500000000001
4.0625
4.0875
4.112500000000001
4.137500000000001
4.162500000000001
4.1875
4.2125
4.237500000000001
4.262500000000001
4.287500000000001
4.3125
4.3375
4.362500000000001
4.387500000000001
4.412500000000001
4.4375
4.4625
4.487500000000001
4.512500000000001
4.537500000000001
4.562500000000002
4.5875
4.612500000000001
4.637500000000001
4.662500000000001
4.687500000000002
4.7125
4.737500000000001
4.762500000000001
4.787500000000001
4.812500000000002
4.8375
4.862500000000001
4.887500000000001
4.912500000000001
4.937500000000002
4.9625
4.987500000000001
