0
0.002737398843161117
0.005457644637579945
0.008175890655291238
0.01089539882684188
0.0136141158146917
0.01632253738251997
0.01903015810205914
0.02174026517766894
0.02444450241119053
0.02714621541112082
0.02984984736307212
0.03255552576117156
0.03525768958643454
0.03796065378957686
0.04066513599754711
0.04337095523012487
0.04607835237211831
0.048786625807805
0.05149546665333116
0.05420501144385293
0.0569152994340431
0.05962646449534893
0.06233840132115944
0.06505081267781082
0.06776354519052805
0.0704767069366541
0.07319035673083819
0.07590452590259981
0.07861919550804877
0.08133434633624803
0.08404996262245468
0.0867660300855958
0.08948254760332595
0.09219949969724102
0.09491687635138707
0.0976346714078799
0.1003528794874313
0.1030715141805784
0.1057904248424012
0.1085092683714497
0.1112216211471867
0.113930541585567
0.1166393555485607
0.1193427724440492
0.1220440770888516
0.1247451080393286
0.1274442440382418
0.1301414960035122
0.1328381051262211
0.1355347724822699
0.1382317840514851
0.1409279577177477
0.1436239786229741
0.1463202224597245
0.1490171822618776
0.151715090905375
0.1544141232193261
0.1571139525532947
0.1598142824999347
0.162515081577215
0.1652162148179255
0.1679178187987821
0.1706199348516605
0.1733225862341058
0.176025853300997
0.1787298003683434
0.1814344436510973
0.1841398367022875
0.1868460251316853
0.1895530055406592
0.1922607883366583
0.1949694154641758
0.1976789339119641
0.2003893828105077
0.2031007982773704
0.2058131896179848
0.2085257040245016
0.2112383292825303
0.213951123744206
0.2166641081759171
0.2193773447110799
0.222090935851495
0.224804946773889
0.2275194106832658
0.2302343343973753
0.2329496999567945
0.2356654811253303
0.238381664596816
0.241098252834984
0.2438152577268307
0.2465327264544742
0.2492507295427931
0.2519689157470464
0.2546872116961155
0.2574056352332502
0.2601242048441278
0.2628429309686263
0.26556182206348
0.2682808849607135
0.2710001244636259
0.2737195484742198
0.2764391564268822
0.2791589817945253
0.2818790578895344
0.2845994095726869
0.2873200662648062
0.2900409072603907
0.2927618441115436
0.2954828763537825
0.2982040057608704
0.3009096101994133
0.3036064954108695
0.3062834242543379
0.3089564707034655
0.3116055361928374
0.3142519312574233
0.3168856929189194
0.3195091787057028
0.3221387576371496
0.324751826434687
0.3273665051788437
0.3299850028491232
0.3325940868678441
0.335209062225667
0.3378295623259469
0.3404487228213348
0.3430736869085796
0.3457038596780195
0.3483360950088958
0.3509752391611954
0.3536209320584003
0.3562698239726177
0.3589260562433117
0.3615870044573528
0.3642509631640498
0.3669217414356288
0.3695936047797492
0.3722659157071355
0.3749380192810378
0.377609851125487
0.3802809309658776
0.3829487578643541
0.3856136112371121
0.3882757115163563
0.3909358502081008
0.3935935772434734
0.3962484014652818
0.3989006774395027
0.4015508666992627
0.4041988019245868
0.4068438437841957
0.4094866311219497
0.4121277598785408
0.4147679290982829
0.4174060052275922
0.420041947611333
0.4226764401188912
0.4253097912860102
0.4279425127372561
0.4305749241371709
0.4332060095732878
0.43583583627582
0.4384647243273939
0.4410929766347192
0.443720924625387
0.4463488468853615
0.4489766625122586
0.4516041578979632
0.4542309943543122
0.4568573284661743
0.4594832913755176
0.4621091216987552
0.4647349717109662
0.4673609335403521
0.4699870451840805
0.4726132732189354
0.4752394939419079
0.4778658889513004
0.4804923236588506
0.4831188462055088
0.485745531905793
0.4883724673377298
0.4909996262247151
0.493626934877703
0.4962544046626222
0.4988820684383748
0.501509877537
0.504137713273519
0.5067655507466287
0.5093937770448791
0.5120227383712737
0.5146526529531429
0.5172829091581082
0.519913080188995
0.5225432804892846
0.5251736765227155
0.5278043537819399
0.5304354214489184
0.5330669214452883
0.5356988807129432
0.538331317658478
0.5409642458408711
0.5435976840812823
0.5462316528320673
0.5488662023682351
0.551501391433083
0.5541372942266536
0.5567733432990738
0.5594094336706888
0.5620456344062575
0.5646819830548703
0.5673185097070214
0.5699552401783224
0.5725922017384353
0.5752294173408876
0.577866945168218
0.5805048285285629
0.5831430914124697
0.585781773734173
0.5884209511551342
0.5910601687435505
0.5936994641114004
0.5963388567560843
0.5989783693773603
0.6016180249472712
0.6042578417239772
0.6068978367973412
0.6095380271182297
0.612178430592109
0.614819065827565
0.617459935848453
0.6201010620866324
0.6227424712947672
0.6253839515738319
0.6280254981715224
0.6306671277332477
0.6333088600203697
0.6359507111500206
0.6385926974418928
0.6412348354906394
0.6438771415773422
0.6465196297459044
0.6491622833364166
0.6518050722727207
0.6544479339383606
0.6570908533207411
0.6597338244435559
0.6623768551949383
0.6650199623835371
0.6676631643221488
0.6702996726139012
0.6729344969361998
0.6755610591656012
0.6781780072840287
0.6808014879920695
0.683414966866033
0.6860291461509331
0.6886509190621817
0.6912651302789742
0.693883982251943
0.6965113521704925
0.699139729203595
0.7017727953600015
0.704412840031296
0.7070552149513382
0.7097003284247462
0.7123456489516982
0.7149911381709487
0.717636675604492
0.720282245245552
0.7229278495150312
0.7255735164289838
0.7282192707286959
0.7308651345248003
0.7335111287070875
0.7361572729837078
0.7388035856979314
0.7414497526218609
0.7440919413122514
0.7467319279011702
0.7493702656312834
0.7520040214603749
0.7546348757295619
0.7572644035365328
0.759891113912166
0.7625143339572341
0.7651354411443576
0.7677557330533773
0.7703735657322131
0.7729887303513153
0.7756022460832288
0.7782148933544486
0.7808270280035922
0.7834375171979537
0.7860461685284913
0.7886536651409342
0.7912604064379004
0.7938670968892525
0.7964738835447034
0.7990800549755839
0.8016854511783614
0.8042904210750219
0.8068955536887222
0.8095012187365818
0.8121074850138588
0.8147144584452406
0.8173221347766518
0.8199302580918676
0.8225387728146696
0.8251478339464188
0.8277575983166673
0.8303679498841855
0.8329788849029675
0.8355904758375295
0.8382028076583028
0.8408159280777598
0.8434303343397719
0.8460472564340557
0.8486649648543838
0.8512828220411242
0.8539012297745151
0.8565209912546715
0.859143673505115
0.8617703315588521
0.8643972469139249
0.8670245916803156
0.8696537570126399
0.8722855917161134
0.8749204878568492
0.8775588289935804
0.8802006307588434
0.8828449326886509
0.8854911103594969
0.8881392420403803
0.8907893583390009
0.8934414434350249
0.8960943462484006
0.8987473775587367
0.901400551522097
0.9040538903305496
0.9067074328753307
0.9093610473309222
0.9120146898296007
0.9146683633829062
0.9173220829882726
0.9199758656121638
0.9226297274768724
0.9252836843892968
0.9279377511962995
0.9305919418113966
0.9332462704638481
0.9359007574784011
0.9385554403157617
0.9412102244391171
0.9438650328493049
0.9465198717744997
0.9491747543914365
0.9518296976448666
0.9544847167005828
0.957139016703363
0.9597923627433236
0.9624447961524009
0.9650963610837586
0.9677468705557022
0.9703960935645061
0.9730441322244306
0.9756912185580245
0.9783375394745538
0.9809832581369253
0.9836286457313228
0.986273125689839
0.9889168077074334
0.9915598820391751
0.9942024669226326
0.9968446889606657
0.9994867849963058
1.002128983320856
1.004771113470587
1.007412815023479
1.01005419391383
1.01269529876478
1.015336174916717
1.017976950032627
1.020617738348571
1.023255468234669
1.025895489934826
1.028518276487244
1.031139092485677
1.033759353514661
1.036368040493933
1.038982656029067
1.041596413115879
1.044207671167494
1.046826825384625
1.049445018877729
1.052065841769378
1.054694246736023
1.057327814533088
1.059964884282872
1.062607356157285
1.065249961504146
1.067892628669535
1.070535305977431
1.073178173691998
1.07582147233496
1.078465394187406
1.081109407300119
1.083753372785231
1.086397358889983
1.089041411261729
1.091685645083911
1.094330134279415
1.096974921395524
1.099620033360179
1.102262117429647
1.104900815525663
1.107537831551467
1.110173136038304
1.112804464889163
1.115433553085834
1.118061746534912
1.120687313676458
1.123310296742668
1.125931632428148
1.128552241962419
1.131172412800744
1.133790092722962
1.136406149095828
1.139021049768373
1.141635343439618
1.144249184090078
1.146862554652047
1.149474843028399
1.15208601085319
1.154696521241885
1.157306922913304
1.159917451243886
1.162528100831431
1.165139035500798
1.167750253047902
1.170361651799233
1.17297328094557
1.175585190689503
1.178197506224061
1.180810144875397
1.183423160524545
1.186036628300833
1.188650709283354
1.191265449277395
1.193881608604073
1.196499261430043
1.199117318227575
1.201735534711214
1.204354387994367
1.206974880672304
1.209598155793941
1.212223512819619
1.214848192593933
1.217473652780052
1.220101206159712
1.222731551943828
1.2253650698893
1.228001837615334
1.230640946119865
1.233281686721988
1.235924206264741
1.238568533099894
1.241214622749173
1.243862378971266
1.246511490759095
1.249161482175928
1.251812217406496
1.254463099713755
1.257113956941466
1.259764800849942
1.262415777078192
1.265067018912611
1.267718523663262
1.270370368941498
1.273022584293646
1.275674934698793
1.278327225005137
1.280979111797135
1.283630400652119
1.28628090053597
1.288930584151689
1.29157940686813
1.294227097696369
1.296873522900075
1.299518718441505
1.302162868469949
1.30480606377408
1.307448642620575
1.310089859730613
1.312729895708637
1.31536901711459
1.318007438133834
1.32064532639906
1.323282951556707
1.325920581086574
1.328557374079543
1.331193578749687
1.333829309661579
1.33646465952394
1.339099741555304
1.341734796203672
1.344370047822556
1.34700568939982
1.349641173857506
1.352276623007704
1.354912270641017
1.35754821146667
1.360184478688908
1.362821162362671
1.365458312762666
1.368095825412099
1.370733657175949
1.373371872805504
1.37601051143484
1.378649618784504
1.381282209344082
1.383916249399471
1.386540838483831
1.389159866933512
1.391786012505861
1.394401558476593
1.397019789503717
1.399646346504696
1.402266855989726
1.404892489888581
1.407526525440242
1.410161153399013
1.412801049814201
1.415448218005827
1.418097604814372
1.420748981391601
1.42340186499734
1.426056239625001
1.428711978345373
1.431368849191693
1.434026355878943
1.436684279748348
1.439342595590296
1.442001264572473
1.444656338407723
1.447307844980149
1.44995730728205
1.452603987470604
1.45524639576049
1.457886391213924
1.460525041058093
1.46316010135105
1.465792042140611
1.468422377204637
1.471051309566438
1.473676681247318
1.476299834014162
1.478921812391415
1.481543049141108
1.484161839998273
1.486778682861318
1.489394099344568
1.492008624589059
1.494622421721543
1.497235492260577
1.499847139572807
1.502457475599966
1.505067044042603
1.507676289105037
1.510285599906436
1.512894978587441
1.515504415185137
1.518113487873442
1.520722587670879
1.523331927529161
1.525941662634411
1.528551902875437
1.531162571221392
1.533773616130338
1.536385159044964
1.538997290737582
1.54161017843997
1.544224185505749
1.546838971370005
1.549454292780156
1.552070133629608
1.554686658319698
1.557304806578146
1.559925508279657
1.562547607157009
1.565169301676682
1.567791465572145
1.570415723742646
1.573043056405373
1.575673933478475
1.578306855233293
1.580941022274521
1.583577105257638
1.586215366214653
1.588855904421111
1.591498732190102
1.594143790222311
1.596790729233183
1.599439191920886
1.602088890148532
1.604739540940956
1.60739036680626
1.610041325314407
1.612692385537426
1.615343577014303
1.617995040851478
1.620646562887842
1.623298057690267
1.625949515215983
1.628600978495734
1.631252489225537
1.633904122907789
1.63655596612985
1.639208097621531
1.64186059968546
1.644513554769914
1.647165652776296
1.649816673258594
1.652466667007041
1.655115715557521
1.657763957814597
1.660410949349625
1.663056559417573
1.665701166294882
1.668345096862339
1.670988531440252
1.673631811273088
1.676274440773121
1.678916368408991
1.681557818530509
1.684198895504095
1.686839675741358
1.689480474145415
1.692121413759722
1.694762423718191
1.697403423932406
1.700044150197318
1.702684678830924
1.705325145645181
1.707965668234846
1.71060623330479
1.713246741067186
1.715887276788167
1.718527960661217
1.721168782179725
1.723809669654838
1.726450655156171
1.729091601005502
1.731732329235779
1.734368409922336
1.737007974293533
1.739632437786752
1.742256055481579
1.744880076870305
1.747493450351759
1.750113656856663
1.7527343617228
1.755352830627148
1.757978281011728
1.760604434021692
1.763233271504446
1.765869365140916
1.768511727126511
1.771156756743634
1.77380462959067
1.776453159134309
1.779102279344503
1.781751877580902
1.784401855533903
1.787052212740956
1.789702980798765
1.792354185752951
1.795005860686822
1.797658021020324
1.800309332774202
1.802959059611993
1.805604397128701
1.808246330335509
1.810886614132022
1.813525241268524
1.816159691649997
1.818791686558191
1.821422631015532
1.82405087967435
1.826676131716254
1.829299535911228
1.831922335698387
1.834542932798078
1.837161245393163
1.839778098587428
1.842394197390529
1.845009986585572
1.847624501382765
1.850237378783541
1.852849274197354
1.855460643898347
1.858072082641181
1.860683862579837
1.863295353813791
1.86590627392918
1.86851698929432
1.871128104280819
1.873739674534163
1.876351806153317
1.878964687657621
1.881578115712429
1.884191970619048
1.886806416665753
1.889421527652392
1.89203747478385
1.894653965033828
1.897270947281235
1.899888514863181
1.902506699571185
1.905125723603242
1.907746618753268
1.910370129803731
1.912993423254871
1.915616682886329
1.918240711456863
1.92086704203524
1.923496559835607
1.926128964935982
1.928761570967752
1.931395534312897
1.934031534036083
1.936669822258846
1.939310546539707
1.941953833305454
1.944599507982759
1.947247302052978
1.949896957856979
1.952548248834374
1.955200956044947
1.957854850527706
1.960509687444798
1.963165131838351
1.96582093770108
1.968477044835427
1.971133396865237
1.973789925846747
1.976446625539214
1.979103382657008
1.981759925466118
1.98441580310733
1.987071234304318
1.989726099149856
1.992380107063635
1.995033156325045
1.997685243406477
2.00033619381519
2.00298599800982
2.005634785098988
2.008282657006946
2.010929315805389
2.013574558914759
2.016218610713139
2.018861718393862
2.021504163699662
2.02414627530602
2.026787247283428
2.029427385155624
2.032066899807694
2.034705934161764
2.037344704109589
2.039983521978471
2.042622451630951
2.045261053399856
2.04789927453687
2.050537216860701
2.053174927504446
2.055812552989559
2.058450249177311
2.061088114502637
2.063726208506981
2.066364604732996
2.06900315083601
2.071641794264437
2.074280554687722
2.07691954665205
2.079558872464977
2.082198585573004
2.084838498527871
2.087478624487177
2.090113931499423
2.092737439625375
2.095366557125203
2.097983139278969
2.100599747348945
2.103221799812068
2.105832742536564
2.108449912312707
2.111073461982294
2.113694140061986
2.116320729666796
2.118952605717285
2.121585851345805
2.124225827896344
2.126873214836936
2.129523175503351
2.132174698228532
2.134826599517808
2.137478879657907
2.140131509035502
2.142784465135391
2.145437747424165
2.148091352945135
2.150745288260315
2.153399442975326
2.156049554172788
2.158695962627293
2.161340496440016
2.163983583062324
2.166622298391462
2.16925837448143
2.171893281513802
2.17452565970301
2.177154773246095
2.17978195409047
2.182408524829533
2.185032058110742
2.187653391961315
2.190273277879204
2.192892593723739
2.195510895365525
2.198127089966465
2.200741854173861
2.203355729920798
2.205969309702354
2.208582614345395
2.211195279107931
2.213806804334472
2.216417557546452
2.219028051085862
2.221638745093555
2.22424959434056
2.22686063243505
2.229471905725471
2.23208333111002
2.234694859134125
2.237306640450283
2.239918727384532
2.242531054429242
2.245143638969197
2.247756550270931
2.250369903710069
2.252983585874363
2.25559794827367
2.258213843051005
2.260830693490028
2.263447280425965
2.266063918253837
2.268681628721145
2.271301604919623
2.273924865371034
2.276547518671051
2.279170565713771
2.281795398683919
2.284422713199453
2.287052883692155
2.289686298269845
2.292322972589242
2.294961277973895
2.297601340653973
2.300243261962151
2.302887017087151
2.305532543526446
2.308179656645509
2.310828019343647
2.313477276172227
2.316127001754599
2.318776865659873
2.321426954810299
2.324077289067451
2.326727930450878
2.329379014841934
2.332030444874145
2.334682305450677
2.337334663222856
2.339987133243858
2.342639468837611
2.345291392444905
2.347942654624175
2.350593196745493
2.353242950320062
2.355891750205489
2.358539481276604
2.361186018699233
2.363831433978319
2.366475858916482
2.369119395336591
2.371762242221809
2.374403584226589
2.377043853011132
2.379683357138507
2.382322385775564
2.384961124237533
2.387599895464295
2.390238015594232
2.392875596068537
2.39551285547979
2.398149911011056
2.400786847378535
2.403423885138861
2.406061196715483
2.408698871685459
2.41133641897503
2.413973923528493
2.416611569082859
2.419249446179892
2.421887573864665
2.424526010102635
2.427164733230318
2.429803671391465
2.432442801480364
2.435082156696487
2.437721810994094
2.440361817407426
2.443002091529065
2.445641534754857
2.448278365679794
2.450902057722369
2.453531055546605
2.456151733034522
2.458770437831734
2.461397339265269
2.464014604130084
2.466636238856352
2.469266442182702
2.471895206968134
2.474528769948385
2.477170151432017
2.479812325077954
2.482459810437236
2.485107937684758
2.487756603942429
2.490405811064035
2.493055514448079
2.49570564526859
2.498356147841322
2.501006980583434
2.503658111060985
2.50630952741324
2.508960857373935
2.511609800662966
2.51425724952057
2.516900013936708
2.519539696928718
2.522177926119579
2.524814047139235
2.52744635305022
2.530076354487818
2.532705460685724
2.535331621910767
2.537955069820987
2.540576836771792
2.543198006235346
2.5458169728696
2.548433776885993
2.551049068726018
2.553663599387956
2.556277721849242
2.558890623135119
2.56150190913905
2.564112149088567
2.566721886739389
2.569331564506537
2.571941444689969
2.574551013935772
2.57715994061501
2.579768593222274
2.582377468137892
2.584986694291185
2.587596433848839
2.590206685782214
2.592817252894028
2.595428192848685
2.598039608221454
2.600651654061995
2.603264488038414
2.605877753524545
2.608491439483436
2.611105687281467
2.613720421105309
2.616336247153343
2.618954027335798
2.621573493182832
2.624192721881253
2.626812053661928
2.629432681235757
2.632055917229411
2.634682508285537
2.637310033202929
2.639938224430283
2.642568174999087
2.645200468205262
2.647835349125387
2.650473011411181
2.653113297608102
2.655755999493865
2.658400886682876
2.661047683068257
2.66369613478509
2.666345963843762
2.668996980279899
2.671649061781307
2.674302097613401
2.67695588730535
2.679610363060823
2.682265249222702
2.684920126563557
2.687575119140049
2.690230376262507
2.692885954434388
2.69554127531008
2.698196476157917
2.70085140092937
2.703505711652347
2.70615925526217
2.708811871359054
2.71146338057422
2.714113794632483
2.716763175289483
2.719411678991592
2.722058703690973
2.724704348616119
2.727348871677997
2.729992629457839
2.73263592169928
2.735279160934236
2.737921616498362
2.740563404304055
2.743204738698596
2.745845723585094
2.748486432631172
2.751127099125211
2.75376783497003
2.75640866556157
2.759049573535438
2.76169055705307
2.764331520690389
2.766972488062862
2.76961365263599
2.772254792973905
2.774895993522556
2.777537322395485
2.780178713707546
2.782820085744105
2.785461674672133
2.788103976349387
2.790746385799848
2.793388621612783
2.796030898206171
2.798673401482426
2.801316724945058
2.803961351829317
2.806607514347742
2.809253561862027
2.811900244439525
2.814547396643297
2.81719466793153
2.819842320797817
2.822490525057991
2.825139388341668
2.827788974895162
2.830439310645131
2.83309039237187
2.835742165762384
2.838394587242048
2.841047638128186
2.843701309231231
2.846355588317166
2.849010464010995
2.851665924217521
2.854321916847314
2.856978409987143
2.859635392334785
2.862292829782946
2.864950724149897
2.867609076610706
2.870267859501486
2.872927033531411
2.875586524098304
2.878246167483776
2.880905862962651
2.883565532284451
2.886225091991075
2.888884526080925
2.891543869564436
2.894203191655434
2.896862538586874
2.899521949614221
2.902181483133817
2.90484124154901
2.907501342154319
2.910161875299507
2.912822908927986
2.915484400764432
2.918146307309772
2.920808576760258
2.923470949748934
2.926133440152633
2.928795946347049
2.931458498348848
2.93412111329836
2.93678380651445
2.939446592569836
2.942109485770204
2.94477250137496
2.947435640048165
2.950098897356486
2.952762280740205
2.955425775261627
2.958089378548436
2.960753066319793
2.963416854691933
2.966080746730596
2.968744721857824
2.971408780405131
2.974072924920505
2.976737172076307
2.97940153563129
2.982065988442259
2.984730500366181
2.98739518869443
2.990060247986698
2.992725470120357
2.995390615149121
2.998055722047122
3.000720909751486
3.003386294015276
3.006051982446976
3.008718045942823
3.011384555901619
3.014051575617112
3.016718909935745
3.019386209195537
3.022053505952325
3.024720885443514
3.027388368196398
3.030055993723965
3.032723800078091
3.035391796162979
3.038059970566321
3.040728312399282
3.043396805309228
3.046065447733354
3.048734243857059
3.051403200810095
3.054072318498972
3.056741613497963
3.059411110611011
3.062080838953321
3.064750845123949
3.067421053627431
3.070091299539535
3.072761602055431
3.075431965257809
3.078102416306161
3.080772930065135
3.083443520282425
3.086114212336983
3.088785000876162
3.091455834142823
3.094126656668876
3.096797384697389
3.099467921747826
3.102138261276319
3.1048083950368
3.107478307082108
3.11014796568244
3.11281737177482
3.115486510007771
3.118155362975532
3.120823941137568
3.123492242547032
3.126160208665949
3.128827771363176
3.131494941768119
3.134161752592399
3.13682824270041
3.139494436755013
3.142160362619144
3.144826084879565
3.147491631361914
3.150156811419199
3.15282165635766
3.155486215638613
3.158150528770069
3.160814632457214
3.163478582383371
3.166142433998315
3.168806290840423
3.171470074021927
3.174133685766781
3.176797161381014
3.179460512864022
3.182123754143579
3.184786918984371
3.18745006068754
3.190113221721773
3.192776438885143
3.195439738593965
3.198103135270386
3.200766623866506
3.203430121428811
3.206093631146267
3.208757150252034
3.211420664852959
3.214084171287697
3.216747679897036
3.219411193573564
3.222074710824925
3.224738263920893
3.227401880838532
3.230065533476366
3.232729202409601
3.235392902352512
3.238056649370929
3.240720441074586
3.243384265584945
3.246048164090632
3.248712216285272
3.251376362608676
3.254040460182245
3.256704542361295
3.259368637752382
3.262032769432149
3.264696993943788
3.267361373328249
3.270025958883602
3.272690806172435
3.275355971872443
3.278021482277721
3.280686996227388
3.283352495373553
3.286018001344681
3.288683545955648
3.291349181202872
3.294014937495866
3.296680831125661
3.29934687267875
3.302013069849409
3.30467942989374
3.307345973675346
3.310012715381891
3.31267967209035
3.315346866952365
3.318014192853842
3.320681519897836
3.3233488694278
3.326016262606765
3.328683715311917
3.33135124243562
3.334018855021872
3.336686559759131
3.339354362804928
3.342022268462407
3.344690279883932
3.34735841147862
3.350026679255097
3.352695021167179
3.35536339427207
3.358031812777842
3.36070027627912
3.363368784423003
3.36603733969213
3.368705948086193
3.371374616485385
3.374043361856167
3.376712130723038
3.379380901881316
3.38204968371515
3.384718471722857
3.387387263076872
3.390056061835513
3.392724872802297
3.395393701663343
3.39806256099664
3.400731461271394
3.403400353748737
3.406069217639912
3.408738052885568
3.411406865337911
3.414075665505512
3.416744464279873
3.419413272950177
3.422082103181689
3.424750965838949
3.427419870106387
3.430088809294526
3.432757770667596
3.435426734166901
3.438095690399582
3.44076463844346
3.44343358211871
3.446102526964496
3.448771474728141
3.45144042925275
3.454109408056081
3.456778435756734
3.459447469578071
3.462116509420767
3.464785567663192
3.467454661846244
3.470123810170397
3.472793022366861
3.475462288465909
3.478131585826298
3.480800903563138
3.483470217982776
3.486139512576247
3.488808803760115
3.491478110786021
3.494147453302296
3.496816852344867
3.499486325175255
3.502155894503735
3.504825605351356
3.507495501353414
3.510165446311631
3.512835412525793
3.51550540311012
3.518175417637972
3.520845465094165
3.523515555761322
3.526185700237639
3.528855908792875
3.531526191226277
3.53419656549476
3.536867050942752
3.539537672484577
3.542208433081426
3.544879199292652
3.547549976831504
3.550220776444561
3.552891607348654
3.555562480990424
3.558233405937573
3.560904388971163
3.563575435783612
3.566246550355104
3.568917738142653
3.571589007203627
3.574260336024427
3.576931690743051
3.579603072805219
3.582274483588711
3.584945923482907
3.587617394517298
3.590288900495089
3.592960449590372
3.595632049989042
3.598303695462067
