7.812500000000002e-05
0.000234375
0.000390625
0.0005468750000000001
0.000703125
0.0008593750000000001
0.001015625
0.001171875
0.001328125
0.001484375
0.001640625
0.001796875
0.001953125
0.002109375
0.002265625
0.002421875
0.002578125
0.002734375
0.002890625
0.003046875
0.003203125
0.003359375
0.003515625
0.003671875
0.003828125
0.003984375
0.004140625
0.004296874999999999
0.004453125
0.004609375
0.004765625
0.004921875
0.005078125
0.005234375
0.005390625
0.005546875
0.005703125
0.005859375
0.006015625
0.006171875
0.006328125
0.006484375
0.006640625
0.006796875
0.006953125
0.007109375
0.007265625
0.007421875
0.007578125
0.007734375
0.007890625
0.008046875
0.008203125
0.008359375
0.008515625000000001
0.008671875000000001
0.008828124999999999
0.008984374999999999
0.009140624999999999
0.009296875
0.009453125
0.009609375
0.009765625
0.009921875
0.010078125
0.010234375
0.010390625
0.010546875
0.010703125
0.010859375
0.011015625
0.011171875
0.011328125
0.011484375
0.011640625
0.011796875
0.011953125
0.012109375
0.012265625
0.012421875
0.012578125
0.012734375
0.012890625
0.013046875
0.013203125
0.013359375
0.013515625
0.013671875
0.013828125
0.013984375
0.014140625
0.014296875
0.014453125
0.014609375
0.014765625
0.014921875
0.015078125
0.015234375
0.015390625
0.015546875
0.015703125
0.015859375
0.016015625
0.016171875
0.016328125
0.016484375
0.016640625
0.016796875
0.016953125
0.017109375
0.017265625
0.017421875
0.017578125
0.017734375
0.017890625
0.018046875
0.018203125
0.018359375
0.018515625
0.018671875
0.018828125
0.018984375
0.019140625
0.019296875
0.019453125
0.019609375
0.019765625
0.019921875
0.020078125
0.020234375
0.020390625
0.020546875
0.020703125
0.020859375
0.021015625
0.021171875
0.021328125
0.021484375
0.021640625
0.021796875
0.021953125
0.022109375
0.022265625
0.022421875
0.022578125
0.022734375
0.022890625
0.023046875
0.023203125
0.023359375
0.023515625
0.023671875
0.023828125
0.023984375
0.024140625
0.024296875
0.024453125
0.024609375
0.024765625
0.024921875
0.025078125
0.025234375
0.025390625
0.025546875
0.025703125
0.025859375
0.026015625
0.026171875
0.026328125
0.026484375
0.026640625
0.026796875
0.026953125
0.027109375
0.027265625
0.027421875
0.027578125
0.027734375
0.027890625
0.028046875
0.028203125
0.028359375
0.028515625
0.028671875
0.028828125
0.028984375
0.029140625
0.029296875
0.029453125
0.029609375
0.029765625
0.029921875
0.030078125
0.030234375
0.030390625
0.030546875
0.030703125
0.030859375
0.031015625
0.03117187500000001
0.031328125
0.031484375
0.031640625
0.031796875
0.031953125
0.032109375
0.032265625
0.032421875
0.032578125
0.032734375
0.032890625
0.033046875
0.033203125
0.033359375
0.033515625
0.033671875
0.033828125
0.033984375
0.034140625
0.034296875
0.034453125
0.034609375
0.034765625
0.034921875
0.035078125
0.035234375
0.035390625
0.035546875
0.035703125
0.035859375
0.036015625
0.036171875
0.036328125
0.036484375
0.036640625
0.036796875
0.036953125
0.037109375
0.037265625
0.037421875
0.037578125
0.037734375
0.037890625
0.038046875
0.038203125
0.038359375
0.038515625
0.038671875
0.038828125
0.038984375
0.039140625
0.039296875
0.039453125
0.039609375
0.039765625
0.039921875
0.040078125
0.040234375
0.040390625
0.040546875
0.040703125
0.040859375
0.041015625
0.041171875
0.041328125
0.041484375
0.041640625
0.041796875
0.041953125
0.042109375
0.042265625
0.042421875
0.042578125
0.042734375
0.042890625
0.043046875
0.043203125
0.043359375
0.043515625
0.043671875
0.043828125
0.043984375
0.044140625
0.044296875
0.044453125
0.044609375
0.044765625
0.044921875
0.045078125
0.045234375
0.045390625
0.045546875
0.045703125
0.045859375
0.046015625
0.046171875
0.046328125
0.046484375
0.046640625
0.046796875
0.046953125
0.047109375
0.047265625
0.047421875
0.047578125
0.047734375
0.047890625
0.048046875
0.048203125
0.048359375
0.048515625
0.048671875
0.048828125
0.048984375
0.049140625
0.049296875
0.049453125
0.049609375
0.049765625
0.049921875
0.050078125
0.050234375
0.050390625
0.050546875
0.050703125
0.050859375
0.051015625
0.051171875
0.051328125
0.051484375
0.051640625
0.051796875
0.051953125
0.052109375
0.052265625
0.052421875
0.052578125
0.052734375
0.052890625
0.053046875
0.053203125
0.053359375
0.053515625
0.053671875
0.053828125
0.053984375
0.054140625
0.054296875
0.054453125
0.054609375
0.054765625
0.054921875
0.055078125
0.055234375
0.055390625
0.055546875
0.055703125
0.055859375
0.056015625
0.056171875
0.056328125
0.056484375
0.056640625
0.056796875
0.056953125
0.057109375
0.057265625
0.057421875
0.057578125
0.057734375
0.057890625
0.058046875
0.058203125
0.058359375
0.058515625
0.058671875
0.058828125
0.058984375
0.059140625
0.059296875
0.059453125
0.059609375
0.059765625
0.059921875
0.060078125
0.060234375
0.060390625
0.060546875
0.060703125
0.060859375
0.061015625
0.061171875
0.061328125
0.061484375
0.061640625
0.061796875
0.061953125
0.062109375
0.062265625
0.06242187499999999
0.06257812500000001
0.06273437500000001
0.06289062500000001
0.063046875
0.06320312500000001
0.06335937500000001
0.06351562500000001
0.063671875
0.063828125
0.06398437500000001
0.06414062500000001
0.064296875
0.064453125
0.06460937500000001
0.06476562500000001
0.064921875
0.065078125
0.06523437500000001
0.06539062500000001
0.065546875
0.065703125
0.06585937500000001
0.06601562500000001
0.066171875
0.066328125
0.06648437500000001
0.06664062500000001
0.06679687500000001
0.066953125
0.06710937500000001
0.06726562500000001
0.06742187500000001
0.067578125
0.06773437500000001
0.06789062500000001
0.06804687500000001
0.068203125
0.068359375
0.06851562500000001
0.06867187500000001
0.068828125
0.068984375
0.06914062500000001
0.06929687500000001
0.069453125
0.069609375
0.06976562500000001
0.06992187500000001
0.070078125
0.070234375
0.07039062500000001
0.07054687500000001
0.07070312500000001
0.070859375
0.07101562500000001
0.07117187500000001
0.07132812500000001
0.071484375
0.07164062500000001
0.07179687500000001
0.07195312500000001
0.072109375
0.072265625
0.07242187500000001
0.07257812500000001
0.072734375
0.072890625
0.07304687500000001
0.07320312500000001
0.073359375
0.073515625
0.07367187500000001
0.07382812500000001
0.073984375
0.074140625
0.07429687500000001
0.07445312500000001
0.07460937500000001
0.074765625
0.07492187500000001
0.07507812500000001
0.07523437500000001
0.075390625
0.07554687500000001
0.07570312500000001
0.07585937500000001
0.076015625
0.076171875
0.07632812500000001
0.07648437500000001
0.076640625
0.076796875
0.07695312500000001
0.07710937500000001
0.077265625
0.077421875
0.07757812500000001
0.07773437500000001
0.077890625
0.078046875
0.07820312500000001
0.07835937500000001
0.07851562500000001
0.078671875
0.07882812500000001
0.07898437500000001
0.07914062500000001
0.079296875
0.07945312500000001
0.07960937500000001
0.07976562500000001
0.079921875
0.080078125
0.08023437500000001
0.08039062500000001
0.080546875
0.080703125
0.08085937500000001
0.08101562500000001
0.081171875
0.081328125
0.08148437500000001
0.08164062500000001
0.081796875
0.081953125
0.08210937500000001
0.08226562500000001
0.08242187500000001
0.082578125
0.08273437500000001
0.08289062500000001
0.08304687500000001
0.083203125
0.08335937500000001
0.08351562500000001
0.08367187500000001
0.083828125
0.083984375
0.08414062500000001
0.08429687500000001
0.084453125
0.084609375
0.08476562500000001
0.08492187500000001
0.085078125
0.085234375
0.08539062500000001
0.08554687500000001
0.085703125
0.085859375
0.08601562500000001
0.08617187500000001
0.08632812500000001
0.086484375
0.08664062500000001
0.08679687500000001
0.08695312500000001
0.087109375
0.08726562500000001
0.08742187500000001
0.08757812500000001
0.087734375
0.087890625
0.08804687500000001
0.08820312500000001
0.088359375
0.088515625
0.08867187500000001
0.08882812500000001
0.088984375
0.089140625
0.08929687500000001
0.08945312500000001
0.089609375
0.089765625
0.08992187500000001
0.09007812500000001
0.09023437500000001
0.090390625
0.09054687500000001
0.09070312500000001
0.09085937500000001
0.091015625
0.09117187500000001
0.09132812500000001
0.09148437500000001
0.091640625
0.091796875
0.09195312500000001
0.09210937500000001
0.092265625
0.092421875
0.09257812500000001
0.09273437500000001
0.092890625
0.093046875
0.09320312500000001
0.09335937500000001
0.093515625
0.093671875
0.09382812500000001
0.09398437500000001
0.09414062500000001
0.094296875
0.09445312500000001
0.09460937500000001
0.09476562500000001
0.094921875
0.09507812500000001
0.09523437500000001
0.09539062500000001
0.095546875
0.09570312500000001
0.09585937500000001
0.09601562500000001
0.096171875
0.096328125
0.09648437500000001
0.09664062500000001
0.096796875
0.096953125
0.09710937500000001
0.09726562500000001
0.097421875
0.097578125
0.09773437500000001
0.09789062500000001
0.09804687500000001
0.098203125
0.09835937500000001
0.09851562500000001
0.09867187500000001
0.098828125
0.09898437500000001
0.09914062500000001
0.09929687500000001
0.099453125
0.09960937500000001
0.09976562500000001
0.09992187500000001
0.100078125
0.100234375
0.100390625
0.100546875
0.100703125
0.100859375
0.101015625
0.101171875
0.101328125
0.101484375
0.101640625
0.101796875
0.101953125
0.102109375
0.102265625
0.102421875
0.102578125
0.102734375
0.102890625
0.103046875
0.103203125
0.103359375
0.103515625
0.103671875
0.103828125
0.103984375
0.104140625
0.104296875
0.104453125
0.104609375
0.104765625
0.104921875
0.105078125
0.105234375
0.105390625
0.105546875
0.105703125
0.105859375
0.106015625
0.106171875
0.106328125
0.106484375
0.106640625
0.106796875
0.106953125
0.107109375
0.107265625
0.107421875
0.107578125
0.107734375
0.107890625
0.108046875
0.108203125
0.108359375
0.108515625
0.108671875
0.108828125
0.108984375
0.109140625
0.109296875
0.109453125
0.109609375
0.109765625
0.109921875
0.110078125
0.110234375
0.110390625
0.110546875
0.110703125
0.110859375
0.111015625
0.111171875
0.111328125
0.111484375
0.111640625
0.111796875
0.111953125
0.112109375
0.112265625
0.112421875
0.112578125
0.112734375
0.112890625
0.113046875
0.113203125
0.113359375
0.113515625
0.113671875
0.113828125
0.113984375
0.114140625
0.114296875
0.114453125
0.114609375
0.114765625
0.114921875
0.115078125
0.115234375
0.115390625
0.115546875
0.115703125
0.115859375
0.116015625
0.116171875
0.116328125
0.116484375
0.116640625
0.116796875
0.116953125
0.117109375
0.117265625
0.117421875
0.117578125
0.117734375
0.117890625
0.118046875
0.118203125
0.118359375
0.118515625
0.118671875
0.118828125
0.118984375
0.119140625
0.119296875
0.119453125
0.119609375
0.119765625
0.119921875
0.120078125
0.120234375
0.120390625
0.120546875
0.120703125
0.120859375
0.121015625
0.121171875
0.121328125
0.121484375
0.121640625
0.121796875
0.121953125
0.122109375
0.122265625
0.122421875
0.122578125
0.122734375
0.122890625
0.123046875
0.123203125
0.123359375
0.123515625
0.123671875
0.123828125
0.123984375
0.124140625
0.124296875
0.124453125
0.124609375
0.124765625
0.124921875
0.125078125
0.125234375
0.125390625
0.125546875
0.125703125
0.125859375
0.126015625
0.126171875
0.126328125
0.126484375
0.126640625
0.126796875
0.126953125
0.127109375
0.127265625
0.127421875
0.127578125
0.127734375
0.127890625
0.128046875
0.128203125
0.128359375
0.128515625
0.128671875
0.128828125
0.128984375
0.129140625
0.129296875
0.129453125
0.129609375
0.129765625
0.129921875
0.130078125
0.130234375
0.130390625
0.130546875
0.130703125
0.130859375
0.131015625
0.131171875
0.131328125
0.131484375
0.131640625
0.131796875
0.131953125
0.132109375
0.132265625
0.132421875
0.132578125
0.132734375
0.132890625
0.133046875
0.133203125
0.133359375
0.133515625
0.133671875
0.133828125
0.133984375
0.134140625
0.134296875
0.134453125
0.134609375
0.134765625
0.134921875
0.135078125
0.135234375
0.135390625
0.135546875
0.135703125
0.135859375
0.136015625
0.136171875
0.136328125
0.136484375
0.136640625
0.136796875
0.136953125
0.137109375
0.137265625
0.137421875
0.137578125
0.137734375
0.137890625
0.138046875
0.138203125
0.138359375
0.138515625
0.138671875
0.138828125
0.138984375
0.139140625
0.139296875
0.139453125
0.139609375
0.139765625
0.139921875
0.140078125
0.140234375
0.140390625
0.140546875
0.140703125
0.140859375
0.141015625
0.141171875
0.141328125
0.141484375
0.141640625
0.141796875
0.141953125
0.142109375
0.142265625
0.142421875
0.142578125
0.142734375
0.142890625
0.143046875
0.143203125
0.143359375
0.143515625
0.143671875
0.143828125
0.143984375
0.144140625
0.144296875
0.144453125
0.144609375
0.144765625
0.144921875
0.145078125
0.145234375
0.145390625
0.145546875
0.145703125
0.145859375
0.146015625
0.146171875
0.146328125
0.146484375
0.146640625
0.146796875
0.146953125
0.147109375
0.147265625
0.147421875
0.147578125
0.147734375
0.147890625
0.148046875
0.148203125
0.148359375
0.148515625
0.148671875
0.148828125
0.148984375
0.149140625
0.149296875
0.149453125
0.149609375
0.149765625
0.149921875
0.150078125
0.150234375
0.150390625
0.150546875
0.150703125
0.150859375
0.151015625
0.151171875
0.151328125
0.151484375
0.151640625
0.151796875
0.151953125
0.152109375
0.152265625
0.152421875
0.152578125
0.152734375
0.152890625
0.153046875
0.153203125
0.153359375
0.153515625
0.153671875
0.153828125
0.153984375
0.154140625
0.154296875
0.154453125
0.154609375
0.154765625
0.154921875
0.155078125
0.155234375
0.155390625
0.155546875
0.155703125
0.155859375
0.156015625
0.156171875
0.156328125
0.156484375
0.156640625
0.156796875
0.156953125
0.157109375
0.157265625
0.157421875
0.157578125
0.157734375
0.157890625
0.158046875
0.158203125
0.158359375
0.158515625
0.158671875
0.158828125
0.158984375
0.159140625
0.159296875
0.159453125
0.159609375
0.159765625
0.159921875
0.160078125
0.160234375
0.160390625
0.160546875
0.160703125
0.160859375
0.161015625
0.161171875
0.161328125
0.161484375
0.161640625
0.161796875
0.161953125
0.162109375
0.162265625
0.162421875
0.162578125
0.162734375
0.162890625
0.163046875
0.163203125
0.163359375
0.163515625
0.163671875
0.163828125
0.163984375
0.164140625
0.164296875
0.164453125
0.164609375
0.164765625
0.164921875
0.165078125
0.165234375
0.165390625
0.165546875
0.165703125
0.165859375
0.166015625
0.166171875
0.166328125
0.166484375
0.166640625
0.166796875
0.166953125
0.167109375
0.167265625
0.167421875
0.167578125
0.167734375
0.167890625
0.168046875
0.168203125
0.168359375
0.168515625
0.168671875
0.168828125
0.168984375
0.169140625
0.169296875
0.169453125
0.169609375
0.169765625
0.169921875
0.170078125
0.170234375
0.170390625
0.170546875
0.170703125
0.170859375
0.171015625
0.171171875
0.171328125
0.171484375
0.171640625
0.171796875
0.171953125
0.172109375
0.172265625
0.172421875
0.172578125
0.172734375
0.172890625
0.173046875
0.173203125
0.173359375
0.173515625
0.173671875
0.173828125
0.173984375
0.174140625
0.174296875
0.174453125
0.174609375
0.174765625
0.174921875
0.175078125
0.175234375
0.175390625
0.175546875
0.175703125
0.175859375
0.176015625
0.176171875
0.176328125
0.176484375
0.176640625
0.176796875
0.176953125
0.177109375
0.177265625
0.177421875
0.177578125
0.177734375
0.177890625
0.178046875
0.178203125
0.178359375
0.178515625
0.178671875
0.178828125
0.178984375
0.179140625
0.179296875
0.179453125
0.179609375
0.179765625
0.179921875
0.180078125
0.180234375
0.180390625
0.180546875
0.180703125
0.180859375
0.181015625
0.181171875
0.181328125
0.181484375
0.181640625
0.181796875
0.181953125
0.182109375
0.182265625
0.182421875
0.182578125
0.182734375
0.182890625
0.183046875
0.183203125
0.183359375
0.183515625
0.183671875
0.183828125
0.183984375
0.184140625
0.184296875
0.184453125
0.184609375
0.184765625
0.184921875
0.185078125
0.185234375
0.185390625
0.185546875
0.185703125
0.185859375
0.186015625
0.186171875
0.186328125
0.186484375
0.186640625
0.186796875
0.186953125
0.187109375
0.187265625
0.187421875
0.187578125
0.187734375
0.187890625
0.188046875
0.188203125
0.188359375
0.188515625
0.188671875
0.188828125
0.188984375
0.189140625
0.189296875
0.189453125
0.189609375
0.189765625
0.189921875
0.190078125
0.190234375
0.190390625
0.190546875
0.190703125
0.190859375
0.191015625
0.191171875
0.191328125
0.191484375
0.191640625
0.191796875
0.191953125
0.192109375
0.192265625
0.192421875
0.192578125
0.192734375
0.192890625
0.193046875
0.193203125
0.193359375
0.193515625
0.193671875
0.193828125
0.193984375
0.194140625
0.194296875
0.194453125
0.194609375
0.194765625
0.194921875
0.195078125
0.195234375
0.195390625
0.195546875
0.195703125
0.195859375
0.196015625
0.196171875
0.196328125
0.196484375
0.196640625
0.196796875
0.196953125
0.197109375
0.197265625
0.197421875
0.197578125
0.197734375
0.197890625
0.198046875
0.198203125
0.198359375
0.198515625
0.198671875
0.198828125
0.198984375
0.199140625
0.199296875
0.199453125
0.199609375
0.199765625
0.199921875
0.200078125
0.200234375
0.200390625
0.200546875
0.200703125
0.200859375
0.201015625
0.201171875
0.201328125
0.201484375
0.201640625
0.201796875
0.201953125
0.202109375
0.202265625
0.202421875
0.202578125
0.202734375
0.202890625
0.203046875
0.203203125
0.203359375
0.203515625
0.203671875
0.203828125
0.203984375
0.204140625
0.204296875
0.204453125
0.204609375
0.204765625
0.204921875
0.205078125
0.205234375
0.205390625
0.205546875
0.205703125
0.205859375
0.206015625
0.206171875
0.206328125
0.206484375
0.206640625
0.206796875
0.206953125
0.207109375
0.207265625
0.207421875
0.207578125
0.207734375
0.207890625
0.208046875
0.208203125
0.208359375
0.208515625
0.208671875
0.208828125
0.208984375
0.209140625
0.209296875
0.209453125
0.209609375
0.209765625
0.209921875
0.210078125
0.210234375
0.210390625
0.210546875
0.210703125
0.210859375
0.211015625
0.211171875
0.211328125
0.211484375
0.211640625
0.211796875
0.211953125
0.212109375
0.212265625
0.212421875
0.212578125
0.212734375
0.212890625
0.213046875
0.213203125
0.213359375
0.213515625
0.213671875
0.213828125
0.213984375
0.214140625
0.214296875
0.214453125
0.214609375
0.214765625
0.214921875
0.215078125
0.215234375
0.215390625
0.215546875
0.215703125
0.215859375
0.216015625
0.216171875
0.216328125
0.216484375
0.216640625
0.216796875
0.216953125
0.217109375
0.217265625
0.217421875
0.217578125
0.217734375
0.217890625
0.218046875
0.218203125
0.218359375
0.218515625
0.218671875
0.218828125
0.218984375
0.219140625
0.219296875
0.219453125
0.219609375
0.219765625
0.219921875
0.220078125
0.220234375
0.220390625
0.220546875
0.220703125
0.220859375
0.221015625
0.221171875
0.221328125
0.221484375
0.221640625
0.221796875
0.221953125
0.222109375
0.222265625
0.222421875
0.222578125
0.222734375
0.222890625
0.223046875
0.223203125
0.223359375
0.223515625
0.223671875
0.223828125
0.223984375
0.224140625
0.224296875
0.224453125
0.224609375
0.224765625
0.224921875
0.225078125
0.225234375
0.225390625
0.225546875
0.225703125
0.225859375
0.226015625
0.226171875
0.226328125
0.226484375
0.226640625
0.226796875
0.226953125
0.227109375
0.227265625
0.227421875
0.227578125
0.227734375
0.227890625
0.228046875
0.228203125
0.228359375
0.228515625
0.228671875
0.228828125
0.228984375
0.229140625
0.229296875
0.229453125
0.229609375
0.229765625
0.229921875
0.230078125
0.230234375
0.230390625
0.230546875
0.230703125
0.230859375
0.231015625
0.231171875
0.231328125
0.231484375
0.231640625
0.231796875
0.231953125
0.232109375
0.232265625
0.232421875
0.232578125
0.232734375
0.232890625
0.233046875
0.233203125
0.233359375
0.233515625
0.233671875
0.233828125
0.233984375
0.234140625
0.234296875
0.234453125
0.234609375
0.234765625
0.234921875
0.235078125
0.235234375
0.235390625
0.235546875
0.235703125
0.235859375
0.236015625
0.236171875
0.236328125
0.236484375
0.236640625
0.236796875
0.236953125
0.237109375
0.237265625
0.237421875
0.237578125
0.237734375
0.237890625
0.238046875
0.238203125
0.238359375
0.238515625
0.238671875
0.238828125
0.238984375
0.239140625
0.239296875
0.239453125
0.239609375
0.239765625
0.239921875
0.240078125
0.240234375
0.240390625
0.240546875
0.240703125
0.240859375
0.241015625
0.241171875
0.241328125
0.241484375
0.241640625
0.241796875
0.241953125
0.242109375
0.242265625
0.242421875
0.242578125
0.242734375
0.242890625
0.243046875
0.243203125
0.243359375
0.243515625
0.243671875
0.243828125
0.243984375
0.244140625
0.244296875
0.244453125
0.244609375
0.244765625
0.244921875
0.245078125
0.245234375
0.245390625
0.245546875
0.245703125
0.245859375
0.246015625
0.246171875
0.246328125
0.246484375
0.246640625
0.246796875
0.246953125
0.247109375
0.247265625
0.247421875
0.247578125
0.247734375
0.247890625
0.248046875
0.248203125
0.248359375
0.248515625
0.248671875
0.248828125
0.248984375
0.249140625
0.249296875
0.249453125
0.249609375
0.249765625
0.249921875
0.250078125
0.250234375
0.250390625
0.250546875
0.250703125
0.250859375
0.251015625
0.251171875
0.251328125
0.251484375
0.251640625
0.251796875
0.251953125
0.252109375
0.252265625
0.252421875
0.252578125
0.252734375
0.252890625
0.253046875
0.253203125
0.253359375
0.253515625
0.253671875
0.253828125
0.253984375
0.254140625
0.254296875
0.254453125
0.254609375
0.254765625
0.254921875
0.255078125
0.255234375
0.255390625
0.255546875
0.255703125
0.255859375
0.256015625
0.256171875
0.256328125
0.256484375
0.256640625
0.256796875
0.256953125
0.257109375
0.257265625
0.257421875
0.257578125
0.257734375
0.257890625
0.258046875
0.258203125
0.258359375
0.258515625
0.258671875
0.258828125
0.258984375
0.259140625
0.259296875
0.259453125
0.259609375
0.259765625
0.259921875
0.260078125
0.260234375
0.260390625
0.260546875
0.260703125
0.260859375
0.261015625
0.261171875
0.261328125
0.261484375
0.261640625
0.261796875
0.261953125
0.262109375
0.262265625
0.262421875
0.262578125
0.262734375
0.262890625
0.263046875
0.263203125
0.263359375
0.263515625
0.263671875
0.263828125
0.263984375
0.264140625
0.264296875
0.264453125
0.264609375
0.264765625
0.264921875
0.265078125
0.265234375
0.265390625
0.265546875
0.265703125
0.265859375
0.266015625
0.266171875
0.266328125
0.266484375
0.266640625
0.266796875
0.266953125
0.267109375
0.267265625
0.267421875
0.267578125
0.267734375
0.267890625
0.268046875
0.268203125
0.268359375
0.268515625
0.268671875
0.268828125
0.268984375
0.269140625
0.269296875
0.269453125
0.269609375
0.269765625
0.269921875
0.270078125
0.270234375
0.270390625
0.270546875
0.270703125
0.270859375
0.271015625
0.271171875
0.271328125
0.271484375
0.271640625
0.271796875
0.271953125
0.272109375
0.272265625
0.272421875
0.272578125
0.272734375
0.272890625
0.273046875
0.273203125
0.273359375
0.273515625
0.273671875
0.273828125
0.273984375
0.274140625
0.274296875
0.274453125
0.274609375
0.274765625
0.274921875
0.275078125
0.275234375
0.275390625
0.275546875
0.275703125
0.275859375
0.276015625
0.276171875
0.276328125
0.276484375
0.276640625
0.276796875
0.276953125
0.277109375
0.277265625
0.277421875
0.277578125
0.277734375
0.277890625
0.278046875
0.278203125
0.278359375
0.278515625
0.278671875
0.278828125
0.278984375
0.279140625
0.279296875
0.279453125
0.279609375
0.279765625
0.279921875
0.280078125
0.280234375
0.280390625
0.280546875
0.280703125
0.280859375
0.281015625
0.281171875
0.281328125
0.281484375
0.281640625
0.281796875
0.281953125
0.282109375
0.282265625
0.282421875
0.282578125
0.282734375
0.282890625
0.283046875
0.283203125
0.283359375
0.283515625
0.283671875
0.283828125
0.283984375
0.284140625
0.284296875
0.284453125
0.284609375
0.284765625
0.284921875
0.285078125
0.285234375
0.285390625
0.285546875
0.285703125
0.285859375
0.286015625
0.286171875
0.286328125
0.286484375
0.286640625
0.286796875
0.286953125
0.287109375
0.287265625
0.287421875
0.287578125
0.287734375
0.287890625
0.288046875
0.288203125
0.288359375
0.288515625
0.288671875
0.288828125
0.288984375
0.289140625
0.289296875
0.289453125
0.289609375
0.289765625
0.289921875
0.290078125
0.290234375
0.290390625
0.290546875
0.290703125
0.290859375
0.291015625
0.291171875
0.291328125
0.291484375
0.291640625
0.291796875
0.291953125
0.292109375
0.292265625
0.292421875
0.292578125
0.292734375
0.292890625
0.293046875
0.293203125
0.293359375
0.293515625
0.293671875
0.293828125
0.293984375
0.294140625
0.294296875
0.294453125
0.294609375
0.294765625
0.294921875
0.295078125
0.295234375
0.295390625
0.295546875
0.295703125
0.295859375
0.296015625
0.296171875
0.296328125
0.296484375
0.296640625
0.296796875
0.296953125
0.297109375
0.297265625
0.297421875
0.297578125
0.297734375
0.297890625
0.298046875
0.298203125
0.298359375
0.298515625
0.298671875
0.298828125
0.298984375
0.299140625
0.299296875
0.299453125
0.299609375
0.299765625
0.299921875
0.300078125
0.300234375
0.300390625
0.300546875
0.300703125
0.300859375
0.301015625
0.301171875
0.301328125
0.301484375
0.301640625
0.301796875
0.301953125
0.302109375
0.302265625
0.302421875
0.302578125
0.302734375
0.302890625
0.303046875
0.303203125
0.303359375
0.303515625
0.303671875
0.303828125
0.303984375
0.304140625
0.304296875
0.304453125
0.304609375
0.304765625
0.304921875
0.305078125
0.305234375
0.305390625
0.305546875
0.305703125
0.305859375
0.306015625
0.306171875
0.306328125
0.306484375
0.306640625
0.306796875
0.306953125
0.307109375
0.307265625
0.307421875
0.307578125
0.307734375
0.307890625
0.308046875
0.308203125
0.308359375
0.308515625
0.308671875
0.308828125
0.308984375
0.309140625
0.309296875
0.309453125
0.309609375
0.309765625
0.309921875
0.310078125
0.310234375
0.310390625
0.310546875
0.310703125
0.310859375
0.311015625
0.311171875
0.311328125
0.311484375
0.311640625
0.311796875
0.311953125
0.312109375
0.312265625
0.312421875
0.312578125
0.312734375
0.312890625
0.313046875
0.313203125
0.313359375
0.313515625
0.313671875
0.313828125
0.313984375
0.314140625
0.314296875
0.314453125
0.314609375
0.314765625
0.314921875
0.315078125
0.315234375
0.315390625
0.315546875
0.315703125
0.315859375
0.316015625
0.316171875
0.316328125
0.316484375
0.316640625
0.316796875
0.316953125
0.317109375
0.317265625
0.317421875
0.317578125
0.317734375
0.317890625
0.318046875
0.318203125
0.318359375
0.318515625
0.318671875
0.318828125
0.318984375
0.319140625
0.319296875
0.319453125
0.319609375
0.319765625
0.319921875
0.320078125
0.320234375
0.320390625
0.320546875
0.320703125
0.320859375
0.321015625
0.321171875
0.321328125
0.321484375
0.321640625
0.321796875
0.321953125
0.322109375
0.322265625
0.322421875
0.322578125
0.322734375
0.322890625
0.323046875
0.323203125
0.323359375
0.323515625
0.323671875
0.323828125
0.323984375
0.324140625
0.324296875
0.324453125
0.324609375
0.324765625
0.324921875
0.325078125
0.325234375
0.325390625
0.325546875
0.325703125
0.325859375
0.326015625
0.326171875
0.326328125
0.326484375
0.326640625
0.326796875
0.326953125
0.327109375
0.327265625
0.327421875
0.327578125
0.327734375
0.327890625
0.328046875
0.328203125
0.328359375
0.328515625
0.328671875
0.328828125
0.328984375
0.329140625
0.329296875
0.329453125
0.329609375
0.329765625
0.329921875
0.330078125
0.330234375
0.330390625
0.330546875
0.330703125
0.330859375
0.331015625
0.331171875
0.331328125
0.331484375
0.331640625
0.331796875
0.331953125
0.332109375
0.332265625
0.332421875
0.332578125
0.332734375
0.332890625
0.333046875
0.333203125
0.333359375
0.333515625
0.333671875
0.333828125
0.333984375
0.334140625
0.334296875
0.334453125
0.334609375
0.334765625
0.334921875
0.335078125
0.335234375
0.335390625
0.335546875
0.335703125
0.335859375
0.336015625
0.336171875
0.336328125
0.336484375
0.336640625
0.336796875
0.336953125
0.337109375
0.337265625
0.337421875
0.337578125
0.337734375
0.337890625
0.338046875
0.338203125
0.338359375
0.338515625
0.338671875
0.338828125
0.338984375
0.339140625
0.339296875
0.339453125
0.339609375
0.339765625
0.339921875
0.340078125
0.340234375
0.340390625
0.340546875
0.340703125
0.340859375
0.341015625
0.341171875
0.341328125
0.341484375
0.341640625
0.341796875
0.341953125
0.342109375
0.342265625
0.342421875
0.342578125
0.342734375
0.342890625
0.343046875
0.343203125
0.343359375
0.343515625
0.343671875
0.343828125
0.343984375
0.344140625
0.344296875
0.344453125
0.344609375
0.344765625
0.344921875
0.345078125
0.345234375
0.345390625
0.345546875
0.345703125
0.345859375
0.346015625
0.346171875
0.346328125
0.346484375
0.346640625
0.346796875
0.346953125
0.347109375
0.347265625
0.347421875
0.347578125
0.347734375
0.347890625
0.348046875
0.348203125
0.348359375
0.348515625
0.348671875
0.348828125
0.348984375
0.349140625
0.349296875
0.349453125
0.349609375
0.349765625
0.349921875
0.350078125
0.350234375
0.350390625
0.350546875
0.350703125
0.350859375
0.351015625
0.351171875
0.351328125
0.351484375
0.351640625
0.351796875
0.351953125
0.352109375
0.352265625
0.352421875
0.352578125
0.352734375
0.352890625
0.353046875
0.353203125
0.353359375
0.353515625
0.353671875
0.353828125
0.353984375
0.354140625
0.354296875
0.354453125
0.354609375
0.354765625
0.354921875
0.355078125
0.355234375
0.355390625
0.355546875
0.355703125
0.355859375
0.356015625
0.356171875
0.356328125
0.356484375
0.356640625
0.356796875
0.356953125
0.357109375
0.357265625
0.357421875
0.357578125
0.357734375
0.357890625
0.358046875
0.358203125
0.358359375
0.358515625
0.358671875
0.358828125
0.358984375
0.359140625
0.359296875
0.359453125
0.359609375
0.359765625
0.359921875
0.360078125
0.360234375
0.360390625
0.360546875
0.360703125
0.360859375
0.361015625
0.361171875
0.361328125
0.361484375
0.361640625
0.361796875
0.361953125
0.362109375
0.362265625
0.362421875
0.362578125
0.362734375
0.362890625
0.363046875
0.363203125
0.363359375
0.363515625
0.363671875
0.363828125
0.363984375
0.364140625
0.364296875
0.364453125
0.364609375
0.364765625
0.364921875
0.365078125
0.365234375
0.365390625
0.365546875
0.365703125
0.365859375
0.366015625
0.366171875
0.366328125
0.366484375
0.366640625
0.366796875
0.366953125
0.367109375
0.367265625
0.367421875
0.367578125
0.367734375
0.367890625
0.368046875
0.368203125
0.368359375
0.368515625
0.368671875
0.368828125
0.368984375
0.369140625
0.369296875
0.369453125
0.369609375
0.369765625
0.369921875
0.370078125
0.370234375
0.370390625
0.370546875
0.370703125
0.370859375
0.371015625
0.371171875
0.371328125
0.371484375
0.371640625
0.371796875
0.371953125
0.372109375
0.372265625
0.372421875
0.372578125
0.372734375
0.372890625
0.373046875
0.373203125
0.373359375
0.373515625
0.373671875
0.373828125
0.373984375
0.374140625
0.374296875
0.374453125
0.374609375
0.374765625
0.374921875
0.375078125
0.375234375
0.375390625
0.375546875
0.375703125
0.375859375
0.376015625
0.376171875
0.376328125
0.376484375
0.376640625
0.376796875
0.376953125
0.377109375
0.377265625
0.377421875
0.377578125
0.377734375
0.377890625
0.378046875
0.378203125
0.378359375
0.378515625
0.378671875
0.378828125
0.378984375
0.379140625
0.379296875
0.379453125
0.379609375
0.379765625
0.379921875
0.380078125
0.380234375
0.380390625
0.380546875
0.380703125
0.380859375
0.381015625
0.381171875
0.381328125
0.381484375
0.381640625
0.381796875
0.381953125
0.382109375
0.382265625
0.382421875
0.382578125
0.382734375
0.382890625
0.383046875
0.383203125
0.383359375
0.383515625
0.383671875
0.383828125
0.383984375
0.384140625
0.384296875
0.384453125
0.384609375
0.384765625
0.384921875
0.385078125
0.385234375
0.385390625
0.385546875
0.385703125
0.385859375
0.386015625
0.386171875
0.386328125
0.386484375
0.386640625
0.386796875
0.386953125
0.387109375
0.387265625
0.387421875
0.387578125
0.387734375
0.387890625
0.388046875
0.388203125
0.388359375
0.388515625
0.388671875
0.388828125
0.388984375
0.389140625
0.389296875
0.389453125
0.389609375
0.389765625
0.389921875
0.390078125
0.390234375
0.390390625
0.390546875
0.390703125
0.390859375
0.391015625
0.391171875
0.391328125
0.391484375
0.391640625
0.391796875
0.391953125
0.392109375
0.392265625
0.392421875
0.392578125
0.392734375
0.392890625
0.393046875
0.393203125
0.393359375
0.393515625
0.393671875
0.393828125
0.393984375
0.394140625
0.394296875
0.394453125
0.394609375
0.394765625
0.394921875
0.395078125
0.395234375
0.395390625
0.395546875
0.395703125
0.395859375
0.396015625
0.396171875
0.396328125
0.396484375
0.396640625
0.396796875
0.396953125
0.397109375
0.397265625
0.397421875
0.397578125
0.397734375
0.397890625
0.398046875
0.398203125
0.398359375
0.398515625
0.398671875
0.398828125
0.398984375
0.399140625
0.399296875
0.399453125
0.399609375
0.399765625
0.399921875
0.400078125
0.400234375
0.400390625
0.400546875
0.400703125
0.400859375
0.401015625
0.401171875
0.401328125
0.401484375
0.401640625
0.401796875
0.401953125
0.402109375
0.402265625
0.402421875
0.402578125
0.402734375
0.402890625
0.403046875
0.403203125
0.403359375
0.403515625
0.403671875
0.403828125
0.403984375
0.404140625
0.404296875
0.404453125
0.404609375
0.404765625
0.404921875
0.405078125
0.405234375
0.405390625
0.405546875
0.405703125
0.405859375
0.406015625
0.406171875
0.406328125
0.406484375
0.406640625
0.406796875
0.406953125
0.407109375
0.407265625
0.407421875
0.407578125
0.407734375
0.407890625
0.408046875
0.408203125
0.408359375
0.408515625
0.408671875
0.408828125
0.408984375
0.409140625
0.409296875
0.409453125
0.409609375
0.409765625
0.409921875
0.410078125
0.410234375
0.410390625
0.410546875
0.410703125
0.410859375
0.411015625
0.411171875
0.411328125
0.411484375
0.411640625
0.411796875
0.411953125
0.412109375
0.412265625
0.412421875
0.412578125
0.412734375
0.412890625
0.413046875
0.413203125
0.413359375
0.413515625
0.413671875
0.413828125
0.413984375
0.414140625
0.414296875
0.414453125
0.414609375
0.414765625
0.414921875
0.415078125
0.415234375
0.415390625
0.415546875
0.415703125
0.415859375
0.416015625
0.416171875
0.416328125
0.416484375
0.416640625
0.416796875
0.416953125
0.417109375
0.417265625
0.417421875
0.417578125
0.417734375
0.417890625
0.418046875
0.418203125
0.418359375
0.418515625
0.418671875
0.418828125
0.418984375
0.419140625
0.419296875
0.419453125
0.419609375
0.419765625
0.419921875
0.420078125
0.420234375
0.420390625
0.420546875
0.420703125
0.420859375
0.421015625
0.421171875
0.421328125
0.421484375
0.421640625
0.421796875
0.421953125
0.422109375
0.422265625
0.422421875
0.422578125
0.422734375
0.422890625
0.423046875
0.423203125
0.423359375
0.423515625
0.423671875
0.423828125
0.423984375
0.424140625
0.424296875
0.424453125
0.424609375
0.424765625
0.424921875
0.425078125
0.425234375
0.425390625
0.425546875
0.425703125
0.425859375
0.426015625
0.426171875
0.426328125
0.426484375
0.426640625
0.426796875
0.426953125
0.427109375
0.427265625
0.427421875
0.427578125
0.427734375
0.427890625
0.428046875
0.428203125
0.428359375
0.428515625
0.428671875
0.428828125
0.428984375
0.429140625
0.429296875
0.429453125
0.429609375
0.429765625
0.429921875
0.430078125
0.430234375
0.430390625
0.430546875
0.430703125
0.430859375
0.431015625
0.431171875
0.431328125
0.431484375
0.431640625
0.431796875
0.431953125
0.432109375
0.432265625
0.432421875
0.432578125
0.432734375
0.432890625
0.433046875
0.433203125
0.433359375
0.433515625
0.433671875
0.433828125
0.433984375
0.434140625
0.434296875
0.434453125
0.434609375
0.434765625
0.434921875
0.435078125
0.435234375
0.435390625
0.435546875
0.435703125
0.435859375
0.436015625
0.436171875
0.436328125
0.436484375
0.436640625
0.436796875
0.436953125
0.437109375
0.437265625
0.437421875
0.437578125
0.437734375
0.437890625
0.438046875
0.438203125
0.438359375
0.438515625
0.438671875
0.438828125
0.438984375
0.439140625
0.439296875
0.439453125
0.439609375
0.439765625
0.439921875
0.440078125
0.440234375
0.440390625
0.440546875
0.440703125
0.440859375
0.441015625
0.441171875
0.441328125
0.441484375
0.441640625
0.441796875
0.441953125
0.442109375
0.442265625
0.442421875
0.442578125
0.442734375
0.442890625
0.443046875
0.443203125
0.443359375
0.443515625
0.443671875
0.443828125
0.443984375
0.444140625
0.444296875
0.444453125
0.444609375
0.444765625
0.444921875
0.445078125
0.445234375
0.445390625
0.445546875
0.445703125
0.445859375
0.446015625
0.446171875
0.446328125
0.446484375
0.446640625
0.446796875
0.446953125
0.447109375
0.447265625
0.447421875
0.447578125
0.447734375
0.447890625
0.448046875
0.448203125
0.448359375
0.448515625
0.448671875
0.448828125
0.448984375
0.449140625
0.449296875
0.449453125
0.449609375
0.449765625
0.449921875
0.450078125
0.450234375
0.450390625
0.450546875
0.450703125
0.450859375
0.451015625
0.451171875
0.451328125
0.451484375
0.451640625
0.451796875
0.451953125
0.452109375
0.452265625
0.452421875
0.452578125
0.452734375
0.452890625
0.453046875
0.453203125
0.453359375
0.453515625
0.453671875
0.453828125
0.453984375
0.454140625
0.454296875
0.454453125
0.454609375
0.454765625
0.454921875
0.455078125
0.455234375
0.455390625
0.455546875
0.455703125
0.455859375
0.456015625
0.456171875
0.456328125
0.456484375
0.456640625
0.456796875
0.456953125
0.457109375
0.457265625
0.457421875
0.457578125
0.457734375
0.457890625
0.458046875
0.458203125
0.458359375
0.458515625
0.458671875
0.458828125
0.458984375
0.459140625
0.459296875
0.459453125
0.459609375
0.459765625
0.459921875
0.460078125
0.460234375
0.460390625
0.460546875
0.460703125
0.460859375
0.461015625
0.461171875
0.461328125
0.461484375
0.461640625
0.461796875
0.461953125
0.462109375
0.462265625
0.462421875
0.462578125
0.462734375
0.462890625
0.463046875
0.463203125
0.463359375
0.463515625
0.463671875
0.463828125
0.463984375
0.464140625
0.464296875
0.464453125
0.464609375
0.464765625
0.464921875
0.465078125
0.465234375
0.465390625
0.465546875
0.465703125
0.465859375
0.466015625
0.466171875
0.466328125
0.466484375
0.466640625
0.466796875
0.466953125
0.467109375
0.467265625
0.467421875
0.467578125
0.467734375
0.467890625
0.468046875
0.468203125
0.468359375
0.468515625
0.468671875
0.468828125
0.468984375
0.469140625
0.469296875
0.469453125
0.469609375
0.469765625
0.469921875
0.470078125
0.470234375
0.470390625
0.470546875
0.470703125
0.470859375
0.471015625
0.471171875
0.471328125
0.471484375
0.471640625
0.471796875
0.471953125
0.472109375
0.472265625
0.472421875
0.472578125
0.472734375
0.472890625
0.473046875
0.473203125
0.473359375
0.473515625
0.473671875
0.473828125
0.473984375
0.474140625
0.474296875
0.474453125
0.474609375
0.474765625
0.474921875
0.475078125
0.475234375
0.475390625
0.475546875
0.475703125
0.475859375
0.476015625
0.476171875
0.476328125
0.476484375
0.476640625
0.476796875
0.476953125
0.477109375
0.477265625
0.477421875
0.477578125
0.477734375
0.477890625
0.478046875
0.478203125
0.478359375
0.478515625
0.478671875
0.478828125
0.478984375
0.479140625
0.479296875
0.479453125
0.479609375
0.479765625
0.479921875
0.480078125
0.480234375
0.480390625
0.480546875
0.480703125
0.480859375
0.481015625
0.481171875
0.481328125
0.481484375
0.481640625
0.481796875
0.481953125
0.482109375
0.482265625
0.482421875
0.482578125
0.482734375
0.482890625
0.483046875
0.483203125
0.483359375
0.483515625
0.483671875
0.483828125
0.483984375
0.484140625
0.484296875
0.484453125
0.484609375
0.484765625
0.484921875
0.485078125
0.485234375
0.485390625
0.485546875
0.485703125
0.485859375
0.486015625
0.486171875
0.486328125
0.486484375
0.486640625
0.486796875
0.486953125
0.487109375
0.487265625
0.487421875
0.487578125
0.487734375
0.487890625
0.488046875
0.488203125
0.488359375
0.488515625
0.488671875
0.488828125
0.488984375
0.489140625
0.489296875
0.489453125
0.489609375
0.489765625
0.489921875
0.490078125
0.490234375
0.490390625
0.490546875
0.490703125
0.490859375
0.491015625
0.491171875
0.491328125
0.491484375
0.491640625
0.491796875
0.491953125
0.492109375
0.492265625
0.492421875
0.492578125
0.492734375
0.492890625
0.493046875
0.493203125
0.493359375
0.493515625
0.493671875
0.493828125
0.493984375
0.494140625
0.494296875
0.494453125
0.494609375
0.494765625
0.494921875
0.495078125
0.495234375
0.495390625
0.495546875
0.495703125
0.495859375
0.496015625
0.496171875
0.496328125
0.496484375
0.496640625
0.496796875
0.496953125
0.497109375
0.497265625
0.497421875
0.497578125
0.497734375
0.497890625
0.498046875
0.498203125
0.498359375
0.498515625
0.498671875
0.498828125
0.498984375
0.499140625
0.499296875
0.499453125
0.499609375
0.499765625
0.499921875
0.500078125
0.500234375
0.500390625
0.5005468749999999
0.500703125
0.500859375
0.501015625
0.501171875
0.501328125
0.501484375
0.501640625
0.501796875
0.501953125
0.502109375
0.502265625
0.502421875
0.502578125
0.502734375
0.502890625
0.503046875
0.503203125
0.5033593750000001
0.503515625
0.503671875
0.503828125
0.503984375
0.504140625
0.504296875
0.5044531249999999
0.504609375
0.504765625
0.504921875
0.505078125
0.505234375
0.505390625
0.505546875
0.505703125
0.505859375
0.506015625
0.506171875
0.506328125
0.506484375
0.506640625
0.506796875
0.506953125
0.507109375
0.5072656250000001
0.507421875
0.507578125
0.507734375
0.507890625
0.508046875
0.508203125
0.5083593749999999
0.508515625
0.508671875
0.508828125
0.508984375
0.509140625
0.509296875
0.509453125
0.509609375
0.509765625
0.509921875
0.510078125
0.510234375
0.510390625
0.510546875
0.510703125
0.510859375
0.511015625
0.5111718750000001
0.511328125
0.511484375
0.511640625
0.511796875
0.511953125
0.512109375
0.5122656249999999
0.512421875
0.512578125
0.512734375
0.512890625
0.513046875
0.513203125
0.513359375
0.513515625
0.513671875
0.513828125
0.513984375
0.514140625
0.514296875
0.514453125
0.514609375
0.514765625
0.514921875
0.5150781250000001
0.515234375
0.515390625
0.515546875
0.515703125
0.515859375
0.516015625
0.5161718749999999
0.516328125
0.516484375
0.516640625
0.516796875
0.516953125
0.517109375
0.517265625
0.517421875
0.517578125
0.517734375
0.517890625
0.518046875
0.518203125
0.518359375
0.518515625
0.518671875
0.518828125
0.5189843750000001
0.519140625
0.519296875
0.519453125
0.519609375
0.519765625
0.519921875
0.5200781249999999
0.520234375
0.520390625
0.520546875
0.520703125
0.520859375
0.521015625
0.521171875
0.521328125
0.521484375
0.521640625
0.521796875
0.521953125
0.522109375
0.522265625
0.522421875
0.522578125
0.522734375
0.5228906250000001
0.523046875
0.523203125
0.523359375
0.523515625
0.523671875
0.523828125
0.5239843749999999
0.524140625
0.524296875
0.524453125
0.524609375
0.524765625
0.524921875
0.525078125
0.525234375
0.525390625
0.525546875
0.525703125
0.525859375
0.526015625
0.526171875
0.526328125
0.526484375
0.526640625
0.5267968750000001
0.526953125
0.527109375
0.527265625
0.527421875
0.527578125
0.527734375
0.5278906249999999
0.528046875
0.528203125
0.528359375
0.528515625
0.528671875
0.528828125
0.528984375
0.529140625
0.529296875
0.529453125
0.529609375
0.529765625
0.529921875
0.530078125
0.530234375
0.530390625
0.530546875
0.5307031250000001
0.530859375
0.531015625
0.531171875
0.531328125
0.531484375
0.531640625
0.5317968749999999
0.531953125
0.532109375
0.532265625
0.532421875
0.532578125
0.532734375
0.532890625
0.533046875
0.533203125
0.533359375
0.533515625
0.533671875
0.533828125
0.533984375
0.534140625
0.534296875
0.534453125
0.5346093750000001
0.534765625
0.534921875
0.535078125
0.535234375
0.535390625
0.535546875
0.5357031250000001
0.535859375
0.536015625
0.536171875
0.536328125
0.536484375
0.536640625
0.536796875
0.536953125
0.537109375
0.537265625
0.537421875
0.537578125
0.537734375
0.537890625
0.538046875
0.538203125
0.538359375
0.5385156250000001
0.538671875
0.538828125
0.538984375
0.539140625
0.539296875
0.539453125
0.5396093750000001
0.539765625
0.539921875
0.540078125
0.540234375
0.540390625
0.540546875
0.540703125
0.540859375
0.541015625
0.541171875
0.541328125
0.541484375
0.541640625
0.541796875
0.541953125
0.542109375
0.542265625
0.5424218750000001
0.542578125
0.542734375
0.542890625
0.543046875
0.543203125
0.543359375
0.5435156250000001
0.543671875
0.543828125
0.543984375
0.544140625
0.544296875
0.544453125
0.544609375
0.544765625
0.544921875
0.545078125
0.545234375
0.545390625
0.545546875
0.545703125
0.545859375
0.546015625
0.546171875
0.5463281250000001
0.546484375
0.546640625
0.546796875
0.546953125
0.547109375
0.547265625
0.5474218750000001
0.547578125
0.547734375
0.547890625
0.548046875
0.548203125
0.548359375
0.548515625
0.548671875
0.548828125
0.548984375
0.549140625
0.549296875
0.549453125
0.549609375
0.549765625
0.549921875
0.550078125
0.5502343750000001
0.550390625
0.550546875
0.550703125
0.550859375
0.551015625
0.551171875
0.5513281250000001
0.551484375
0.551640625
0.551796875
0.551953125
0.552109375
0.552265625
0.552421875
0.552578125
0.552734375
0.552890625
0.553046875
0.553203125
0.553359375
0.553515625
0.553671875
0.553828125
0.553984375
0.5541406250000001
0.554296875
0.554453125
0.554609375
0.554765625
0.554921875
0.555078125
0.5552343750000001
0.555390625
0.555546875
0.555703125
0.555859375
0.556015625
0.556171875
0.556328125
0.556484375
0.556640625
0.556796875
0.556953125
0.557109375
0.557265625
0.557421875
0.557578125
0.557734375
0.557890625
0.5580468750000001
0.558203125
0.558359375
0.558515625
0.558671875
0.558828125
0.558984375
0.5591406250000001
0.559296875
0.559453125
0.559609375
0.559765625
0.559921875
0.560078125
0.560234375
0.560390625
0.560546875
0.560703125
0.560859375
0.561015625
0.561171875
0.561328125
0.561484375
0.561640625
0.561796875
0.5619531250000001
0.562109375
0.562265625
0.562421875
0.562578125
0.562734375
0.562890625
0.5630468750000001
0.563203125
0.563359375
0.563515625
0.563671875
0.563828125
0.563984375
0.564140625
0.564296875
0.564453125
0.564609375
0.564765625
0.564921875
0.565078125
0.565234375
0.565390625
0.565546875
0.565703125
0.5658593750000001
0.566015625
0.566171875
0.566328125
0.566484375
0.566640625
0.566796875
0.5669531250000001
0.567109375
0.567265625
0.567421875
0.567578125
0.567734375
0.567890625
0.568046875
0.568203125
0.568359375
0.568515625
0.568671875
0.568828125
0.568984375
0.569140625
0.569296875
0.569453125
0.569609375
0.5697656250000001
0.569921875
0.570078125
0.570234375
0.570390625
0.570546875
0.570703125
0.5708593750000001
0.571015625
0.571171875
0.571328125
0.571484375
0.571640625
0.571796875
0.571953125
0.572109375
0.572265625
0.572421875
0.572578125
0.572734375
0.572890625
0.573046875
0.573203125
0.573359375
0.573515625
0.5736718750000001
0.573828125
0.573984375
0.574140625
0.574296875
0.574453125
0.574609375
0.5747656250000001
0.574921875
0.575078125
0.575234375
0.575390625
0.575546875
0.575703125
0.575859375
0.576015625
0.576171875
0.576328125
0.576484375
0.576640625
0.576796875
0.576953125
0.577109375
0.577265625
0.577421875
0.5775781250000001
0.577734375
0.577890625
0.578046875
0.578203125
0.578359375
0.578515625
0.5786718750000001
0.578828125
0.578984375
0.579140625
0.579296875
0.579453125
0.579609375
0.579765625
0.579921875
0.580078125
0.580234375
0.580390625
0.580546875
0.580703125
0.580859375
0.581015625
0.581171875
0.581328125
0.5814843750000001
0.581640625
0.581796875
0.581953125
0.582109375
0.582265625
0.582421875
0.5825781250000001
0.582734375
0.582890625
0.583046875
0.583203125
0.583359375
0.583515625
0.583671875
0.583828125
0.583984375
0.584140625
0.584296875
0.584453125
0.584609375
0.584765625
0.584921875
0.585078125
0.585234375
0.5853906250000001
0.585546875
0.585703125
0.585859375
0.586015625
0.586171875
0.586328125
0.5864843750000001
0.586640625
0.586796875
0.586953125
0.587109375
0.587265625
0.587421875
0.587578125
0.587734375
0.587890625
0.588046875
0.588203125
0.588359375
0.588515625
0.588671875
0.588828125
0.588984375
0.589140625
0.5892968750000001
0.589453125
0.589609375
0.589765625
0.589921875
0.590078125
0.590234375
0.5903906250000001
0.590546875
0.590703125
0.590859375
0.591015625
0.591171875
0.591328125
0.591484375
0.591640625
0.591796875
0.591953125
0.592109375
0.592265625
0.592421875
0.592578125
0.592734375
0.592890625
0.593046875
0.5932031250000001
0.593359375
0.593515625
0.593671875
0.593828125
0.593984375
0.594140625
0.5942968750000001
0.594453125
0.594609375
0.594765625
0.594921875
0.595078125
0.595234375
0.595390625
0.595546875
0.595703125
0.595859375
0.596015625
0.596171875
0.596328125
0.596484375
0.596640625
0.596796875
0.596953125
0.5971093750000001
0.597265625
0.597421875
0.597578125
0.597734375
0.597890625
0.598046875
0.5982031250000001
0.598359375
0.598515625
0.598671875
0.598828125
0.598984375
0.599140625
0.599296875
0.599453125
0.599609375
0.599765625
0.599921875
0.600078125
0.600234375
0.600390625
0.600546875
0.600703125
0.600859375
0.6010156250000001
0.601171875
0.601328125
0.601484375
0.601640625
0.601796875
0.601953125
0.6021093750000001
0.602265625
0.602421875
0.602578125
0.602734375
0.602890625
0.603046875
0.603203125
0.603359375
0.603515625
0.603671875
0.603828125
0.603984375
0.604140625
0.604296875
0.604453125
0.604609375
0.604765625
0.6049218750000001
0.605078125
0.605234375
0.605390625
0.605546875
0.605703125
0.605859375
0.6060156250000001
0.606171875
0.606328125
0.606484375
0.606640625
0.606796875
0.606953125
0.607109375
0.607265625
0.607421875
0.607578125
0.607734375
0.607890625
0.608046875
0.608203125
0.608359375
0.608515625
0.608671875
0.6088281250000001
0.608984375
0.609140625
0.609296875
0.609453125
0.609609375
0.609765625
0.6099218750000001
0.610078125
0.610234375
0.610390625
0.610546875
0.610703125
0.610859375
0.611015625
0.611171875
0.611328125
0.611484375
0.611640625
0.611796875
0.611953125
0.612109375
0.612265625
0.612421875
0.612578125
0.6127343750000001
0.612890625
0.613046875
0.613203125
0.613359375
0.613515625
0.613671875
0.6138281250000001
0.613984375
0.614140625
0.614296875
0.614453125
0.614609375
0.614765625
0.614921875
0.615078125
0.615234375
0.615390625
0.615546875
0.615703125
0.615859375
0.616015625
0.616171875
0.616328125
0.616484375
0.6166406250000001
0.616796875
0.616953125
0.617109375
0.617265625
0.617421875
0.617578125
0.6177343750000001
0.617890625
0.618046875
0.618203125
0.618359375
0.618515625
0.618671875
0.618828125
0.618984375
0.619140625
0.619296875
0.619453125
0.619609375
0.619765625
0.619921875
0.620078125
0.620234375
0.620390625
0.6205468750000001
0.620703125
0.620859375
0.621015625
0.621171875
0.621328125
0.621484375
0.6216406250000001
0.621796875
0.621953125
0.622109375
0.622265625
0.622421875
0.622578125
0.622734375
0.622890625
0.623046875
0.623203125
0.623359375
0.623515625
0.623671875
0.623828125
0.623984375
0.624140625
0.624296875
0.6244531250000001
0.624609375
0.624765625
0.624921875
0.625078125
0.625234375
0.625390625
0.6255468750000001
0.625703125
0.625859375
0.626015625
0.626171875
0.626328125
0.626484375
0.626640625
0.626796875
0.626953125
0.627109375
0.627265625
0.627421875
0.627578125
0.627734375
0.627890625
0.628046875
0.628203125
0.6283593750000001
0.628515625
0.628671875
0.628828125
0.628984375
0.629140625
0.629296875
0.6294531250000001
0.629609375
0.629765625
0.629921875
0.630078125
0.630234375
0.630390625
0.630546875
0.630703125
0.630859375
0.631015625
0.631171875
0.631328125
0.631484375
0.631640625
0.631796875
0.631953125
0.632109375
0.6322656250000001
0.632421875
0.632578125
0.632734375
0.632890625
0.633046875
0.633203125
0.6333593750000001
0.633515625
0.633671875
0.633828125
0.633984375
0.634140625
0.634296875
0.634453125
0.634609375
0.634765625
0.634921875
0.635078125
0.635234375
0.635390625
0.635546875
0.635703125
0.635859375
0.636015625
0.6361718750000001
0.636328125
0.636484375
0.636640625
0.636796875
0.636953125
0.637109375
0.6372656250000001
0.637421875
0.637578125
0.637734375
0.637890625
0.638046875
0.638203125
0.638359375
0.638515625
0.638671875
0.638828125
0.638984375
0.639140625
0.639296875
0.639453125
0.639609375
0.639765625
0.639921875
0.6400781250000001
0.640234375
0.640390625
0.640546875
0.640703125
0.640859375
0.641015625
0.6411718750000001
0.641328125
0.641484375
0.641640625
0.641796875
0.641953125
0.642109375
0.642265625
0.642421875
0.642578125
0.642734375
0.642890625
0.643046875
0.643203125
0.643359375
0.643515625
0.643671875
0.643828125
0.6439843750000001
0.644140625
0.644296875
0.644453125
0.644609375
0.644765625
0.644921875
0.6450781250000001
0.645234375
0.645390625
0.645546875
0.645703125
0.645859375
0.646015625
0.646171875
0.646328125
0.646484375
0.646640625
0.646796875
0.646953125
0.647109375
0.647265625
0.647421875
0.647578125
0.647734375
0.6478906250000001
0.648046875
0.648203125
0.648359375
0.648515625
0.648671875
0.648828125
0.6489843750000001
0.649140625
0.649296875
0.649453125
0.649609375
0.649765625
0.649921875
0.650078125
0.650234375
0.650390625
0.650546875
0.650703125
0.650859375
0.651015625
0.651171875
0.651328125
0.651484375
0.651640625
0.6517968750000001
0.651953125
0.652109375
0.652265625
0.652421875
0.652578125
0.652734375
0.6528906250000001
0.653046875
0.653203125
0.653359375
0.653515625
0.653671875
0.653828125
0.653984375
0.654140625
0.654296875
0.654453125
0.654609375
0.654765625
0.654921875
0.655078125
0.655234375
0.655390625
0.655546875
0.6557031250000001
0.655859375
0.656015625
0.656171875
0.656328125
0.656484375
0.656640625
0.6567968750000001
0.656953125
0.657109375
0.657265625
0.657421875
0.657578125
0.657734375
0.657890625
0.658046875
0.658203125
0.658359375
0.658515625
0.658671875
0.658828125
0.658984375
0.659140625
0.659296875
0.659453125
0.6596093750000001
0.659765625
0.659921875
0.660078125
0.660234375
0.660390625
0.660546875
0.6607031250000001
0.660859375
0.661015625
0.661171875
0.661328125
0.661484375
0.661640625
0.661796875
0.661953125
0.662109375
0.662265625
0.662421875
0.662578125
0.662734375
0.662890625
0.663046875
0.663203125
0.663359375
0.6635156250000001
0.663671875
0.663828125
0.663984375
0.664140625
0.664296875
0.664453125
0.6646093750000001
0.664765625
0.664921875
0.665078125
0.665234375
0.665390625
0.665546875
0.665703125
0.665859375
0.666015625
0.666171875
0.666328125
0.666484375
0.666640625
0.666796875
0.666953125
0.667109375
0.667265625
0.6674218750000001
0.667578125
0.667734375
0.667890625
0.668046875
0.668203125
0.668359375
0.6685156250000001
0.668671875
0.668828125
0.668984375
0.669140625
0.669296875
0.669453125
0.669609375
0.669765625
0.669921875
0.670078125
0.670234375
0.670390625
0.670546875
0.670703125
0.670859375
0.671015625
0.671171875
0.6713281250000001
0.671484375
0.671640625
0.671796875
0.671953125
0.672109375
0.672265625
0.6724218750000001
0.672578125
0.672734375
0.672890625
0.673046875
0.673203125
0.673359375
0.673515625
0.673671875
0.673828125
0.673984375
0.674140625
0.674296875
0.674453125
0.674609375
0.674765625
0.674921875
0.675078125
0.6752343750000001
0.675390625
0.675546875
0.675703125
0.675859375
0.676015625
0.676171875
0.6763281250000001
0.676484375
0.676640625
0.676796875
0.676953125
0.677109375
0.677265625
0.677421875
0.677578125
0.677734375
0.677890625
0.678046875
0.678203125
0.678359375
0.678515625
0.678671875
0.678828125
0.678984375
0.6791406250000001
0.679296875
0.679453125
0.679609375
0.679765625
0.679921875
0.680078125
0.6802343750000001
0.680390625
0.680546875
0.680703125
0.680859375
0.681015625
0.681171875
0.681328125
0.681484375
0.681640625
0.681796875
0.681953125
0.682109375
0.682265625
0.682421875
0.682578125
0.682734375
0.682890625
0.6830468750000001
0.683203125
0.683359375
0.683515625
0.683671875
0.683828125
0.683984375
0.6841406250000001
0.684296875
0.684453125
0.684609375
0.684765625
0.684921875
0.685078125
0.685234375
0.685390625
0.685546875
0.685703125
0.685859375
0.686015625
0.686171875
0.686328125
0.686484375
0.686640625
0.686796875
0.6869531250000001
0.687109375
0.687265625
0.687421875
0.687578125
0.687734375
0.687890625
0.6880468750000001
0.688203125
0.688359375
0.688515625
0.688671875
0.688828125
0.688984375
0.689140625
0.689296875
0.689453125
0.689609375
0.689765625
0.689921875
0.690078125
0.690234375
0.690390625
0.690546875
0.690703125
0.6908593750000001
0.691015625
0.691171875
0.691328125
0.691484375
0.691640625
0.691796875
0.6919531250000001
0.692109375
0.692265625
0.692421875
0.692578125
0.692734375
0.692890625
0.693046875
0.693203125
0.693359375
0.693515625
0.693671875
0.693828125
0.693984375
0.694140625
0.694296875
0.694453125
0.694609375
0.6947656250000001
0.694921875
0.695078125
0.695234375
0.695390625
0.695546875
0.695703125
0.6958593750000001
0.696015625
0.696171875
0.696328125
0.696484375
0.696640625
0.696796875
0.696953125
0.697109375
0.697265625
0.697421875
0.697578125
0.697734375
0.697890625
0.698046875
0.698203125
0.698359375
0.698515625
0.6986718750000001
0.698828125
0.698984375
0.699140625
0.699296875
0.699453125
0.699609375
0.6997656250000001
0.699921875
0.700078125
0.700234375
0.700390625
0.700546875
0.700703125
0.700859375
0.701015625
0.701171875
0.701328125
0.701484375
0.701640625
0.701796875
0.701953125
0.702109375
0.702265625
0.702421875
0.7025781250000001
0.702734375
0.702890625
0.703046875
0.703203125
0.703359375
0.703515625
0.7036718750000001
0.703828125
0.703984375
0.704140625
0.704296875
0.704453125
0.704609375
0.704765625
0.704921875
0.705078125
0.705234375
0.705390625
0.705546875
0.705703125
0.705859375
0.706015625
0.706171875
0.706328125
0.7064843750000001
0.706640625
0.706796875
0.706953125
0.707109375
0.707265625
0.707421875
0.7075781250000001
0.707734375
0.707890625
0.708046875
0.708203125
0.708359375
0.708515625
0.708671875
0.708828125
0.708984375
0.709140625
0.709296875
0.709453125
0.709609375
0.709765625
0.709921875
0.710078125
0.710234375
0.7103906250000001
0.710546875
0.710703125
0.710859375
0.711015625
0.711171875
0.711328125
0.7114843750000001
0.711640625
0.711796875
0.711953125
0.712109375
0.712265625
0.712421875
0.712578125
0.712734375
0.712890625
0.713046875
0.713203125
0.713359375
0.713515625
0.713671875
0.713828125
0.713984375
0.714140625
0.7142968750000001
0.714453125
0.714609375
0.714765625
0.714921875
0.715078125
0.715234375
0.7153906250000001
0.715546875
0.715703125
0.715859375
0.716015625
0.716171875
0.716328125
0.716484375
0.716640625
0.716796875
0.716953125
0.717109375
0.717265625
0.717421875
0.717578125
0.717734375
0.717890625
0.718046875
0.7182031250000001
0.718359375
0.718515625
0.718671875
0.718828125
0.718984375
0.719140625
0.7192968750000001
0.719453125
0.719609375
0.719765625
0.719921875
0.720078125
0.720234375
0.720390625
0.720546875
0.720703125
0.720859375
0.721015625
0.721171875
0.721328125
0.721484375
0.721640625
0.721796875
0.721953125
0.7221093750000001
0.722265625
0.722421875
0.722578125
0.722734375
0.722890625
0.723046875
0.7232031250000001
0.723359375
0.723515625
0.723671875
0.723828125
0.723984375
0.724140625
0.724296875
0.724453125
0.724609375
0.724765625
0.724921875
0.725078125
0.725234375
0.725390625
0.725546875
0.725703125
0.725859375
0.7260156250000001
0.726171875
0.726328125
0.726484375
0.726640625
0.726796875
0.726953125
0.7271093750000001
0.727265625
0.727421875
0.727578125
0.727734375
0.727890625
0.728046875
0.728203125
0.728359375
0.728515625
0.728671875
0.728828125
0.728984375
0.729140625
0.729296875
0.729453125
0.729609375
0.729765625
0.7299218750000001
0.730078125
0.730234375
0.730390625
0.730546875
0.730703125
0.730859375
0.7310156250000001
0.731171875
0.731328125
0.731484375
0.731640625
0.731796875
0.731953125
0.732109375
0.732265625
0.732421875
0.732578125
0.732734375
0.732890625
0.733046875
0.733203125
0.733359375
0.733515625
0.733671875
0.7338281250000001
0.733984375
0.734140625
0.734296875
0.734453125
0.734609375
0.734765625
0.7349218750000001
0.735078125
0.735234375
0.735390625
0.735546875
0.735703125
0.735859375
0.736015625
0.736171875
0.736328125
0.736484375
0.736640625
0.736796875
0.736953125
0.737109375
0.737265625
0.737421875
0.737578125
0.7377343750000001
0.737890625
0.738046875
0.738203125
0.738359375
0.738515625
0.738671875
0.7388281250000001
0.738984375
0.739140625
0.739296875
0.739453125
0.739609375
0.739765625
0.739921875
0.740078125
0.740234375
0.740390625
0.740546875
0.740703125
0.740859375
0.741015625
0.741171875
0.741328125
0.741484375
0.7416406250000001
0.741796875
0.741953125
0.742109375
0.742265625
0.742421875
0.742578125
0.7427343750000001
0.742890625
0.743046875
0.743203125
0.743359375
0.743515625
0.743671875
0.743828125
0.743984375
0.744140625
0.744296875
0.744453125
0.744609375
0.744765625
0.744921875
0.745078125
0.745234375
0.745390625
0.7455468750000001
0.745703125
0.745859375
0.746015625
0.746171875
0.746328125
0.746484375
0.7466406250000001
0.746796875
0.746953125
0.747109375
0.747265625
0.747421875
0.747578125
0.7477343750000001
0.747890625
0.748046875
0.748203125
0.748359375
0.748515625
0.748671875
0.748828125
0.748984375
0.749140625
0.749296875
0.7494531250000001
0.749609375
0.749765625
0.749921875
0.750078125
0.750234375
0.750390625
0.7505468750000001
0.750703125
0.750859375
0.751015625
0.751171875
0.751328125
0.751484375
0.7516406250000001
0.751796875
0.751953125
0.752109375
0.752265625
0.752421875
0.752578125
0.752734375
0.752890625
0.753046875
0.753203125
0.7533593750000001
0.753515625
0.753671875
0.753828125
0.753984375
0.754140625
0.754296875
0.7544531250000001
0.754609375
0.754765625
0.754921875
0.755078125
0.755234375
0.755390625
0.7555468750000001
0.755703125
0.755859375
0.756015625
0.756171875
0.756328125
0.756484375
0.756640625
0.756796875
0.756953125
0.757109375
0.7572656250000001
0.757421875
0.757578125
0.757734375
0.757890625
0.758046875
0.758203125
0.7583593750000001
0.758515625
0.758671875
0.758828125
0.758984375
0.759140625
0.759296875
0.7594531250000001
0.759609375
0.759765625
0.759921875
0.760078125
0.760234375
0.760390625
0.760546875
0.760703125
0.760859375
0.761015625
0.7611718750000001
0.761328125
0.761484375
0.761640625
0.761796875
0.761953125
0.762109375
0.7622656250000001
0.762421875
0.762578125
0.762734375
0.762890625
0.763046875
0.763203125
0.7633593750000001
0.763515625
0.763671875
0.763828125
0.763984375
0.764140625
0.764296875
0.764453125
0.764609375
0.764765625
0.764921875
0.7650781250000001
0.765234375
0.765390625
0.765546875
0.765703125
0.765859375
0.766015625
0.7661718750000001
0.766328125
0.766484375
0.766640625
0.766796875
0.766953125
0.767109375
0.7672656250000001
0.767421875
0.767578125
0.767734375
0.767890625
0.768046875
0.768203125
0.768359375
0.768515625
0.768671875
0.768828125
0.7689843750000001
0.769140625
0.769296875
0.769453125
0.769609375
0.769765625
0.769921875
0.7700781250000001
0.770234375
0.770390625
0.770546875
0.770703125
0.770859375
0.771015625
0.7711718750000001
0.771328125
0.771484375
0.771640625
0.771796875
0.771953125
0.772109375
0.772265625
0.772421875
0.772578125
0.772734375
0.7728906250000001
0.773046875
0.773203125
0.773359375
0.773515625
0.773671875
0.773828125
0.7739843750000001
0.774140625
0.774296875
0.774453125
0.774609375
0.774765625
0.774921875
0.7750781250000001
0.775234375
0.775390625
0.775546875
0.775703125
0.775859375
0.776015625
0.776171875
0.776328125
0.776484375
0.776640625
0.7767968750000001
0.776953125
0.777109375
0.777265625
0.777421875
0.777578125
0.777734375
0.7778906250000001
0.778046875
0.778203125
0.778359375
0.778515625
0.778671875
0.778828125
0.7789843750000001
0.779140625
0.779296875
0.779453125
0.779609375
0.779765625
0.779921875
0.780078125
0.780234375
0.780390625
0.780546875
0.7807031250000001
0.780859375
0.781015625
0.781171875
0.781328125
0.781484375
0.781640625
0.7817968750000001
0.781953125
0.782109375
0.782265625
0.782421875
0.782578125
0.782734375
0.7828906250000001
0.783046875
0.783203125
0.783359375
0.783515625
0.783671875
0.783828125
0.783984375
0.784140625
0.784296875
0.784453125
0.7846093750000001
0.784765625
0.784921875
0.785078125
0.785234375
0.785390625
0.785546875
0.7857031250000001
0.785859375
0.786015625
0.786171875
0.786328125
0.786484375
0.786640625
0.7867968750000001
0.786953125
0.787109375
0.787265625
0.787421875
0.787578125
0.787734375
0.787890625
0.788046875
0.788203125
0.788359375
0.7885156250000001
0.788671875
0.788828125
0.788984375
0.789140625
0.789296875
0.789453125
0.7896093750000001
0.789765625
0.789921875
0.790078125
0.790234375
0.790390625
0.790546875
0.7907031250000001
0.790859375
0.791015625
0.791171875
0.791328125
0.791484375
0.791640625
0.791796875
0.791953125
0.792109375
0.792265625
0.7924218750000001
0.792578125
0.792734375
0.792890625
0.793046875
0.793203125
0.793359375
0.7935156250000001
0.793671875
0.793828125
0.793984375
0.794140625
0.794296875
0.794453125
0.7946093750000001
0.794765625
0.794921875
0.795078125
0.795234375
0.795390625
0.795546875
0.795703125
0.795859375
0.796015625
0.796171875
0.7963281250000001
0.796484375
0.796640625
0.796796875
0.796953125
0.797109375
0.797265625
0.7974218750000001
0.797578125
0.797734375
0.797890625
0.798046875
0.798203125
0.798359375
0.7985156250000001
0.798671875
0.798828125
0.798984375
0.799140625
0.799296875
0.799453125
0.799609375
0.799765625
0.799921875
0.800078125
0.8002343750000001
0.800390625
0.800546875
0.800703125
0.800859375
0.801015625
0.801171875
0.8013281250000001
0.801484375
0.801640625
0.801796875
0.801953125
0.802109375
0.802265625
0.8024218750000001
0.802578125
0.802734375
0.802890625
0.803046875
0.803203125
0.803359375
0.803515625
0.803671875
0.803828125
0.803984375
0.8041406250000001
0.804296875
0.804453125
0.804609375
0.804765625
0.804921875
0.805078125
0.8052343750000001
0.805390625
0.805546875
0.805703125
0.805859375
0.806015625
0.806171875
0.8063281250000001
0.806484375
0.806640625
0.806796875
0.806953125
0.807109375
0.807265625
0.807421875
0.807578125
0.807734375
0.807890625
0.8080468750000001
0.808203125
0.808359375
0.808515625
0.808671875
0.808828125
0.808984375
0.8091406250000001
0.809296875
0.809453125
0.809609375
0.809765625
0.809921875
0.810078125
0.8102343750000001
0.810390625
0.810546875
0.810703125
0.810859375
0.811015625
0.811171875
0.811328125
0.811484375
0.811640625
0.811796875
0.8119531250000001
0.812109375
0.812265625
0.812421875
0.812578125
0.812734375
0.812890625
0.8130468750000001
0.813203125
0.813359375
0.813515625
0.813671875
0.813828125
0.813984375
0.8141406250000001
0.814296875
0.814453125
0.814609375
0.814765625
0.814921875
0.815078125
0.815234375
0.815390625
0.815546875
0.815703125
0.8158593750000001
0.816015625
0.816171875
0.816328125
0.816484375
0.816640625
0.816796875
0.8169531250000001
0.817109375
0.817265625
0.817421875
0.817578125
0.817734375
0.817890625
0.8180468750000001
0.818203125
0.818359375
0.818515625
0.818671875
0.818828125
0.818984375
0.819140625
0.819296875
0.819453125
0.819609375
0.8197656250000001
0.819921875
0.820078125
0.820234375
0.820390625
0.820546875
0.820703125
0.8208593750000001
0.821015625
0.821171875
0.821328125
0.821484375
0.821640625
0.821796875
0.8219531250000001
0.822109375
0.822265625
0.822421875
0.822578125
0.822734375
0.822890625
0.823046875
0.823203125
0.823359375
0.823515625
0.8236718750000001
0.823828125
0.823984375
0.824140625
0.824296875
0.824453125
0.824609375
0.8247656250000001
0.824921875
0.825078125
0.825234375
0.825390625
0.825546875
0.825703125
0.8258593750000001
0.826015625
0.826171875
0.826328125
0.826484375
0.826640625
0.826796875
0.826953125
0.827109375
0.827265625
0.827421875
0.8275781250000001
0.827734375
0.827890625
0.828046875
0.828203125
0.828359375
0.828515625
0.8286718750000001
0.828828125
0.828984375
0.829140625
0.829296875
0.829453125
0.829609375
0.8297656250000001
0.829921875
0.830078125
0.830234375
0.830390625
0.830546875
0.830703125
0.830859375
0.831015625
0.831171875
0.831328125
0.8314843750000001
0.831640625
0.831796875
0.831953125
0.832109375
0.832265625
0.832421875
0.8325781250000001
0.832734375
0.832890625
0.833046875
0.833203125
0.833359375
0.833515625
0.8336718750000001
0.833828125
0.833984375
0.834140625
0.834296875
0.834453125
0.834609375
0.834765625
0.834921875
0.835078125
0.835234375
0.8353906250000001
0.835546875
0.835703125
0.835859375
0.836015625
0.836171875
0.836328125
0.8364843750000001
0.836640625
0.836796875
0.836953125
0.837109375
0.837265625
0.837421875
0.8375781250000001
0.837734375
0.837890625
0.838046875
0.838203125
0.838359375
0.838515625
0.838671875
0.838828125
0.838984375
0.839140625
0.8392968750000001
0.839453125
0.839609375
0.839765625
0.839921875
0.840078125
0.840234375
0.8403906250000001
0.840546875
0.840703125
0.840859375
0.841015625
0.841171875
0.841328125
0.8414843750000001
0.841640625
0.841796875
0.841953125
0.842109375
0.842265625
0.842421875
0.842578125
0.842734375
0.842890625
0.843046875
0.8432031250000001
0.843359375
0.843515625
0.843671875
0.843828125
0.843984375
0.844140625
0.8442968750000001
0.844453125
0.844609375
0.844765625
0.844921875
0.845078125
0.845234375
0.8453906250000001
0.845546875
0.845703125
0.845859375
0.846015625
0.846171875
0.846328125
0.846484375
0.846640625
0.846796875
0.846953125
0.8471093750000001
0.847265625
0.847421875
0.847578125
0.847734375
0.847890625
0.848046875
0.8482031250000001
0.848359375
0.848515625
0.848671875
0.848828125
0.848984375
0.849140625
0.8492968750000001
0.849453125
0.849609375
0.849765625
0.849921875
0.850078125
0.850234375
0.850390625
0.850546875
0.850703125
0.850859375
0.8510156250000001
0.851171875
0.851328125
0.851484375
0.851640625
0.851796875
0.851953125
0.8521093750000001
0.852265625
0.852421875
0.852578125
0.852734375
0.852890625
0.853046875
0.8532031250000001
0.853359375
0.853515625
0.853671875
0.853828125
0.853984375
0.854140625
0.854296875
0.854453125
0.854609375
0.854765625
0.8549218750000001
0.855078125
0.855234375
0.855390625
0.855546875
0.855703125
0.855859375
0.8560156250000001
0.856171875
0.856328125
0.856484375
0.856640625
0.856796875
0.856953125
0.8571093750000001
0.857265625
0.857421875
0.857578125
0.857734375
0.857890625
0.858046875
0.858203125
0.858359375
0.858515625
0.858671875
0.8588281250000001
0.858984375
0.859140625
0.859296875
0.859453125
0.859609375
0.859765625
0.8599218750000001
0.860078125
0.860234375
0.860390625
0.860546875
0.860703125
0.860859375
0.8610156250000001
0.861171875
0.861328125
0.861484375
0.861640625
0.861796875
0.861953125
0.862109375
0.862265625
0.862421875
0.862578125
0.8627343750000001
0.862890625
0.863046875
0.863203125
0.863359375
0.863515625
0.863671875
0.8638281250000001
0.863984375
0.864140625
0.864296875
0.864453125
0.864609375
0.864765625
0.8649218750000001
0.865078125
0.865234375
0.865390625
0.865546875
0.865703125
0.865859375
0.866015625
0.866171875
0.866328125
0.866484375
0.8666406250000001
0.866796875
0.866953125
0.867109375
0.867265625
0.867421875
0.867578125
0.8677343750000001
0.867890625
0.868046875
0.868203125
0.868359375
0.868515625
0.868671875
0.8688281250000001
0.868984375
0.869140625
0.869296875
0.869453125
0.869609375
0.869765625
0.869921875
0.870078125
0.870234375
0.870390625
0.8705468750000001
0.870703125
0.870859375
0.871015625
0.871171875
0.871328125
0.871484375
0.8716406250000001
0.871796875
0.871953125
0.872109375
0.872265625
0.872421875
0.872578125
0.8727343750000001
0.872890625
0.873046875
0.873203125
0.873359375
0.873515625
0.873671875
0.873828125
0.873984375
0.874140625
0.874296875
0.8744531250000001
0.874609375
0.874765625
0.874921875
0.875078125
0.875234375
0.875390625
0.8755468750000001
0.875703125
0.875859375
0.876015625
0.876171875
0.876328125
0.876484375
0.8766406250000001
0.876796875
0.876953125
0.877109375
0.877265625
0.877421875
0.877578125
0.877734375
0.877890625
0.878046875
0.878203125
0.8783593750000001
0.878515625
0.878671875
0.878828125
0.878984375
0.879140625
0.879296875
0.8794531250000001
0.879609375
0.879765625
0.879921875
0.880078125
0.880234375
0.880390625
0.8805468750000001
0.880703125
0.880859375
0.881015625
0.881171875
0.881328125
0.881484375
0.881640625
0.881796875
0.881953125
0.882109375
0.8822656250000001
0.882421875
0.882578125
0.882734375
0.882890625
0.883046875
0.883203125
0.8833593750000001
0.883515625
0.883671875
0.883828125
0.883984375
0.884140625
0.884296875
0.8844531250000001
0.884609375
0.884765625
0.884921875
0.885078125
0.885234375
0.885390625
0.885546875
0.885703125
0.885859375
0.886015625
0.8861718750000001
0.886328125
0.886484375
0.886640625
0.886796875
0.886953125
0.887109375
0.8872656250000001
0.887421875
0.887578125
0.887734375
0.887890625
0.888046875
0.888203125
0.8883593750000001
0.888515625
0.888671875
0.888828125
0.888984375
0.889140625
0.889296875
0.889453125
0.889609375
0.889765625
0.889921875
0.8900781250000001
0.890234375
0.890390625
0.890546875
0.890703125
0.890859375
0.891015625
0.8911718750000001
0.891328125
0.891484375
0.891640625
0.891796875
0.891953125
0.892109375
0.8922656250000001
0.892421875
0.892578125
0.892734375
0.892890625
0.893046875
0.893203125
0.893359375
0.893515625
0.893671875
0.893828125
0.8939843750000001
0.894140625
0.894296875
0.894453125
0.894609375
0.894765625
0.894921875
0.8950781250000001
0.895234375
0.895390625
0.895546875
0.895703125
0.895859375
0.896015625
0.8961718750000001
0.896328125
0.896484375
0.896640625
0.896796875
0.896953125
0.897109375
0.897265625
0.897421875
0.897578125
0.897734375
0.8978906250000001
0.898046875
0.898203125
0.898359375
0.898515625
0.898671875
0.898828125
0.8989843750000001
0.899140625
0.899296875
0.899453125
0.899609375
0.899765625
0.899921875
0.9000781250000001
0.900234375
0.900390625
0.900546875
0.900703125
0.900859375
0.901015625
0.901171875
0.901328125
0.901484375
0.901640625
0.9017968750000001
0.901953125
0.902109375
0.902265625
0.902421875
0.902578125
0.902734375
0.9028906250000001
0.903046875
0.903203125
0.903359375
0.903515625
0.903671875
0.903828125
0.9039843750000001
0.904140625
0.904296875
0.904453125
0.904609375
0.904765625
0.904921875
0.905078125
0.905234375
0.905390625
0.905546875
0.9057031250000001
0.905859375
0.906015625
0.906171875
0.906328125
0.906484375
0.906640625
0.9067968750000001
0.906953125
0.907109375
0.907265625
0.907421875
0.907578125
0.907734375
0.9078906250000001
0.908046875
0.908203125
0.908359375
0.908515625
0.908671875
0.908828125
0.908984375
0.909140625
0.909296875
0.909453125
0.9096093750000001
0.909765625
0.909921875
0.910078125
0.910234375
0.910390625
0.910546875
0.9107031250000001
0.910859375
0.911015625
0.911171875
0.911328125
0.911484375
0.911640625
0.9117968750000001
0.911953125
0.912109375
0.912265625
0.912421875
0.912578125
0.912734375
0.912890625
0.913046875
0.913203125
0.913359375
0.9135156250000001
0.913671875
0.913828125
0.913984375
0.914140625
0.914296875
0.914453125
0.9146093750000001
0.914765625
0.914921875
0.915078125
0.915234375
0.915390625
0.915546875
0.9157031250000001
0.915859375
0.916015625
0.916171875
0.916328125
0.916484375
0.916640625
0.916796875
0.916953125
0.917109375
0.917265625
0.9174218750000001
0.917578125
0.917734375
0.917890625
0.918046875
0.918203125
0.918359375
0.9185156250000001
0.918671875
0.918828125
0.918984375
0.919140625
0.919296875
0.919453125
0.9196093750000001
0.919765625
0.919921875
0.920078125
0.920234375
0.920390625
0.920546875
0.920703125
0.920859375
0.921015625
0.921171875
0.9213281250000001
0.921484375
0.921640625
0.921796875
0.921953125
0.922109375
0.922265625
0.9224218750000001
0.922578125
0.922734375
0.922890625
0.923046875
0.923203125
0.923359375
0.9235156250000001
0.923671875
0.923828125
0.923984375
0.924140625
0.924296875
0.924453125
0.924609375
0.924765625
0.924921875
0.925078125
0.9252343750000001
0.925390625
0.925546875
0.925703125
0.925859375
0.926015625
0.926171875
0.9263281250000001
0.926484375
0.926640625
0.926796875
0.926953125
0.927109375
0.927265625
0.9274218750000001
0.927578125
0.927734375
0.927890625
0.928046875
0.928203125
0.928359375
0.928515625
0.928671875
0.928828125
0.928984375
0.9291406250000001
0.929296875
0.929453125
0.929609375
0.929765625
0.929921875
0.930078125
0.9302343750000001
0.930390625
0.930546875
0.930703125
0.930859375
0.931015625
0.931171875
0.9313281250000001
0.931484375
0.931640625
0.931796875
0.931953125
0.932109375
0.932265625
0.932421875
0.932578125
0.932734375
0.932890625
0.9330468750000001
0.933203125
0.933359375
0.933515625
0.933671875
0.933828125
0.933984375
0.9341406250000001
0.934296875
0.934453125
0.934609375
0.934765625
0.934921875
0.935078125
0.9352343750000001
0.935390625
0.935546875
0.935703125
0.935859375
0.936015625
0.936171875
0.936328125
0.936484375
0.936640625
0.936796875
0.9369531250000001
0.937109375
0.937265625
0.937421875
0.937578125
0.937734375
0.937890625
0.9380468750000001
0.938203125
0.938359375
0.938515625
0.938671875
0.938828125
0.938984375
0.9391406250000001
0.939296875
0.939453125
0.939609375
0.939765625
0.939921875
0.940078125
0.940234375
0.940390625
0.940546875
0.940703125
0.9408593750000001
0.941015625
0.941171875
0.941328125
0.941484375
0.941640625
0.941796875
0.9419531250000001
0.942109375
0.942265625
0.942421875
0.942578125
0.942734375
0.942890625
0.9430468750000001
0.943203125
0.943359375
0.943515625
0.943671875
0.943828125
0.943984375
0.944140625
0.944296875
0.944453125
0.944609375
0.9447656250000001
0.944921875
0.945078125
0.945234375
0.945390625
0.945546875
0.945703125
0.9458593750000001
0.946015625
0.946171875
0.946328125
0.946484375
0.946640625
0.946796875
0.9469531250000001
0.947109375
0.947265625
0.947421875
0.947578125
0.947734375
0.947890625
0.948046875
0.948203125
0.948359375
0.948515625
0.9486718750000001
0.948828125
0.948984375
0.949140625
0.949296875
0.949453125
0.949609375
0.9497656250000001
0.949921875
0.950078125
0.950234375
0.950390625
0.950546875
0.950703125
0.9508593750000001
0.951015625
0.951171875
0.951328125
0.951484375
0.951640625
0.951796875
0.951953125
0.952109375
0.952265625
0.952421875
0.9525781250000001
0.952734375
0.952890625
0.953046875
0.953203125
0.953359375
0.953515625
0.9536718750000001
0.953828125
0.953984375
0.954140625
0.954296875
0.954453125
0.954609375
0.9547656250000001
0.954921875
0.955078125
0.955234375
0.955390625
0.955546875
0.955703125
0.955859375
0.956015625
0.956171875
0.956328125
0.9564843750000001
0.956640625
0.956796875
0.956953125
0.957109375
0.957265625
0.957421875
0.9575781250000001
0.957734375
0.957890625
0.958046875
0.958203125
0.958359375
0.958515625
0.9586718750000001
0.958828125
0.958984375
0.959140625
0.959296875
0.959453125
0.959609375
0.959765625
0.959921875
0.960078125
0.960234375
0.9603906250000001
0.960546875
0.960703125
0.960859375
0.961015625
0.961171875
0.961328125
0.9614843750000001
0.961640625
0.961796875
0.961953125
0.962109375
0.962265625
0.962421875
0.9625781250000001
0.962734375
0.962890625
0.963046875
0.963203125
0.963359375
0.963515625
0.9636718750000001
0.963828125
0.963984375
0.964140625
0.9642968750000001
0.964453125
0.964609375
0.964765625
0.964921875
0.965078125
0.965234375
0.9653906250000001
0.965546875
0.965703125
0.965859375
0.966015625
0.966171875
0.966328125
0.9664843750000001
0.966640625
0.966796875
0.966953125
0.967109375
0.967265625
0.967421875
0.9675781250000001
0.967734375
0.967890625
0.968046875
0.9682031250000001
0.968359375
0.968515625
0.968671875
0.968828125
0.968984375
0.969140625
0.9692968750000001
0.969453125
0.969609375
0.969765625
0.969921875
0.970078125
0.970234375
0.9703906250000001
0.970546875
0.970703125
0.970859375
0.971015625
0.971171875
0.971328125
0.9714843750000001
0.971640625
0.971796875
0.971953125
0.9721093750000001
0.972265625
0.972421875
0.972578125
0.972734375
0.972890625
0.973046875
0.9732031250000001
0.973359375
0.973515625
0.973671875
0.973828125
0.973984375
0.974140625
0.9742968750000001
0.974453125
0.974609375
0.974765625
0.974921875
0.975078125
0.975234375
0.9753906250000001
0.975546875
0.975703125
0.975859375
0.9760156250000001
0.976171875
0.976328125
0.976484375
0.976640625
0.976796875
0.976953125
0.9771093750000001
0.977265625
0.977421875
0.977578125
0.977734375
0.977890625
0.978046875
0.9782031250000001
0.978359375
0.978515625
0.978671875
0.978828125
0.978984375
0.979140625
0.9792968750000001
0.979453125
0.979609375
0.979765625
0.9799218750000001
0.980078125
0.980234375
0.980390625
0.980546875
0.980703125
0.980859375
0.9810156250000001
0.981171875
0.981328125
0.981484375
0.981640625
0.981796875
0.981953125
0.9821093750000001
0.982265625
0.982421875
0.982578125
0.982734375
0.982890625
0.983046875
0.9832031250000001
0.983359375
0.983515625
0.983671875
0.9838281250000001
0.983984375
0.984140625
0.984296875
0.984453125
0.984609375
0.984765625
0.9849218750000001
0.985078125
0.985234375
0.985390625
0.985546875
0.985703125
0.985859375
0.9860156250000001
0.986171875
0.986328125
0.986484375
0.986640625
0.986796875
0.986953125
0.9871093750000001
0.987265625
0.987421875
0.987578125
0.9877343750000001
0.987890625
0.988046875
0.988203125
0.988359375
0.988515625
0.988671875
0.9888281250000001
0.988984375
0.989140625
0.989296875
0.989453125
0.989609375
0.989765625
0.9899218750000001
0.990078125
0.990234375
0.990390625
0.990546875
0.990703125
0.990859375
0.9910156250000001
0.991171875
0.991328125
0.991484375
0.9916406250000001
0.991796875
0.991953125
0.992109375
0.992265625
0.992421875
0.992578125
0.9927343750000001
0.992890625
0.993046875
0.993203125
0.993359375
0.993515625
0.993671875
0.9938281250000001
0.993984375
0.994140625
0.994296875
0.994453125
0.994609375
0.994765625
0.9949218750000001
0.995078125
0.995234375
0.995390625
0.9955468750000001
0.995703125
0.995859375
0.996015625
0.996171875
0.996328125
0.996484375
0.9966406250000001
0.996796875
0.996953125
0.997109375
0.997265625
0.997421875
0.997578125
0.9977343750000001
0.997890625
0.998046875
0.998203125
0.998359375
0.998515625
0.998671875
0.9988281250000001
0.998984375
0.999140625
0.999296875
0.9994531250000001
0.999609375
0.999765625
0.9999218750000001
