-4.975000000000001
-4.925
-4.875
-4.825
-4.775
-4.725000000000001
-4.675
-4.625
-4.575
-4.525
-4.475
-4.425
-4.375
-4.325
-4.275
-4.225
-4.175
-4.125
-4.075
-4.025
-3.975
-3.925
-3.875
-3.825
-3.775
-3.725
-3.675
-3.625
-3.575
-3.525
-3.475
-3.425
-3.375
-3.325
-3.275
-3.225
-3.175
-3.125
-3.075
-3.025
-2.975
-2.925
-2.875
-2.825
-2.775
-2.725
-2.675
-2.625
-2.575
-2.525
-2.475
-2.425
-2.375
-2.325
-2.275
-2.225
-2.175
-2.125
-2.075
-2.025
-1.975
-1.925
-1.875
-1.825
-1.775
-1.725
-1.675
-1.625
-1.575
-1.525
-1.475
-1.425
-1.375
-1.325
-1.275
-1.225
-1.175
-1.125
-1.075
-1.025
-0.9749999999999996
-0.9249999999999998
-0.875
-0.8250000000000002
-0.7750000000000004
-0.7249999999999996
-0.6749999999999998
-0.625
-0.5750000000000002
-0.5250000000000004
-0.4749999999999996
-0.4249999999999998
-0.375
-0.3250000000000002
-0.2749999999999995
-0.2249999999999996
-0.1749999999999998
-0.125
-0.07500000000000018
-0.02499999999999947
0.02500000000000036
0.07500000000000018
0.125
0.1749999999999998
0.2250000000000005
0.2750000000000004
0.3250000000000002
0.375
0.4249999999999998
0.4750000000000005
0.5250000000000004
0.5750000000000002
0.625
0.6749999999999998
0.7250000000000005
0.7750000000000004
0.8250000000000002
0.875
0.9249999999999998
0.9750000000000005
1.025
1.075
1.125
1.175
1.225000000000001
1.275
1.325
1.375
1.425
1.475000000000001
1.525
1.575
1.625
1.675
1.725000000000001
1.775
1.825
1.875
1.925
1.975000000000001
2.025
2.075
2.125
2.175
2.225000000000001
2.275
2.325
2.375
2.425
2.475000000000001
2.525
2.575
2.625
2.675
2.725000000000001
2.775
2.825
2.875
2.925
2.975000000000001
3.024999999999999
3.075
3.125000000000001
3.175
3.225000000000001
3.274999999999999
3.325
3.375000000000001
3.425
3.475000000000001
3.524999999999999
3.575
3.625000000000001
3.675
3.725000000000001
3.774999999999999
3.825
3.875000000000001
3.925
3.975000000000001
4.024999999999999
4.075
4.125000000000001
4.175
4.225000000000001
4.274999999999999
4.325
4.375000000000001
4.425
4.475000000000001
4.525000000000001
4.575
4.625000000000001
4.675
4.725000000000001
4.775000000000001
4.825
4.875000000000001
4.925
4.975000000000001
