0
0.005474797686322234
0.01091633524584664
0.01635421633494845
0.02179472591157537
0.02724051191602887
0.03266578525550879
0.0380872641600927
0.04351241858839546
0.04893536020279433
0.0543501922067569
0.05976654217667442
0.06518732071734586
0.0706047963360813
0.07602160266090667
0.0814406426915196
0.08686200582245562
0.09228564861276026
0.09770903400778717
0.1031332972170222
0.1085589720488556
0.1139862175536417
0.1194152968883494
0.1248459120754264
0.1302776771568482
0.1357108603675176
0.1411453054201874
0.1465806677926708
0.1520167248527687
0.1574533401335851
0.1628904204657946
0.1683279142197402
0.1737656422791058
0.1792035140516223
0.1846415481239143
0.1900798299745337
0.1955183776139977
0.2009571867105303
0.2063962716946799
0.2118356428703528
0.2172753039863181
0.222715270624957
0.2281555655679484
0.2335962116962981
0.2390372288746627
0.2444784166519643
0.2499196905186517
0.2553610578382089
0.2608025242397024
0.2662440964818464
0.2716857824192797
0.2771275902188506
0.2825695280060189
0.2880116040223897
0.293453820595372
0.298896187192977
0.304338693461162
0.3097812311465322
0.3152230353403479
0.320638312705494
0.3260284536288823
0.3313850781791882
0.3367324012812437
0.3420602008257698
0.3473698305331129
0.3526753141106056
0.3579830327705901
0.3632777893593964
0.3685684937406285
0.3738593691408171
0.3791516766473869
0.3844459355089685
0.3897435580922063
0.3950432049077968
0.4003419201373195
0.4056400598274681
0.4109397976417578
0.4162411829836057
0.4215439618920351
0.4268480735277516
0.4321534866604469
0.4374605308075227
0.4427696838156324
0.4480805140092892
0.4533927621112877
0.458705999893508
0.464019054380469
0.4693321867528537
0.4746455610678489
0.4799592198464519
0.4852732030541642
0.4905869396633957
0.495900562724256
0.501214201692177
0.5065281545524783
0.5118431961625167
0.5171587141401397
0.5224745543405653
0.5277908055984843
0.5331077175207376
0.5384255386918099
0.5437444256963545
0.5490642056356049
0.5543845450104016
0.5597053825630869
0.5650266256357754
0.5703481873999457
0.5756699780942263
0.5809921493001441
0.5863149259500541
0.5916385384058522
0.5969633533220779
0.6022898962435855
0.6076186288528101
0.6129495495736126
0.6182807340155061
0.623612157298103
0.6289438567856438
0.6342759674776232
0.6396086193946808
0.6449419473843788
0.6502760816029683
0.6556111141306838
0.660947202382572
0.6662845203064707
0.6716231548975982
0.6769632348537087
0.6823049320634214
0.6876467552578064
0.6929888630951594
0.6983187413912654
0.7036432914629575
0.7089689527917995
0.7142790000487582
0.7195844845347303
0.7248907117301914
0.7301984762925243
0.7355083368601236
0.7408191325662283
0.7461302990582616
0.7514415950175483
0.7567540259121582
0.7620672491946506
0.7673822752346916
0.7726992930180731
0.7780181483317361
0.7833383051970524
0.7886598165469854
0.7939831954544343
0.7993087485461471
0.8046360846172917
0.8099624316326832
0.8152886718894197
0.8206152055518597
0.8259421182177105
0.8312695028975289
0.8365973764779512
0.8419257149688104
0.8472538624821231
0.8525818463594351
0.8579106626265185
0.8632400577358268
0.8685699043153609
0.8739000790632141
0.8792304822926591
0.8845610905671131
0.889891909334407
0.8952229490813882
0.9005543479475193
0.9058862605979985
0.9112187272030258
0.9165514254517613
0.9218845022593692
0.9272180197898908
0.932552111500468
0.9378869217955775
0.9432225318809261
0.9485589824075172
0.9538961120674772
0.9592336497425499
0.9645714920974727
0.9699096020481126
0.9752479658616243
0.9805866123445972
0.9859256231083924
0.9912650771532879
0.9966051131438607
1.001945814376764
1.007287247969603
1.012629483931522
1.017972411494806
1.02331574863916
1.028659409635894
1.034003346644885
1.039347517388113
1.044691901866753
1.050034450678961
1.055369366349165
1.06070492549886
1.066023374805631
1.071335949350338
1.076648903617406
1.081963296838135
1.087277400891206
1.092590324168697
1.097903579173143
1.103217460303263
1.108532967394569
1.113849840002966
1.11916827724859
1.124488658372132
1.129810998337657
1.135134924222735
1.140460418254297
1.145787994429908
1.151117801045046
1.156448100483085
1.161778380457319
1.167109356807121
1.17244151692156
1.177774783446188
1.183108418019836
1.188442321774208
1.193776987359962
1.199111820699818
1.204446906038379
1.209782241198786
1.215118012474376
1.220454353184566
1.225791310626342
1.231128861049852
1.236467117417387
1.241806130552666
1.247145467940283
1.252485150384077
1.257825258538154
1.263165905411921
1.268507176392826
1.27384906786011
1.279191523533861
1.284534585629243
1.289878625144493
1.295224221845293
1.300570165584127
1.305916234059333
1.311262532130353
1.316609198048237
1.321956370407981
1.327304145403406
1.332652582159991
1.338001685670678
1.343351561165301
1.348702180529528
1.354053539334641
1.359405712241962
1.364758563534578
1.370111713097635
1.375465112169493
1.38081873909471
1.386172625285319
1.391526829003689
1.396881397874118
1.402236432168921
1.407585366860471
1.41293410804604
1.418264175247891
1.423588167940057
1.42891237299148
1.434237767155304
1.439559088879104
1.444879146869444
1.450199535746498
1.455521034356093
1.460844369963831
1.466170061271013
1.471497468511125
1.476826458856016
1.482156955594158
1.487488775621977
1.492822240107917
1.498157802122314
1.503493270813925
1.508828729412626
1.514164709898122
1.51950174050159
1.524839893518253
1.530178979803025
1.535518269948005
1.540858072079759
1.546197992470544
1.551538121094575
1.556878476005829
1.562219128512307
1.567560076861567
1.572901176131563
1.5782424223365
1.583584009054587
1.588926118253484
1.594269023801711
1.599612211172397
1.604955677862449
1.610299582233146
1.615644094719357
1.620989359107347
1.626335313325946
1.631681915352781
1.637029497156418
1.642377969578621
1.647726628580118
1.653075369419949
1.658424274440854
1.663773482601312
1.669123151337982
1.67447341856796
1.679824387972498
1.685176160589171
1.69052887217899
1.695882746468372
1.701238005165435
1.706594385030401
1.711950958062933
1.717307825305602
1.722665047674542
1.728022679736803
1.733380749016294
1.738739279566835
1.74409829607023
1.749457826345287
1.754817943034068
1.760178675676429
1.765536213379014
1.770875086477924
1.776208569511698
1.781542519310879
1.786875218976644
1.792201956351025
1.797527651820086
1.802854088973791
1.808182162228214
1.813512766615686
1.818846262617704
1.824182318164026
1.829518332444304
1.834855325979676
1.840193613437282
1.845532951274502
1.850873131117724
1.856213997281404
1.861554952964049
1.866895925523355
1.872237473780587
1.87757983698058
1.882923035297045
1.888266724716163
1.893610878181346
1.898955430425016
1.904300205511943
1.909645135503937
1.9149901722766
1.920335328954393
1.925680637879024
1.931026252031641
1.936372356838012
1.941719114363704
1.94706609344749
1.952413449554969
1.957761291161401
1.963109758180999
1.968459023125646
1.973809185296565
1.979160067506828
1.98451142492894
1.98986320977047
1.995215325149644
2.000567663126173
2.00592010752614
2.011272758283364
2.016625780320145
2.021979299106185
2.027333422397887
2.032688241961726
2.038043927285651
2.043400739561287
2.048758877776009
2.054117256026965
2.059475814827274
2.064834621208528
2.070193742975559
2.075553231574166
2.080913121901672
2.086273447183513
2.091634243527299
2.096995542620996
2.102357394020675
2.107719818791814
2.113082839919386
2.118443214287727
2.123787485933111
2.129127314508672
2.134468050737886
2.139801203433271
2.145130054827715
2.150458611007804
2.155788145573667
2.161118897618167
2.166452309241417
2.171787161402423
2.177121594107535
2.182455949823596
2.187791278117384
2.193127771848441
2.198465394671737
2.203804087969451
2.20914373759039
2.214484560230821
2.219826890729347
2.225170330263393
2.230514538811149
2.23585943000355
2.24120423073084
2.246549155902022
2.251894454301489
2.25723990855626
2.262585244852417
2.267930521711062
2.273275876089951
2.278621589452923
2.28396825726728
2.289315242782076
2.294662529947647
2.30001021759606
2.305358365275784
2.310707159773154
2.316056741796508
2.321406919426256
2.326757479598678
2.33210838460624
2.337459526184563
2.342810834399152
2.348162206493679
2.353513711253686
2.35886551982246
2.364217783656462
2.369570628568119
2.374924168799975
2.38027866927735
2.385634475863784
2.390991188895899
2.396347999329953
2.401705038174252
2.407062389172404
2.412420142778906
2.417778356814873
2.423137072900447
2.428496332345751
2.433856167565203
2.439216628456787
2.444577778664511
2.449939644920691
2.455302020777794
2.460664628637474
2.466027472768633
2.471390561079185
2.476747358875303
2.482100892488966
2.487452079590796
2.492793178460092
2.498131575554253
2.503470600588165
2.508810380308234
2.514151454770957
2.519491907903132
2.524832217696309
2.530172972773267
2.535514323029235
2.540856767014346
2.546200685725327
2.55154581187066
2.556891972114097
2.56223914697266
2.567587603741315
2.572937460088653
2.578288348993911
2.583639737068012
2.588990640345606
2.594341374359336
2.599692302497188
2.605043917770509
2.610396432319819
2.615748916469302
2.621101510153523
2.626454558516205
2.631808769183225
2.637164283708348
2.642520302446874
2.64787687000076
2.65323408360389
2.658592012217667
2.663950668238541
2.669309988757604
2.674670050162436
2.680030997845967
2.68539308953392
2.690756714740739
2.696122279182523
2.701490160297947
2.706859695212304
2.712229662765675
2.717600254579747
2.722971541257961
2.728343599034675
2.733716529107729
2.739090384171664
2.744465194136526
2.749840977876234
2.755217766024295
2.76059529224154
2.765973235490384
2.771351704918199
2.776730343227096
2.782109121116376
2.787488039273977
2.792867106051895
2.79824634097831
2.80362575914002
2.809005374422673
2.814385201664679
2.819765257798294
2.82514556729086
2.830526182176478
2.835907174794281
2.841288449770117
2.846669734608637
2.852051038399892
2.85743236460301
2.862813738336965
2.868195198950625
2.873576773062051
2.878958519676564
2.884340467026791
2.889722634944538
2.895105024740185
2.900487599872176
2.905870320453182
2.911253167459926
2.916636118507125
2.922019153185411
2.927402263365494
2.932785333370846
2.938168331464436
2.943551338603933
2.948934417767521
2.954317299381544
2.959699988695554
2.965082495607001
2.970464858787621
2.97584715049484
2.98122938195055
2.98661156808633
2.991993775001312
2.997376055628505
3.002758189135843
3.008140143227564
3.013521933466573
3.018903559176456
3.024285005925778
3.029666244065904
3.035047248769878
3.040428070971939
3.045808779753726
3.051189436876302
3.056570094696804
3.061950792412884
3.067331322119943
3.072711669032881
3.078091840161073
3.083471820408959
3.088851621764113
3.09423129473068
3.099610861804798
3.104990348886326
3.110369806079898
3.115749283644893
3.121128819470103
3.126508299483725
3.131887659638971
3.13726701160459
3.142646354314006
3.148025516290249
3.153404535828122
3.158783494369281
3.164162428552716
3.169541412520705
3.174920459060947
3.180299575167491
3.185678797593924
3.191058114075588
3.196437496002203
3.201816965581009
3.207196552162739
3.212576255638328
3.217956073454602
3.223335992933693
3.228716017728955
3.234096160012092
3.23947644072703
3.244856870395164
3.250237414708903
3.255618008871902
3.260998699218817
3.266379616221012
3.271760862423113
3.277142539690276
3.282524329664108
3.287906134025497
3.293288002808048
3.298669943164996
3.304051949688837
3.309434082172172
3.314816434479577
3.320199066138489
3.325582027873643
3.330965404745192
3.336349289343206
3.341733776016554
3.347118960925212
3.352504620193618
3.357890329272229
3.363276070448835
3.368661860286849
3.37404770087674
3.379433668218042
3.384819844082392
3.390206280927524
3.395593012478525
3.400980061147191
3.406367451541727
3.411755228437548
3.417143448605066
3.422532167892299
3.427921421356651
3.433310828748263
3.438700244980741
3.444089715741183
3.449479285029903
3.454868993581624
3.460258879767098
3.465648971513541
3.471039282123417
3.476429827699732
3.481820626306069
3.487211684006445
3.492603013440672
3.497994696218982
3.503386692951796
3.50877874927847
3.514170881978903
3.519563110815927
3.524955458002435
3.530347929868414
3.535740522533764
3.541133232586418
3.546526055289152
3.55191899854008
3.557312078050936
3.562705265382939
3.568098392607366
3.573491506878077
3.578884668286604
3.584277905586305
3.589671209871418
3.595064570637552
