0
0.004225771273642583
0.008061202483769875
0.0117179068964769
0.01519614579673229
0.01854776147305456
0.0218241040895531
0.02504464474817691
0.02822028911932433
0.03136202776013688
0.0344796385365635
0.03759124928264974
0.04072988006979709
0.04383759033952239
0.04694739670376397
0.05010100743491556
0.05333351286734223
0.05663712866737685
0.05999165776046388
0.06343442070361843
0.06698233022037962
0.07062992745477788
0.0743690616841929
0.07820113403170836
0.08212906145581721
0.08615081387867424
0.09026280403110089
0.09446399807890907
0.09875182275431803
0.1031228747389904
0.1075735273497636
0.112094212010102
0.1166758471877219
0.1213134271643704
0.1260008265519338
0.1307302335304106
0.1354915285385562
0.1402784659309768
0.1450853266953758
0.1499074300157065
0.1547420444060142
0.1595863215179278
0.164437892678117
0.1692935422111842
0.1741470388294403
0.1789967843816775
0.1838425171233636
0.1886846294320991
0.1935238636249389
0.1983612509520584
0.203197930804847
0.2080355000436627
0.2128761367425376
0.2177222086940245
0.2225760179249037
0.227439703281209
0.2323152004084913
0.2372034448269028
0.2421047731762687
0.2470182078217344
0.2519373412829731
0.2568641208857015
0.2618004867165249
0.2667483391725807
0.2717089702462542
0.2766828087794382
0.2816700602252167
0.2866708017147085
0.2916851437005064
0.2967133081904164
0.301755639944349
0.3068125637726411
0.3118845258201132
0.3169719821140142
0.3220752473452706
0.3271944562815646
0.3323295752186721
0.3374780791529192
0.3426379770627411
0.3478094503663995
0.3529926461193378
0.3581876285989595
0.3633943480445973
0.3686127241085995
0.3738426585162681
0.3790839944321773
0.3843366168940808
0.3896004116300885
0.3948752477304373
0.4001609780342035
0.4054574490997724
0.4107645145586275
0.4160820445063678
0.4214099273270804
0.4267480654783574
0.432096366990024
0.4374547345372611
0.4428230556499743
0.4482011978823779
0.4535890131529552
0.4589844244283502
0.4643868543176324
0.4697963017925976
0.4752127617685301
0.4806362578064889
0.4860668419338978
0.4915045883515208
0.4969495543493958
0.5024017942378673
0.507861420943499
0.5133285771080031
0.5188034104183052
0.5242860504084501
0.5297765990300907
0.5352751256224639
0.5407816992897561
0.5462964091881528
0.5518193631960703
0.5573506914819636
0.5628905302806387
0.5684390133865126
0.5739962625394591
0.5795623781901683
0.5851374336978905
0.5907209066090091
0.5963116808696198
0.601909671097938
0.6075147767554285
0.6131268930835114
0.618745942274645
0.624371863463986
0.6300046298901515
0.6356442504616955
0.6412907515767254
0.6469441653479314
0.6526045213246118
0.6582718408399646
0.6639461318918031
0.6696273879544514
0.6753155854129425
0.6810106996952536
0.6867127116261341
0.6924216094570766
0.6981373882527534
0.7038600474450962
0.7095895875664917
0.7153260072607351
0.7210693014126225
0.7268194607406515
0.7325764729401968
0.7383403254075983
0.7441106493891779
0.7498864240061643
0.7556676705484705
0.7614544056423569
0.7672466686723088
0.7730445029764897
0.7788479450011662
0.7846570190139693
0.7904717364389563
0.7962920821450256
0.802117957369
0.8079492624678866
0.8137859204176638
0.8196278762212512
0.8254750915492113
0.8313275405311694
0.8371852063126201
0.8430480787104291
0.8489161528657365
0.8547894286742467
0.8606679106921129
0.8665516081301847
0.872440534535306
0.8783347068633808
0.8842341415052019
0.8901388540822659
0.8960488586850366
0.9019641769142391
0.9078848382232911
0.9138108893873317
0.9197417637355809
0.9256771444789276
0.9316170659301621
0.9375615533300208
0.9435106187896948
0.9494642648055319
0.9554224897560241
0.9613852929846092
0.9673526812736802
0.9733246681221995
0.9793012731503795
0.9852825194495545
0.9912684325700435
0.9972590403409479
