0.0003125000000000001
0.0009375
0.0015625
0.0021875
0.0028125
0.0034375
0.0040625
0.0046875
0.0053125
0.0059375
0.0065625
0.0071875
0.0078125
0.008437500000000001
0.009062500000000001
0.009687500000000002
0.0103125
0.0109375
0.0115625
0.0121875
0.0128125
0.0134375
0.0140625
0.0146875
0.0153125
0.0159375
0.0165625
0.0171875
0.0178125
0.0184375
0.0190625
0.0196875
0.0203125
0.0209375
0.0215625
0.0221875
0.0228125
0.0234375
0.0240625
0.0246875
0.0253125
0.0259375
0.0265625
0.0271875
0.0278125
0.0284375
0.0290625
0.0296875
0.0303125
0.0309375
0.0315625
0.0321875
0.0328125
0.0334375
0.0340625
0.0346875
0.0353125
0.0359375
0.0365625
0.0371875
0.0378125
0.0384375
0.0390625
0.0396875
0.0403125
0.0409375
0.0415625
0.0421875
0.0428125
0.0434375
0.0440625
0.0446875
0.0453125
0.0459375
0.0465625
0.0471875
0.0478125
0.0484375
0.0490625
0.0496875
0.0503125
0.0509375
0.0515625
0.0521875
0.0528125
0.0534375
0.0540625
0.0546875
0.0553125
0.0559375
0.0565625
0.0571875
0.0578125
0.0584375
0.0590625
0.0596875
0.0603125
0.0609375
0.0615625
0.0621875
0.06281250000000001
0.06343750000000001
0.06406250000000001
0.06468750000000001
0.06531250000000001
0.06593750000000001
0.06656250000000001
0.06718750000000001
0.06781250000000001
0.06843750000000001
0.06906250000000001
0.06968750000000001
0.07031250000000001
0.07093750000000001
0.0715625
0.0721875
0.0728125
0.0734375
0.0740625
0.0746875
0.0753125
0.0759375
0.07656250000000001
0.07718750000000001
0.07781250000000001
0.07843750000000001
0.07906250000000001
0.07968750000000001
0.08031250000000001
0.08093750000000001
0.08156250000000001
0.08218750000000001
0.08281250000000001
0.08343750000000001
0.08406250000000001
0.08468750000000001
0.08531250000000001
0.08593750000000001
0.08656250000000001
0.0871875
0.0878125
0.0884375
0.0890625
0.0896875
0.0903125
0.0909375
0.0915625
0.09218750000000001
0.09281250000000001
0.09343750000000001
0.09406250000000001
0.09468750000000001
0.09531250000000001
0.09593750000000001
0.09656250000000001
0.09718750000000001
0.09781250000000001
0.09843750000000001
0.09906250000000001
0.09968750000000001
0.1003125
0.1009375
0.1015625
0.1021875
0.1028125
0.1034375
0.1040625
0.1046875
0.1053125
0.1059375
0.1065625
0.1071875
0.1078125
0.1084375
0.1090625
0.1096875
0.1103125
0.1109375
0.1115625
0.1121875
0.1128125
0.1134375
0.1140625
0.1146875
0.1153125
0.1159375
0.1165625
0.1171875
0.1178125
0.1184375
0.1190625
0.1196875
0.1203125
0.1209375
0.1215625
0.1221875
0.1228125
0.1234375
0.1240625
0.1246875
0.1253125
0.1259375
0.1265625
0.1271875
0.1278125
0.1284375
0.1290625
0.1296875
0.1303125
0.1309375
0.1315625
0.1321875
0.1328125
0.1334375
0.1340625
0.1346875
0.1353125
0.1359375
0.1365625
0.1371875
0.1378125
0.1384375
0.1390625
0.1396875
0.1403125
0.1409375
0.1415625
0.1421875
0.1428125
0.1434375
0.1440625
0.1446875
0.1453125
0.1459375
0.1465625
0.1471875
0.1478125
0.1484375
0.1490625
0.1496875
0.1503125
0.1509375
0.1515625
0.1521875
0.1528125
0.1534375
0.1540625
0.1546875
0.1553125
0.1559375
0.1565625
0.1571875
0.1578125
0.1584375
0.1590625
0.1596875
0.1603125
0.1609375
0.1615625
0.1621875
0.1628125
0.1634375
0.1640625
0.1646875
0.1653125
0.1659375
0.1665625
0.1671875
0.1678125
0.1684375
0.1690625
0.1696875
0.1703125
0.1709375
0.1715625
0.1721875
0.1728125
0.1734375
0.1740625
0.1746875
0.1753125
0.1759375
0.1765625
0.1771875
0.1778125
0.1784375
0.1790625
0.1796875
0.1803125
0.1809375
0.1815625
0.1821875
0.1828125
0.1834375
0.1840625
0.1846875
0.1853125
0.1859375
0.1865625
0.1871875
0.1878125
0.1884375
0.1890625
0.1896875
0.1903125
0.1909375
0.1915625
0.1921875
0.1928125
0.1934375
0.1940625
0.1946875
0.1953125
0.1959375
0.1965625
0.1971875
0.1978125
0.1984375
0.1990625
0.1996875
0.2003125
0.2009375
0.2015625
0.2021875
0.2028125
0.2034375
0.2040625
0.2046875
0.2053125
0.2059375
0.2065625
0.2071875
0.2078125
0.2084375
0.2090625
0.2096875
0.2103125
0.2109375
0.2115625
0.2121875
0.2128125
0.2134375
0.2140625
0.2146875
0.2153125
0.2159375
0.2165625
0.2171875
0.2178125
0.2184375
0.2190625
0.2196875
0.2203125
0.2209375
0.2215625
0.2221875
0.2228125
0.2234375
0.2240625
0.2246875
0.2253125
0.2259375
0.2265625
0.2271875
0.2278125
0.2284375
0.2290625
0.2296875
0.2303125
0.2309375
0.2315625
0.2321875
0.2328125
0.2334375
0.2340625
0.2346875
0.2353125
0.2359375
0.2365625
0.2371875
0.2378125
0.2384375
0.2390625
0.2396875
0.2403125
0.2409375
0.2415625
0.2421875
0.2428125
0.2434375
0.2440625
0.2446875
0.2453125
0.2459375
0.2465625
0.2471875
0.2478125
0.2484375
0.2490625
0.2496875
0.2503125
0.2509375
0.2515625
0.2521875
0.2528125000000001
0.2534375
0.2540625
0.2546875
0.2553125
0.2559375
0.2565625
0.2571875
0.2578125
0.2584375
0.2590625
0.2596875
0.2603125
0.2609375
0.2615625
0.2621875
0.2628125
0.2634375
0.2640625
0.2646875
0.2653125
0.2659375
0.2665625
0.2671875
0.2678125
0.2684375000000001
0.2690625
0.2696875
0.2703125
0.2709375000000001
0.2715625
0.2721875
0.2728125
0.2734375
0.2740625
0.2746875
0.2753125
0.2759375
0.2765625
0.2771875
0.2778125
0.2784375
0.2790625
0.2796875
0.2803125
0.2809375
0.2815625
0.2821875
0.2828125
0.2834375
0.2840625000000001
0.2846875
0.2853125
0.2859375
0.2865625000000001
0.2871875
0.2878125
0.2884375
0.2890625
0.2896875
0.2903125
0.2909375
0.2915625
0.2921875
0.2928125
0.2934375
0.2940625
0.2946875
0.2953125
0.2959375
0.2965625
0.2971875
0.2978125
0.2984375
0.2990625
0.2996875000000001
0.3003125
0.3009375
0.3015625
0.3021875000000001
0.3028125
0.3034375
0.3040625
0.3046875
0.3053125
0.3059375
0.3065625
0.3071875
0.3078125
0.3084375
0.3090625
0.3096875
0.3103125
0.3109375
0.3115625
0.3121875
0.3128125
0.3134375
0.3140625
0.3146875
0.3153125000000001
0.3159375
0.3165625
0.3171875
0.3178125000000001
0.3184375
0.3190625
0.3196875
0.3203125
0.3209375
0.3215625
0.3221875
0.3228125
0.3234375
0.3240625
0.3246875
0.3253125
0.3259375
0.3265625
0.3271875
0.3278125
0.3284375
0.3290625
0.3296875
0.3303125
0.3309375000000001
0.3315625
0.3321875
0.3328125
0.3334375000000001
0.3340625
0.3346875
0.3353125
0.3359375
0.3365625
0.3371875
0.3378125
0.3384375
0.3390625
0.3396875
0.3403125
0.3409375
0.3415625
0.3421875
0.3428125
0.3434375
0.3440625
0.3446875
0.3453125
0.3459375
0.3465625000000001
0.3471875
0.3478125
0.3484375
0.3490625000000001
0.3496875
0.3503125
0.3509375
0.3515625
0.3521875
0.3528125
0.3534375
0.3540625
0.3546875
0.3553125
0.3559375
0.3565625
0.3571875
0.3578125
0.3584375
0.3590625
0.3596875
0.3603125
0.3609375
0.3615625
0.3621875000000001
0.3628125
0.3634375
0.3640625
0.3646875000000001
0.3653125
0.3659375
0.3665625
0.3671875
0.3678125
0.3684375
0.3690625
0.3696875
0.3703125
0.3709375
0.3715625
0.3721875
0.3728125
0.3734375
0.3740625
0.3746875
0.3753125
0.3759375
0.3765625
0.3771875
0.3778125000000001
0.3784375
0.3790625
0.3796875
0.3803125000000001
0.3809375
0.3815625
0.3821875
0.3828125000000001
0.3834375
0.3840625
0.3846875
0.3853125
0.3859375
0.3865625
0.3871875
0.3878125
0.3884375
0.3890625
0.3896875
0.3903125
0.3909375
0.3915625
0.3921875
0.3928125
0.3934375000000001
0.3940625
0.3946875
0.3953125
0.3959375000000001
0.3965625
0.3971875
0.3978125
0.3984375000000001
0.3990625
0.3996875
0.4003125
0.4009375
0.4015625
0.4021875
0.4028125
0.4034375
0.4040625
0.4046875
0.4053125
0.4059375
0.4065625
0.4071875
0.4078125
0.4084375
0.4090625000000001
0.4096875
0.4103125
0.4109375
0.4115625000000001
0.4121875
0.4128125
0.4134375
0.4140625000000001
0.4146875
0.4153125
0.4159375
0.4165625
0.4171875
0.4178125
0.4184375
0.4190625
0.4196875
0.4203125
0.4209375
0.4215625
0.4221875
0.4228125
0.4234375
0.4240625
0.4246875000000001
0.4253125
0.4259375
0.4265625
0.4271875000000001
0.4278125
0.4284375
0.4290625
0.4296875000000001
0.4303125
0.4309375
0.4315625
0.4321875
0.4328125
0.4334375
0.4340625
0.4346875
0.4353125
0.4359375
0.4365625
0.4371875
0.4378125
0.4384375
0.4390625
0.4396875
0.4403125000000001
0.4409375
0.4415625
0.4421875
0.4428125000000001
0.4434375
0.4440625
0.4446875
0.4453125000000001
0.4459375
0.4465625
0.4471875
0.4478125
0.4484375
0.4490625
0.4496875
0.4503125
0.4509375
0.4515625
0.4521875
0.4528125
0.4534375
0.4540625
0.4546875
0.4553125
0.4559375000000001
0.4565625
0.4571875
0.4578125
0.4584375000000001
0.4590625
0.4596875
0.4603125
0.4609375000000001
0.4615625
0.4621875
0.4628125
0.4634375
0.4640625
0.4646875
0.4653125
0.4659375
0.4665625
0.4671875
0.4678125
0.4684375
0.4690625
0.4696875
0.4703125
0.4709375
0.4715625000000001
0.4721875
0.4728125
0.4734375
0.4740625000000001
0.4746875
0.4753125
0.4759375
0.4765625000000001
0.4771875
0.4778125
0.4784375
0.4790625
0.4796875
0.4803125
0.4809375
0.4815625
0.4821875
0.4828125
0.4834375
0.4840625
0.4846875
0.4853125
0.4859375
0.4865625
0.4871875000000001
0.4878125
0.4884375
0.4890625
0.4896875000000001
0.4903125
0.4909375
0.4915625
0.4921875000000001
0.4928125
0.4934375
0.4940625
0.4946875000000001
0.4953125
0.4959375
0.4965625
0.4971875
0.4978125
0.4984375
0.4990625
0.4996875
0.5003124999999999
0.5009374999999999
0.5015625
0.5021875
0.5028125
0.5034375
0.5040625
0.5046875
0.5053124999999999
0.5059374999999999
0.5065625
0.5071875
0.5078125
0.5084375
0.5090625
0.5096875
0.5103124999999999
0.5109374999999999
0.5115624999999999
0.5121875
0.5128125
0.5134375
0.5140625
0.5146875
0.5153125
0.5159374999999999
0.5165624999999999
0.5171875
0.5178125
0.5184375
0.5190625
0.5196875
0.5203125
0.5209374999999999
0.5215624999999999
0.5221875
0.5228125
0.5234375
0.5240625
0.5246875
0.5253125
0.5259374999999999
0.5265624999999999
0.5271874999999999
0.5278125
0.5284375
0.5290625
0.5296875
0.5303125
0.5309375
0.5315624999999999
0.5321874999999999
0.5328125
0.5334375
0.5340625
0.5346875
0.5353125
0.5359375
0.5365624999999999
0.5371874999999999
0.5378125
0.5384375
0.5390625
0.5396875
0.5403125
0.5409375
0.5415624999999999
0.5421874999999999
0.5428125
0.5434375
0.5440625
0.5446875
0.5453125
0.5459375
0.5465625
0.5471874999999999
0.5478124999999999
0.5484375
0.5490625
0.5496875
0.5503125
0.5509375
0.5515625
0.5521874999999999
0.5528124999999999
0.5534375
0.5540625
0.5546875
0.5553125
0.5559375
0.5565625
0.5571874999999999
0.5578124999999999
0.5584375
0.5590625
0.5596875
0.5603125
0.5609375
0.5615625
0.5621875
0.5628124999999999
0.5634374999999999
0.5640625
0.5646875
0.5653125
0.5659375
0.5665625
0.5671875
0.5678124999999999
0.5684374999999999
0.5690625
0.5696875
0.5703125
0.5709375
0.5715625
0.5721875
0.5728124999999999
0.5734374999999999
0.5740625
0.5746875
0.5753125
0.5759375
0.5765625
0.5771875
0.5778125
0.5784374999999999
0.5790624999999999
0.5796875
0.5803125
0.5809375
0.5815625
0.5821875
0.5828125
0.5834374999999999
0.5840624999999999
0.5846875
0.5853125
0.5859375
0.5865625
0.5871875
0.5878125
0.5884374999999999
0.5890624999999999
0.5896875
0.5903125
0.5909375
0.5915625
0.5921875
0.5928125
0.5934375
0.5940624999999999
0.5946874999999999
0.5953125
0.5959375
0.5965625
0.5971875
0.5978125
0.5984375
0.5990624999999999
0.5996874999999999
0.6003125
0.6009375
0.6015625
0.6021875
0.6028125
0.6034375
0.6040624999999999
0.6046874999999999
0.6053125
0.6059375
0.6065625
0.6071875
0.6078125
0.6084375
0.6090625
0.6096874999999999
0.6103124999999999
0.6109375
0.6115625
0.6121875
0.6128125
0.6134375
0.6140625
0.6146874999999999
0.6153124999999999
0.6159375
0.6165625
0.6171875
0.6178125
0.6184375
0.6190625
0.6196874999999999
0.6203124999999999
0.6209375
0.6215625
0.6221875
0.6228125
0.6234375
0.6240625
0.6246875
0.6253124999999999
0.6259374999999999
0.6265625
0.6271875
0.6278125
0.6284375
0.6290625
0.6296875
0.6303124999999999
0.6309374999999999
0.6315625
0.6321875
0.6328125
0.6334375
0.6340625
0.6346875
0.6353124999999999
0.6359374999999999
0.6365625
0.6371875
0.6378125
0.6384375
0.6390625
0.6396875
0.6403125
0.6409374999999999
0.6415624999999999
0.6421875
0.6428125
0.6434375
0.6440625
0.6446875
0.6453125
0.6459374999999999
0.6465624999999999
0.6471875
0.6478125
0.6484375
0.6490625
0.6496875
0.6503125
0.6509374999999999
0.6515624999999999
0.6521875
0.6528125
0.6534375
0.6540625
0.6546875
0.6553125
0.6559375
0.6565624999999999
0.6571874999999999
0.6578125
0.6584375
0.6590625
0.6596875
0.6603125
0.6609375
0.6615624999999999
0.6621874999999999
0.6628125
0.6634375
0.6640625
0.6646875
0.6653125
0.6659375
0.6665624999999999
0.6671874999999999
0.6678125
0.6684375
0.6690625
0.6696875
0.6703125
0.6709375
0.6715625
0.6721874999999999
0.6728124999999999
0.6734375
0.6740625
0.6746875
0.6753125
0.6759375
0.6765625
0.6771874999999999
0.6778124999999999
0.6784375
0.6790625
0.6796875
0.6803125
0.6809375
0.6815625
0.6821874999999999
0.6828124999999999
0.6834375
0.6840625
0.6846875
0.6853125
0.6859375
0.6865625
0.6871875
0.6878124999999999
0.6884374999999999
0.6890625
0.6896875
0.6903125
0.6909375
0.6915625
0.6921875
0.6928124999999999
0.6934374999999999
0.6940625
0.6946875
0.6953125
0.6959375
0.6965625
0.6971875
0.6978124999999999
0.6984374999999999
0.6990625
0.6996875
0.7003125
0.7009375
0.7015625
0.7021875
0.7028125
0.7034374999999999
0.7040624999999999
0.7046875
0.7053125
0.7059375
0.7065625
0.7071875
0.7078125
0.7084374999999999
0.7090624999999999
0.7096875
0.7103125
0.7109375
0.7115625
0.7121875
0.7128125
0.7134374999999999
0.7140624999999999
0.7146875
0.7153125
0.7159375
0.7165625
0.7171875
0.7178125
0.7184375
0.7190624999999999
0.7196874999999999
0.7203125
0.7209375
0.7215625
0.7221875
0.7228125
0.7234375
0.7240624999999999
0.7246874999999999
0.7253125
0.7259375
0.7265625
0.7271875
0.7278125
0.7284375
0.7290624999999999
0.7296874999999999
0.7303125
0.7309375
0.7315625
0.7321875
0.7328125
0.7334375
0.7340625
0.7346874999999999
0.7353124999999999
0.7359375
0.7365625
0.7371875
0.7378125
0.7384375
0.7390625
0.7396874999999999
0.7403124999999999
0.7409375
0.7415625
0.7421875
0.7428125
0.7434375
0.7440625
0.7446874999999999
0.7453124999999999
0.7459375
0.7465625
0.7471875
0.7478125
0.7484375
0.7490625
0.7496875
0.7503124999999999
0.7509375
0.7515625
0.7521875
0.7528125
0.7534375
0.7540625
0.7546875
0.7553124999999999
0.7559374999999999
0.7565625
0.7571875
0.7578125
0.7584375
0.7590625
0.7596875
0.7603124999999999
0.7609374999999999
0.7615625
0.7621875
0.7628125
0.7634375
0.7640625
0.7646875
0.7653125
0.7659374999999999
0.7665625
0.7671875
0.7678125
0.7684375
0.7690625
0.7696875
0.7703125
0.7709374999999999
0.7715624999999999
0.7721875
0.7728125
0.7734375
0.7740625
0.7746875
0.7753125
0.7759374999999999
0.7765624999999999
0.7771875
0.7778125
0.7784375
0.7790625
0.7796875
0.7803125
0.7809375
0.7815624999999999
0.7821875
0.7828125
0.7834375
0.7840625
0.7846875
0.7853125
0.7859375
0.7865624999999999
0.7871874999999999
0.7878125
0.7884375
0.7890625
0.7896875
0.7903125
0.7909375
0.7915624999999999
0.7921874999999999
0.7928125
0.7934375
0.7940625
0.7946875
0.7953125
0.7959375
0.7965625
0.7971874999999999
0.7978125
0.7984375
0.7990625
0.7996875
0.8003125
0.8009375
0.8015625
0.8021874999999999
0.8028124999999999
0.8034375
0.8040625
0.8046875
0.8053125
0.8059375
0.8065625
0.8071874999999999
0.8078124999999999
0.8084375
0.8090625
0.8096875
0.8103125
0.8109375
0.8115625
0.8121875
0.8128124999999999
0.8134375
0.8140625
0.8146875
0.8153125
0.8159375
0.8165625
0.8171875
0.8178124999999999
0.8184374999999999
0.8190625
0.8196875
0.8203125
0.8209375
0.8215625
0.8221875
0.8228124999999999
0.8234374999999999
0.8240625
0.8246875
0.8253125
0.8259375
0.8265625
0.8271875
0.8278125
0.8284374999999999
0.8290625
0.8296875
0.8303125
0.8309375
0.8315625
0.8321875
0.8328125
0.8334374999999999
0.8340624999999999
0.8346875
0.8353125
0.8359375
0.8365625
0.8371875
0.8378125
0.8384374999999999
0.8390624999999999
0.8396875
0.8403125
0.8409375
0.8415625
0.8421875
0.8428125
0.8434375
0.8440624999999999
0.8446875
0.8453125
0.8459375
0.8465625
0.8471875
0.8478125
0.8484375
0.8490624999999999
0.8496874999999999
0.8503125
0.8509375
0.8515625
0.8521875
0.8528125
0.8534375
0.8540624999999999
0.8546874999999999
0.8553125
0.8559375
0.8565625
0.8571875
0.8578125
0.8584375
0.8590625
0.8596874999999999
0.8603125
0.8609375
0.8615625
0.8621875
0.8628125
0.8634375
0.8640625
0.8646874999999999
0.8653124999999999
0.8659375
0.8665625
0.8671875
0.8678125
0.8684375
0.8690625
0.8696874999999999
0.8703124999999999
0.8709375
0.8715625
0.8721875
0.8728125
0.8734375
0.8740625
0.8746875
0.8753124999999999
0.8759375
0.8765625
0.8771875
0.8778125
0.8784375
0.8790625
0.8796875
0.8803124999999999
0.8809374999999999
0.8815625
0.8821875
0.8828125
0.8834375
0.8840625
0.8846875
0.8853124999999999
0.8859374999999999
0.8865625
0.8871875
0.8878125
0.8884375
0.8890625
0.8896875
0.8903125
0.8909374999999999
0.8915625
0.8921875
0.8928125
0.8934375
0.8940625
0.8946875
0.8953125
0.8959374999999999
0.8965624999999999
0.8971875
0.8978125
0.8984375
0.8990625
0.8996875
0.9003125
0.9009374999999999
0.9015624999999999
0.9021875
0.9028125
0.9034375
0.9040625
0.9046875
0.9053125
0.9059375
0.9065624999999999
0.9071875
0.9078125
0.9084375
0.9090625
0.9096875
0.9103125
0.9109375
0.9115624999999999
0.9121874999999999
0.9128125
0.9134375
0.9140625
0.9146875
0.9153125
0.9159375
0.9165624999999999
0.9171874999999999
0.9178125
0.9184375
0.9190625
0.9196875
0.9203125
0.9209375
0.9215625
0.9221874999999999
0.9228125
0.9234375
0.9240625
0.9246875
0.9253125
0.9259375
0.9265625
0.9271874999999999
0.9278124999999999
0.9284375
0.9290625
0.9296875
0.9303125
0.9309375
0.9315625
0.9321874999999999
0.9328124999999999
0.9334375
0.9340625
0.9346875
0.9353125
0.9359375
0.9365625
0.9371875
0.9378124999999999
0.9384375
0.9390625
0.9396875
0.9403125
0.9409375
0.9415625
0.9421875
0.9428124999999999
0.9434374999999999
0.9440625
0.9446875
0.9453125
0.9459375
0.9465625
0.9471875
0.9478124999999999
0.9484374999999999
0.9490625
0.9496875
0.9503125
0.9509375
0.9515625
0.9521875
0.9528125
0.9534374999999999
0.9540625
0.9546875
0.9553125
0.9559375
0.9565625
0.9571875
0.9578125
0.9584374999999999
0.9590624999999999
0.9596875
0.9603125
0.9609375
0.9615625
0.9621875
0.9628125
0.9634374999999999
0.9640624999999999
0.9646875
0.9653125
0.9659375
0.9665625
0.9671875
0.9678125
0.9684375
0.9690624999999999
0.9696875
0.9703125
0.9709375
0.9715625
0.9721875
0.9728125
0.9734375
0.9740624999999999
0.9746875
0.9753125
0.9759375
0.9765625
0.9771875
0.9778125
0.9784375
0.9790624999999999
0.9796874999999999
0.9803125
0.9809375
0.9815625
0.9821875
0.9828125
0.9834375
0.9840625
0.9846874999999999
0.9853125
0.9859375
0.9865625
0.9871875
0.9878125
0.9884375
0.9890625
0.9896874999999999
0.9903125
0.9909375
0.9915625
0.9921875
0.9928125
0.9934375
0.9940625
0.9946874999999999
0.9953124999999999
0.9959375
0.9965625
0.9971875
0.9978125
0.9984375
0.9990625
0.9996875000000001
