0.0025
0.0075
0.0125
0.0175
0.0225
0.0275
0.0325
0.0375
0.0425
0.0475
0.0525
0.0575
0.0625
0.0675
0.07250000000000001
0.07750000000000001
0.08249999999999999
0.08749999999999999
0.0925
0.0975
0.1025
0.1075
0.1125
0.1175
0.1225
0.1275
0.1325
0.1375
0.1425
0.1475
0.1525
0.1575
0.1625
0.1675
0.1725
0.1775
0.1825
0.1875
0.1925
0.1975
0.2025
0.2075
0.2125
0.2175
0.2225
0.2275
0.2325
0.2375
0.2425
0.2475
0.2525
0.2575
0.2625
0.2675
0.2725
0.2775
0.2825
0.2875
0.2925
0.2975
0.3025
0.3075
0.3125
0.3175
0.3225
0.3275
0.3325
0.3375
0.3425
0.3475
0.3525
0.3575
0.3625
0.3675
0.3725
0.3775
0.3825
0.3875
0.3925
0.3975
0.4025
0.4075
0.4125
0.4175
0.4225
0.4275
0.4325
0.4375
0.4425
0.4475
0.4525
0.4575
0.4625
0.4675
0.4725
0.4775
0.4825
0.4875
0.4925
0.4975
0.5025000000000001
0.5075000000000001
0.5125000000000001
0.5175000000000001
0.5225000000000001
0.5275000000000001
0.5325000000000001
0.5375000000000001
0.5425000000000001
0.5475000000000001
0.5525000000000001
0.5575000000000001
0.5625000000000001
0.5675000000000001
0.5725
0.5775
0.5825
0.5875
0.5925
0.5975
0.6025
0.6075
0.6125
0.6175
0.6225000000000001
0.6275000000000001
0.6325000000000001
0.6375000000000001
0.6425000000000001
0.6475000000000001
0.6525000000000001
0.6575000000000001
0.6625000000000001
0.6675000000000001
0.6725000000000001
0.6775000000000001
0.6825000000000001
0.6875000000000001
0.6925000000000001
0.6975
0.7025
0.7075
0.7125
0.7175
0.7225
0.7275
0.7325
0.7375
0.7425
0.7475000000000001
0.7525000000000001
0.7575000000000001
0.7625000000000001
0.7675000000000001
0.7725000000000001
0.7775000000000001
0.7825000000000001
0.7875000000000001
0.7925000000000001
0.7975000000000001
0.8025000000000001
0.8075000000000001
0.8125000000000001
0.8175000000000001
0.8225000000000001
0.8275
0.8325
0.8375
0.8425
0.8475
0.8525
0.8575
0.8625
0.8675
0.8725000000000001
0.8775000000000001
0.8825000000000001
0.8875000000000001
0.8925000000000001
0.8975000000000001
0.9025000000000001
0.9075000000000001
0.9125000000000001
0.9175000000000001
0.9225000000000001
0.9275000000000001
0.9325000000000001
0.9375000000000001
0.9425000000000001
0.9475000000000001
0.9525
0.9575
0.9625
0.9675
0.9725
0.9775
0.9825
0.9875
0.9925
0.9975000000000002
