0
0.0006204143509416259
0.001223111130875093
0.001817791357629342
0.002400052576546015
0.002970738157279391
0.00353452310553319
0.004093662346304384
0.004647120160459151
0.005195810426188852
0.005740542976965773
0.006282543105753163
0.006822422431633577
0.007360385027757693
0.007896478960929914
0.008430807545356205
0.008963562222577048
0.009494985495953519
0.01002529547409683
0.01055467143230192
0.01108325301602066
0.0116111655145794
0.01213851981410643
0.01266541774103446
0.01319195360586049
0.0137181989497827
0.01424423418947088
0.01477018703726435
0.01529615981158623
0.01582222662063176
0.01634836009520569
0.01687453082975757
0.01740074377362663
0.01792700595191919
0.01845332371188295
0.01897973948394825
0.01950629657360372
0.02003303006647854
0.02055997279036768
0.02108716217185212
0.02161464498315258
0.02214227833154729
0.02267004245713181
0.02319795795012423
0.0237260475864451
0.02425424365104971
0.02478248248531986
0.0253107673113176
0.02583908832949743
0.0263674306870063
0.02689579502108422
0.02742418462055226
0.02795260529369582
0.02848101924840545
0.02900942480392948
0.0295378288756175
0.03006623072050567
0.0305946393746779
0.03112306681734636
0.03165152992252541
0.03218004286672021
0.03270856687074933
0.03323709939726646
0.03376564622385558
0.03429421429595216
0.03482280721260709
0.03535143075843529
0.0358800833270686
0.03640875980215873
0.03693746230949845
0.03746619217203375
0.03799494858610497
0.03852373166404246
0.03905253737464745
0.0395813621484699
0.04011020885859896
0.04063907962984011
0.04116797422913274
0.04169689063137035
0.04222581724227711
0.04275475659740988
0.04328371067458162
0.04381268512026322
0.04434168300754941
0.04487070492375639
0.04539973904537017
0.04592878479176545
0.04645784387098295
0.04698692150866811
0.04751602072469556
0.04804514127286359
0.04857427512760475
0.04910342055525968
0.04963257950505723
0.0501617567203836
0.05069095497386873
0.05122017228598249
0.05174940357312719
0.05227864618591823
0.05280790143237574
0.05333717303685092
0.05386646414170746
0.05439577365263147
0.05492509564648076
0.05545442761238899
0.05598377138170162
0.05651313080020911
0.05704250845671767
0.05757190248419647
0.05810130800717138
0.05863072232972771
0.05916014617726496
0.05968958264135819
0.06021903632992526
0.06074850863435286
0.06127799442948147
0.06180748936819253
0.06233699505920318
0.06286651449892063
0.06339604964690161
0.06392559773025051
0.06445515421847567
0.06498471773441866
0.06551428940913476
0.06604387185817924
0.06657346951258492
0.06710308583342933
0.06763271810162194
0.06816235910985337
0.06869201017206605
0.06922167326383839
0.06975134885224413
0.07028103481509244
0.07081072500382252
0.07134042102923818
0.07187012414748618
0.0723998368101514
0.07292956290698134
0.0734593063072761
0.07398906791730754
0.07451883736122306
0.07504861534219551
0.07557840377087581
0.07610820119578079
0.07663800725762554
0.07716781543754873
0.07769762899069135
0.07822744873337835
0.07875727705700714
0.07928711743516782
0.07981697366305117
0.08034684716514116
0.0808767274303208
0.08140661526552044
0.08193651261764319
0.08246641842535196
0.08299633330961927
0.08352625318348056
0.08405617907113831
0.08458611171226268
0.08511604872979751
0.0856459379169001
0.08617575462563691
0.08670549674666631
0.08723517984583266
0.08776483950661987
0.08829450513635577
0.08882418578731945
0.08935390931226637
0.08988372963388913
0.09041377668863286
0.0909441233064144
0.09147474998800623
0.09200589788444991
0.09253736185101458
0.09306906258136007
0.09360085062377996
0.09413267664652705
0.09466452899906649
0.09519639368793972
0.0957282877066655
0.09626021572011979
0.09679218179574013
0.09732423322809858
0.09785639067253588
0.09838864622433488
0.09892102756041538
0.099453466396126
0.09998589539371754
0.1005183196192602
0.1010507430864227
0.1015831677667397
0.1021155934161624
0.1026480197340879
0.1031804471576505
0.1037128764743282
0.1042453087671081
0.1047777461617423
0.1053101913775077
0.1058426468656352
0.1063751154730408
0.1069075916938714
0.1074400753242967
0.1079725668031634
0.1085050454098102
0.1090375101972163
0.1095699589701987
0.1101023982895223
0.1106348339959646
0.1111672707408209
0.1116997103094266
0.1122321583845527
0.1127646275880227
0.113297110733271
0.1138296031999803
0.1143620838061543
0.114894553493494
0.1154270150606103
0.1159594730521119
0.1164919300034755
0.1170243869579019
0.1175568454228982
0.118089303377788
0.1186217622319613
0.1191542233364033
0.1196866854827684
0.1202191503894079
0.1207516197359875
0.1212840951513843
0.1218165602977442
0.1223490021946152
0.122881429242881
0.1234138464409784
0.1239462575965558
0.1244786639483905
0.125011069420972
0.125543476932177
0.1260758889715228
0.1266083086125163
0.1271407415602516
0.127673203764841
0.1282056728351312
0.1287381307620728
0.1292705819515713
0.1298030154010713
0.1303354361551085
0.1308678482419028
0.1314002553409807
0.1319326603622332
0.1324650651894233
0.1329974727558074
0.133529888132152
0.1340623105997145
0.1345947454237527
0.1351271753711769
0.135659587445434
0.1361919799840587
0.1367243559335872
0.1372567199029483
0.1377890758443876
0.1383214277684445
0.138853779894089
0.1393861352643291
0.1399184937151828
0.1404508566140873
0.140983231719993
0.1415156312228273
0.1420480517242962
0.1425804523095823
0.1431128273951065
0.1436451824422244
0.14417752357045
0.1447098557065305
0.1452421840078304
0.1457745107877609
0.1463068378241943
0.1468391655749873
0.1473715002736363
0.1479038582757052
0.1484362305980606
0.1489686260080716
0.1495010816763798
0.1500335679223381
0.150566110354802
0.1510986922475267
0.1516312948357228
0.1521638939261723
0.1526964976752656
0.1532290981755012
0.153761705252161
0.1542943721144496
0.1548271378728456
0.1553599484247751
0.1558929589109048
0.1564260967074606
0.1569593848255867
0.1574930083299827
0.158026703022459
0.1585607315623619
0.1590951166890953
0.1596296558603382
0.1601646506574482
0.1607003222604698
0.1612361477983798
0.1617724685835845
0.1623096370200987
0.1628474657654807
0.1633856584680635
0.1639245817113965
0.1644644917700841
0.1650054953907848
0.1655471154290088
0.1660895058832081
0.1666328398643299
0.1671771993742861
0.1677226007460142
0.1682690282231786
0.1688164097123131
0.1693646407010124
0.1699137458292791
0.1704637412674231
0.1710146594562022
0.1715665694821258
0.1721195446996052
0.1726735209382401
0.1732282720410062
0.1737838817489422
0.1743404390431989
0.1748980274741645
0.1754567179951621
0.1760164855619119
0.1765770218789124
0.1771384299898311
0.1777007956861899
0.1782641923938711
0.1788286825662392
0.1793943186459916
0.1799608057883718
0.1805281175234321
0.1810963495182798
0.1816655783528665
0.1822358687533876
0.1828072757470744
0.1833798453938099
0.1839531867069532
0.1845273820354057
0.1851025212179306
0.1856786714744788
0.1862558878366617
0.1868342168993412
0.187413646941511
0.1879938221009149
0.1885748333082255
0.1891567732074437
0.1897397113045575
0.1903236990445271
0.190908778925919
0.1914949464285895
0.1920818448786123
0.1926695559588492
0.1932581610968833
0.1938477390446322
0.1944383459291798
0.1950300223569919
0.1956228017889597
0.1962163489322958
0.1968106740232524
0.1974058493125224
0.1980019450610905
0.1985990275319583
0.1991971442890552
0.1997963282725712
0.2003964347357807
0.2009972711399058
0.2015989046631382
0.2022013984560177
0.2028048142838351
0.2034092073569791
0.2040146210854645
0.2046210807642994
0.2052283601598081
0.2058363699676885
0.206445168349905
0.2070548085348979
0.2076653419126445
0.2082768094834385
0.2088892465562198
0.2095026686705952
0.2101169227591795
0.2107318495671986
0.2113474928232439
0.2119638890652528
0.2125810697192684
0.2131990610143862
0.2138178783904569
0.2144375261405562
0.2150579996604228
0.2156791345669093
0.2163008065934758
0.2169230310502085
0.2175458181218601
0.2181691706414028
0.2187930815460489
0.2194175370842449
0.2200425188144244
0.2206680011703392
0.221293950768729
0.2219203281673063
0.2225470938436312
0.223174095752864
0.2238012639689724
0.2244285699602297
0.2250559827409761
0.2256834906834846
0.22631109176385
0.2269387717732266
0.2275665034023042
0.2281942562725817
0.2288220124494338
0.2294497486252622
0.2300774456214097
0.2307050899155093
0.2313326700621123
0.2319601140266361
0.2325874190796895
0.233214571029256
0.2338415633436748
0.2344683933496601
0.2350950611363535
0.2357215686252582
0.2363479195244298
0.2369741161006306
0.2376001444469742
0.2382260037240132
0.2388516708494988
0.2394771251945346
0.2401023786756279
0.2407274430683145
0.2413523298500902
0.2419770495248134
0.2426016021402221
0.2432259913927655
0.2438502257172984
0.2444743059566701
0.2450981963475573
0.2457219105441473
0.2463454611062955
0.2469688588991978
0.2475921133685388
0.2482152268189664
0.2488382000577007
0.2494610407814238
0.2500837559036664
0.2507063108441709
0.2513287168257574
0.2519509851474631
0.2525731254345596
0.2531951458673704
0.2538170511564494
0.2544388405089217
0.2550605203665843
0.2556820972518052
0.2563035510912799
0.2569248828926017
0.257546102158212
0.2581672168536301
0.2587882339134107
0.2594091593449946
0.2600299930805293
0.2606507393841515
0.2612714037887354
0.2618919804912826
0.2625124591692777
0.2631328474187781
0.2637531516601327
0.264373377925094
0.2649935316950794
0.2656136179822999
0.2662336375620795
0.2668535941603424
0.2674734923755268
0.268093318068216
0.2687130727557158
0.2693327617930913
0.2699523906067908
0.2705719650289176
0.2711914909356593
0.2718109697155603
0.2724304027480042
0.2730497931574329
0.2736691410613449
0.2742884345001244
0.2749076782638745
0.2755268768263886
0.2761460366708425
0.2767651617525847
0.2773842554982036
0.2780033182501059
0.2786223500316221
0.2792413521411033
0.2798603172427604
0.280479243412911
0.2810981352568928
0.2817169982238451
0.282335835734794
0.2829546513217566
0.2835734477526775
0.2841922346786566
0.2848110202662212
0.2854298108180242
0.2860483886299085
0.2866666119829461
0.2872845863341617
0.287902366287633
0.2885201485097161
0.289137878016572
0.2897459196248208
0.2903481041590357
0.2909479579709121
0.2915369972181461
0.292120988470575
0.292702141702542
0.2932780734803397
0.2938492546936829
0.2944176786890632
0.2949858395050852
0.2955503954950329
0.2961126814127366
0.296674557271043
0.2972346087824014
0.2977932446914869
0.2983515573840219
0.2989098710913861
0.2994672208574247
0.3000240988587462
0.3005810402671428
0.3011378418891919
0.3016944103674688
0.3022511530544273
0.302808186462505
0.3033656110346211
0.3039235800902523
0.3044817281978021
0.3050401537018347
0.3055991185883921
0.3061582560914552
0.3067176522543515
0.3072774574614864
0.3078378490288498
0.3083989681923743
0.3089604797981385
0.3095224825138601
0.3100849684477999
0.310647832461621
0.3112109747056919
0.3117743244352867
0.3123378280017239
0.3129014642349704
0.313465226516435
0.3140291156707057
0.314593141190702
0.3151573160069455
0.3157216607363965
0.3162861951182665
0.316850799161784
0.3174154836803817
0.3179802395865036
0.3185450644798693
0.3191099673459559
0.3196749879880779
