0
0.004225771273642583
0.007199469476685069
0.01000192894102474
0.01269559661956773
0.01522145278339081
0.0176809360923988
0.02012545784600789
0.02252488481727258
0.02488402600280931
0.02724069766941701
0.02959684661303004
0.0319364961902747
0.03428044985211547
0.03662267406239491
0.03896153648169375
0.04129590478943858
0.04361744965218505
0.04594425358141278
0.04824767945907062
0.05054830272402003
0.05284655279419626
0.05513029368969063
0.05741474290567
0.05969401552727512
0.0619649935577907
0.0642365995853313
0.0665041453517341
0.06876574309616397
0.07102829696531854
0.0732870155618556
0.07554138205821676
0.07779698695701918
0.08004885593733224
0.08229778790883081
0.08454812349462461
0.08679646039597502
0.08904267280372327
0.09128980429512056
0.09353560692088127
0.09577985592936925
0.09802468863567187
0.1002698425375734
0.1025136906083899
0.10475766597698
0.1070029256752449
0.1092471226202543
0.1114913882522674
0.1137366111773351
0.1159825561466436
0.1182284135156866
0.120474473744033
0.1227211135127924
0.124968780672111
0.1272172925264597
0.1294664691270301
0.1317165680226781
0.1339667472884676
0.1362176208947327
0.1384695315676667
0.140722182720756
0.1429751574008086
0.1452289246021481
0.1474835571474802
0.1497388224199133
0.1519945274464996
0.1542507545867519
0.1565074128926641
0.1587644592933741
0.1610217888570473
0.1632792840085318
0.1655369022046273
0.1677946675079368
0.1700525783283075
0.1723106448449068
0.1745686963208043
0.1768266746034457
0.1790845999152409
0.1813424223875552
0.1836003610442878
0.1858583076755438
0.1881161454316673
0.1903738793508157
0.1926316084195002
0.194889531854915
0.1971473261521564
0.1994050730075674
0.201662839339347
0.2039207584173327
0.206178713363147
0.2084366378694209
0.210694612775175
0.2129527504153212
0.2152110536058511
0.2174693642053365
0.2197277194428833
0.221986219605481
0.2242449668791817
0.2265037463346294
0.2287625808648411
0.231021516102757
0.2332806355099042
0.2355398945302599
0.2377991998036827
0.2400585830996354
0.2423181036027615
0.2445778391735803
0.2468376244447873
0.2490974659627472
0.2513574021589239
0.2536174951934367
0.2558777294738716
0.2581380165092521
0.2603983750322184
0.2626588437637463
0.2649194914215737
0.2671802221195155
0.2694410112345148
0.2717018828935882
0.2739628870908214
0.2762240569711426
0.2784852719263646
0.280746552308716
0.2830079315745438
0.2852694638070015
0.2875310778747077
0.2897927454630528
0.2920544866383215
0.2943163408147355
0.2965783327664505
0.2988403627030454
0.3011024487772133
0.3033646177257985
0.3056269147539996
0.3078892673313964
0.3101516645174479
0.3124141262781371
0.3146766831493081
0.3169393580066083
0.3192020686335795
0.3214648271463366
0.3237276517845226
0.3259905759294346
0.3282536062133597
0.3305166678133079
0.3327797749919846
0.3350429410627204
0.3373062053332649
0.3395695612663993
0.3418329406288825
0.3440963573053692
0.3463598280171807
0.3486233640196083
0.3508868789354267
0.3531503606440308
0.3554138536064422
0.3576773847438539
0.3599410262313951
0.3622049009098907
0.3644691428978549
0.3667339149430366
0.3689995344779189
0.3712665843324488
0.3735359185014003
0.3758085366768051
0.3780855936301737
0.3803692007650211
0.3826643512012908
0.3849774175143496
0.387317957044732
0.3896795316551671
0.3920567351045869
0.3944546160612607
0.3968797757934694
0.3993367926224302
