-4.95
-4.850000000000001
-4.75
-4.65
-4.550000000000001
-4.45
-4.350000000000001
-4.25
-4.15
-4.050000000000001
-3.95
-3.850000000000001
-3.75
-3.65
-3.55
-3.45
-3.350000000000001
-3.25
-3.15
-3.05
-2.95
-2.85
-2.75
-2.65
-2.55
-2.45
-2.35
-2.25
-2.15
-2.05
-1.95
-1.85
-1.75
-1.65
-1.55
-1.45
-1.35
-1.25
-1.15
-1.05
-0.9500000000000002
-0.8500000000000005
-0.75
-0.6500000000000004
-0.5499999999999998
-0.4500000000000002
-0.3499999999999996
-0.25
-0.1500000000000004
-0.04999999999999982
0.04999999999999982
0.1500000000000004
0.25
0.3499999999999996
0.4500000000000002
0.5499999999999998
0.6500000000000004
0.75
0.8499999999999996
0.9500000000000002
1.05
1.15
1.25
1.35
1.45
1.55
1.65
1.75
1.85
1.95
2.05
2.15
2.25
2.35
2.45
2.55
2.65
2.75
2.85
2.949999999999999
3.050000000000001
3.15
3.25
3.35
3.449999999999999
3.550000000000001
3.65
3.75
3.85
3.949999999999999
4.050000000000001
4.15
4.25
4.35
4.450000000000001
4.550000000000001
4.65
4.75
4.85
4.950000000000001
