0
0.01094959537264447
0.02183818571013733
0.03272057876464117
0.04360840630070408
0.05450497148978233
0.06537590880489152
0.07623309376403908
0.08709394032011072
0.09794289265199904
0.1087752871216279
0.1196089726784449
0.130426973023735
0.1412346353537508
0.1520459670497969
0.1628537049125688
0.1736557900376538
0.1844624442376861
0.195273956771191
0.2060903359883291
0.2169139082323576
0.2277440882044242
0.2385804245124232
0.2494170879779883
0.2602563289421417
0.2710998238733189
0.2819468881186497
0.2927968410643846
0.3036491449216315
0.3145036459167744
0.325360181897846
0.336218662109023
0.3470790199144605
0.3579411688014699
0.3688050411242836
0.3796269859596512
0.3904384296702186
0.4012319963815661
0.4119868920304957
0.4227333288663189
0.4334801173982654
0.4442218350341924
0.4549476970567132
0.4656680038689064
0.4763889251894293
0.4871142916145126
0.4978456887162291
0.5085741461404664
0.5193015936115427
0.5300295210521571
0.5407582931591504
0.5514901015639334
0.5622268063334425
0.5729694431483106
0.5837185209606172
0.5944742087887399
0.605237209330872
0.6160083370160375
0.6267824665453809
0.6375571125934718
0.6483328227468503
0.6591097779684871
0.6698887031850248
0.6806705848229019
0.6914560328175274
0.7022454270791786
0.7130389615679752
0.7238366401886203
0.7346381004961221
0.7454433639345991
0.7562525679529568
0.7670661447364984
0.7778743581158466
0.7886605202270242
0.7994389272685191
0.8102151483372676
0.8209870053622551
0.8317473188696856
0.8425023205858836
0.8532562939635845
0.8640115188456192
0.8747688841713321
0.8855289810949429
0.8962918370826674
0.9070552535260012
0.9178199878794628
0.9285863557726373
0.939354552894667
0.9501246841906996
0.960896878816155
0.9716713410301878
0.9824479446309264
0.9932267918625081
1.00400802345913
1.014791782705138
1.025578169276284
1.036366770403472
1.047158007208695
1.057951028357747
1.068744350668763
1.079537742204128
1.090331300080743
1.101125311358986
1.111920147003081
1.122716196614631
1.133514052957322
1.144314639849456
1.155118595831319
1.16592654043036
1.176739347371876
1.187552742308897
1.198358067392157
1.209158735186866
1.219957639020397
1.230757984533973
1.241560240687488
1.252364459350218
1.263171205731514
1.273980468222383
1.284791528426015
1.29560411614519
1.306419006863735
1.317232693172944
1.328046532997597
1.338861604827726
1.349678029598013
1.360495612331908
1.371314229405086
1.382133716077885
1.392954001028191
1.403775335967619
1.414597722325384
1.425420295609623
1.436242766841662
1.447065407592039
1.457888317119672
1.468710942328545
1.479533366702265
1.490355768490694
1.501178471063456
1.512001671846634
1.522825638614437
1.533644542848747
1.544460857005912
1.555277283777178
1.566095992083172
1.576911483370895
1.587724070037159
1.598535868211868
1.609347429601629
1.620161409903753
1.630979800221876
1.641802500153164
1.652629465198354
1.663460573763691
1.674294179837486
1.685129546188729
1.695967296449365
1.706807990261946
1.717648228657754
1.728488122046412
1.739327960558754
1.750168253538272
1.761009293918024
1.7718509116377
1.782692748250331
1.793534462572382
1.804375781839792
1.815216665593267
1.826057247318056
1.836897842954527
1.847738878255908
1.858579404157943
1.869419188072593
1.880258646092325
1.891092343894882
1.901917788297141
1.912740148348715
1.923562638930518
1.934387462706671
1.945216985709519
1.956048792850965
1.966877563734569
1.977706297747578
1.988537020488162
1.999369859212575
2.010205249409188
2.021043572195844
2.031884950551806
2.042727741082361
2.053571055023172
2.064414958931696
2.07525978826337
2.086104934315283
2.096950464775775
2.107796544396532
2.118643305712754
2.1294908542317
2.140338884245854
2.151187274758915
2.162037198127138
2.172889287726639
2.183741061198585
2.194592675370059
2.205444325006102
2.216296476028677
2.227149795381546
2.238004758612116
2.248861715888527
2.259721027776811
2.270583226243484
2.281448226724538
2.292312305291232
2.303175464209172
2.314037899931549
2.324899804347897
2.335761352330547
2.346622568483258
2.357483353897661
2.368343641698016
2.379203413417451
2.390062667438314
2.400921503486902
2.411780275757059
2.422638813729397
2.433496505309883
2.444353877075269
2.455211145139848
2.466068469525165
2.476925883854155
2.487783384372232
2.49864095392245
2.509498562228099
2.520356374726349
2.531214767128307
2.542073770594634
2.552933362944065
2.563793361141433
2.574653735475409
2.585514400798713
2.596375424713134
2.607236873870627
2.618098802951042
2.628961206267296
2.639823820435199
2.650686537325977
2.66154909983702
2.672411466435826
2.68327378506756
2.694136476426
2.705000523726004
2.7158667349136
2.726735828697933
2.737604985708232
2.748474199593331
2.759343623311875
2.77021367336183
2.78108481574812
2.791957475982677
2.80283191278309
2.813708513742744
2.824587583957379
2.835469437887467
2.846354258162917
2.857242299617359
2.86813141542423
2.879020767738233
2.889910560188095
2.900801142049515
2.91169264772387
2.922585326717477
2.933479276898668
2.944374551575138
2.955271190163891
2.966169223612132
2.977068724840342
2.987969668668322
2.99887202609603
3.009775821234906
3.020681095656219
3.0315879571994
3.042496563312567
3.053407071257114
3.064318938565021
3.075231028464603
3.086143491548776
3.097056403560388
3.107969845196155
3.118883870726562
3.129798507052512
3.140713883653242
3.151630111224724
3.162547204466197
3.173465119998608
3.184383885188451
3.19530355607913
3.206224174423828
3.217145871466047
3.228068156812683
3.238990695205571
3.249913530647889
3.260836690177745
3.271760189317713
3.282684026469324
3.293608238651686
3.304532815709271
3.315457731448284
3.326383001260058
3.337308669476952
3.348234807432911
3.359161481226262
3.370088730168407
3.381016490166203
3.391944529802184
3.402872817208813
3.41380133263435
3.424730071922426
3.435659029978484
3.446588205485735
3.457517599390374
3.468447202748409
3.479377029517439
3.490307103482257
3.501237451911656
3.512168100011071
3.523099083409459
3.534030465334435
3.544962133324364
3.555893971189203
3.566825975839394
3.5777581511377
3.58869050436219
3.599623043966745
