0
0.0005475184523662229
0.001093163978690647
0.001638738170090657
0.002184296668892153
0.002730068213593736
0.003276108014940435
0.003822342022405342
0.004368110361912367
0.004913886204601371
0.005459852749078386
0.006006013248058734
0.006552347187798477
0.007098675733272307
0.007645088614181934
0.008191593102436358
0.008738152149011084
0.009284769862844136
0.009831448482660737
0.01037815414651505
0.01092489439218931
0.01147167154488351
0.0120184823466851
0.01256532437441332
0.01311219676780315
0.01365794290326501
0.01420294253555377
0.01474477530546281
0.01528570155333817
0.01582402231971961
0.01636083684873136
0.01689716023384471
0.01743077562079352
0.01796399456114288
0.0184968788713782
0.01902818045264951
0.01955937333375747
0.02009090938620127
0.02062156404173288
0.02115215340194159
0.02168294328442373
0.02221403077029237
0.02274545737057409
0.0232769340781511
0.02380860282124784
0.02434055502744076
0.0248728018265488
0.02540538704612848
0.02593833267317133
0.02647158862178619
0.02700510202733286
0.0275388411900791
0.02807278770393284
0.02860693063708105
0.02914126492317329
0.02967579530558092
0.03021052533429044
0.03074546268227354
0.03128061893168732
0.0318159363185566
0.03235128133802405
0.03288667222570191
0.03342212112255194
0.03395763974951848
0.03449323599220765
0.03502891643465713
0.03556468410803119
0.0361005430845605
0.03663650902723174
0.0371725896555881
0.03770877907380955
0.03824507666834615
0.03878148905991228
0.03931802585882697
0.03985470930985979
0.04039149773108185
0.04092831849385756
0.04146517587156006
0.04200207537069864
0.04253902021976184
0.0430760133572743
0.04361305790225095
0.04415015729565983
0.04468731507445334
0.04522453115182725
0.04576180982845075
0.04629849640969608
0.0468344587405155
0.0473702412556361
0.04790501053422643
0.04843932499964986
0.04897356202123805
0.04950766627706103
0.05004139069157704
0.05057501290248991
0.05110860312045962
0.05164223934664844
0.05217591892330967
0.05270960947873666
0.05324331199106465
0.05377702734653582
0.05431081250914972
0.05484452255945211
0.05537815883814075
0.05591183849729855
0.05644560212609864
0.05697943325666761
0.05751332365464037
0.05804727669514236
0.05858128722316171
0.05911534827238302
0.05964942692559591
0.06018351020962037
0.06071760435789565
0.0612517176722844
0.06178586387782385
0.06232005446779272
0.06285427934059377
0.06338854827141081
0.0639229550165886
0.06445737785254679
0.0649917644383302
0.06552611304938133
0.0660605019409907
0.06659501930967589
0.06712972760938861
0.06766468139218702
0.06819993265276464
0.06873521661339195
0.06927052411815321
0.06980591011276814
0.07034139808808594
0.07087699504989561
0.07141270523079889
0.07194853717893158
0.07248450323022138
0.0730206080324321
0.07355684839568287
0.07409321906097326
0.07462971522344618
0.07516633555360482
0.07570308077880465
0.07623994644933689
0.07677693280677707
0.07731376932135083
0.077850236523548
0.07838668727131719
0.07892324619612728
0.07945993065236072
0.07999677723786551
0.0805336166624538
0.08107048039098419
0.0816074228192205
0.08214443899118756
0.0826815868799109
0.08321878623832699
0.08375596944966771
0.0842930517789591
0.08483001142291859
0.08536686841163003
0.08590363912963168
0.08644030083701591
0.08697684949464068
0.0875133076683668
0.08804967670747034
0.08858598738407972
0.0891222495960269
0.08965834975965074
0.09019432136085027
0.0907301734837867
0.09126591119196918
0.09180155366125062
0.09233712615987104
0.09287268836104123
0.09340826666380135
0.09394384698071087
0.09447939898143085
0.09501488871768807
0.09555032143056486
0.09608569911238835
0.09662103974867441
0.09715636091466157
0.09769167281044649
0.09822695663270124
0.09876221271048177
0.09929744938533035
0.0998326740285596
0.1003679016184556
0.1009031631893305
0.1014384440639417
0.1019737314356188
0.1025090398839375
0.1030443849325326
0.1035797807302502
0.1041152408733065
0.1046507392342901
0.1051862685161442
0.1057218258307424
0.1062573846064743
0.1067929241587637
0.1073285014371679
0.1078641871991304
0.1084000281346035
0.1089360642166854
0.1094722009619846
0.1100083396344732
0.1105444958893206
0.1110807059792658
0.1116169828689038
0.1121533358805382
0.1126897747727509
0.1132263161863735
0.1137629801564291
0.1142997783825547
0.1148367213572427
0.1153738194911248
0.1159110820593491
0.1164485114225307
0.1169861138058615
0.1175237863557419
0.1180614869939268
0.1185991925532145
0.1191368785278117
0.1196745347339189
0.1202121609416383
0.1207497683412048
0.1212873750357219
0.1218249448012507
0.1223624222494873
0.122899817968425
0.1234371475431282
0.1239744305065279
0.1245116840668929
0.1250489269265568
0.1255861046837472
0.1261231968958786
0.1266602099772271
0.1271971475746131
0.1277340098570574
0.1282707922162277
0.1288074925578713
0.1293441183558187
0.1298806815064165
0.1304172124452484
0.1309537332168506
0.1314901875736342
0.1320265578999453
0.1325628464389286
0.1330989811970752
0.1336350839576462
0.1341709358156246
0.1347066342767628
0.1352423806941457
0.1357782258262098
0.1363140851160112
0.1368499727247078
0.1373858422586181
0.1379216745042174
0.1384574718857519
0.1389932411501223
0.1395289964996874
0.1400647433386908
0.1406004869051306
0.1411362333312344
0.1416719887466062
0.1422077418663742
0.1427434917193666
0.1432792681232704
0.1438150492982533
0.1443508355978897
0.1448866375881931
0.1454224688920861
0.1459583408476484
0.1464942626857235
0.1470302354903004
0.1475662532229476
0.1481022854352614
0.1486383076911545
0.1491743016412861
0.1497103044416244
0.150246376448448
0.1507825576482751
0.1513188846161748
0.1518553948492375
0.1523920212093227
0.1529286537184824
0.1534652948734287
0.1540019841027806
0.1545387339090763
0.1550755518742626
0.1556124485653757
0.1561494382128784
0.1566865304396718
0.1572237345543753
0.1577610611382706
0.1582985203474009
0.1588361225204209
0.1593738740302717
0.1599117246870356
0.1604486234073437
0.1609851215563241
0.1615215495058878
0.1620579388489561
0.1625939710189049
0.1631299083194491
0.1636658986087094
0.1642019682737078
0.1647381637242557
0.16527449607672
0.1658109647993799
0.1663474787409113
0.1668840440653562
0.1674206764073024
0.1679573758375509
0.1684941502684456
0.1690309934955047
0.1695678990601045
0.170104870885239
0.1706419194380445
0.1711790418908297
0.1717162280368218
0.1722533681877802
0.1727904730153682
0.1733275705447538
0.1738645843549854
0.1744015256669475
0.1749383983421635
0.1754752020762612
0.1760119366579019
0.1765486065713303
0.1770852313183003
0.177621840460498
0.1781584554591057
0.1786950871141283
0.1792317316904714
0.1797683735311932
0.1803049911139904
0.1808416038720811
0.1813782032105085
0.1819147919134736
0.1824513750612662
0.182987957165759
0.1835245398016845
0.1840611252327705
0.1845977112308771
0.185134311959128
0.1856709389476123
0.1862075705051648
0.1867442115767805
0.1872808711823328
0.1878175590470884
0.1883542821461736
0.1888910409344098
0.1894277723529197
0.1899645550345877
0.1905010931455268
0.1910374447684907
0.1915738288841958
0.1921102952257185
0.1926468691435858
0.1931835702992491
0.1937204148500942
0.1942573731916751
0.19479443040986
0.195331571653475
0.1958687818400966
0.1964060663907404
0.1969434342314159
0.1974808714184196
0.1980183269168687
0.1985558003273672
0.1990933091539927
0.1996308793145112
0.2001685164844934
0.2007062004160155
0.2012439175954928
0.2017816608719207
0.2023194266160099
0.2028572110202226
0.2033950119893278
0.2039328244141978
0.2044706398012875
0.2050084524423958
0.205546261012976
0.2060840738045724
0.2066218990764528
0.2071597504708952
0.2076976568799064
0.2082355825540567
0.2087735250496693
0.2093114907301819
0.2098494866638778
0.2103875221366907
0.2109256066818735
0.2114637465619612
0.2120019328977005
0.2125400267366662
0.2130780299161409
0.2136159501682143
0.2141537942096331
0.2146915776659474
0.2152293371419124
0.2157670959291678
0.2163047861486745
0.216842415868622
0.2173799895079829
0.21791750618508
0.2184549657917392
0.218992371785833
0.2195297508097981
0.2200671219255431
0.2206044979695005
0.2211418837874141
0.2216792733198695
0.2222166583877979
0.2227540338184447
0.2232914109115675
0.2238287867713006
0.2243661613222779
0.2249035397738238
0.2254409225160089
0.2259783131676709
0.2265157123472318
0.2270531212367805
0.2275905559406713
0.2281279974186078
0.2286654484463467
0.2292029130665607
0.2297403976770945
0.2302779070298417
0.2308154382269642
0.2313529922069218
0.2318906028702885
0.2324283302312939
0.2329660478522483
0.2335037384039572
0.2340414208765874
0.2345791267605526
0.2351168827944173
0.2356547249313755
0.2361926859385167
0.2367307914765662
0.2372690651646829
0.2378074474307258
0.238345835163477
0.2388842360156798
0.2394226809754358
0.2399611780358123
0.2404997315663165
0.2410383466730998
0.2415770339559375
0.2421158027639105
0.2426546568608506
0.2431935983980906
0.2437326328220183
0.2442717678083456
0.2448110118321673
0.2453503738869277
0.2458898610211498
0.2464294796936234
0.2469692382964502
0.2475090615857443
0.2480488961428691
0.2485887476253921
0.2491285386122842
0.24966824432947
0.250207856142358
0.2507473712684908
0.2512867890841567
0.2518261212084892
0.2523653786843951
0.2529045750367952
0.2534437387821552
0.2539828032563237
0.2545217769877134
0.2550606663347792
0.2555994726064557
0.2561381970832883
0.2566768432095317
0.2572154185199588
0.2577539414994657
0.2582924464615991
0.2588309583413447
0.2593694895058365
0.2599079960282185
0.2604464697674237
0.2609849105410619
0.261523314476117
0.2620616864614796
0.2626000412820773
0.263138386991441
0.2636767282402059
0.2642150681930043
0.2647534087968219
0.2652917515509455
0.2658301008134361
0.2663684645681682
0.2669068405145923
0.2674452259479417
0.267983619793972
0.2685220277763556
0.2690604577378163
0.2695989200049843
0.2701374096057435
0.2706759195231557
0.271214452053653
0.27175300808337
0.2722915856893771
0.2728301671211799
0.2733687363710098
0.273907315213265
0.2744459502930172
0.274984680140921
0.275523537304124
0.2760624598342211
0.2766013736099188
0.2771402836590361
0.2776792205935932
0.2782181978728874
0.2787572248282872
0.2792963177524291
0.2798355007131234
0.2803747932007037
0.2809142095996308
0.281453764633709
0.2819934684657928
0.282533331680259
0.2830732644977382
0.2836132088459415
0.2841531713478165
0.2846931748058617
0.2852332249651392
0.2857733253377946
0.2863134855471695
0.2868537157068438
0.2873940204460539
0.287934403135691
0.2884748664244124
0.2890154120990001
0.2895560412544519
0.290096755397609
0.290637557082644
0.2911784505614194
0.2917194399095052
0.2922605315743659
0.2928017162087054
0.2933429033248213
0.2938840988093963
0.2944253072467956
0.2949665356756796
0.2955077889440787
0.2960490710045768
0.296590385698104
0.2971317354294497
0.2976731008493049
0.2982144231733499
0.298755729535487
0.2992970326523114
0.2998383325101937
0.3003796131252385
0.3009208533875293
0.3014620445157733
0.3020031856276641
0.3025442813004344
0.303085353764201
0.3036264207295214
0.3041674929472963
0.3047085753310323
0.3052496690772915
0.3057907720498004
0.3063318824726636
0.3068730008387388
0.3074141288324325
0.3079552693521117
0.3084964206623648
0.3090375863588111
0.3095787726745561
0.3101199907230522
0.3106612326830993
0.3112024941752952
0.3117437776615731
0.3122850842750167
0.3128264127615787
0.3133677442115845
0.3139090581468806
0.3144503827649798
0.3149917651118692
0.3155332393791085
0.3160748364356906
0.3166164574337218
0.3171580753194009
0.3176997019517814
0.3182413592980117
0.3187830564627142
0.3193248006816271
0.3198666132826636
0.3204085183775892
0.3209505353776206
0.321492677619481
0.322034957502507
0.3225773144433082
0.3231196877871768
0.3236620790557024
0.3242044894687128
0.3247469085694831
0.3252893340550936
0.3258317641208312
0.3263742003255375
0.326916646876975
0.3274591073334172
0.3280015842380909
0.3285440796558311
0.3290865964735403
0.3296291380017201
0.3301717096738383
0.3307143203546886
0.3312569660484926
0.3317996195890601
0.3323422836105375
0.3328849599023822
0.33342764946453
0.3339703531538801
0.334513072605088
0.3350558100914894
0.3355985678629715
0.3361413485523697
0.3366841546453067
0.337226988638281
0.3377698551897904
0.338312761862965
0.3388557156786607
0.3393986738527023
0.3399416399879507
0.3404846158855677
0.341027603501406
0.3415706055134477
0.3421136239523624
0.3426566604605899
0.343199716818717
0.34374279469342
0.3442858961917657
0.3448290244323501
0.3453721821774867
0.3459153722777544
0.3464585879333417
0.3470018110545162
0.3475450427365182
0.3480882845794021
0.3486315381256225
0.3491748049376336
0.3497180862445438
0.3502613828305759
0.3508046956922715
0.3513480264198932
0.3518913770986394
0.3524347500708545
0.3529781466154445
0.3535215633140979
0.3540649885330607
0.3546084211493193
0.3551518626675217
0.3556953145411668
