0
6.681531047810609e-05
0.0001274588026425966
0.0001852804287687201
0.0002403115376553314
0.0002933620309685843
0.0003452496520510141
0.0003962599576282522
0.0004464602365284116
0.0004959813409695819
0.0005450304803297531
0.0005937623418347269
0.0006422050791753902
0.0006903197984516813
0.0007380572616820659
0.0007854674082449842
0.0008326290633105612
0.000879561268727349
0.0009262883684558102
0.0009728356210580118
0.001019237378166571
0.00106552078857744
0.001111707816995594
0.00115781445113922
0.001203853443352424
0.001249836627205592
0.001295775025471726
0.001341678308886179
0.00138755604381793
0.001433416141369251
0.001479265210080583
0.001525108763164036
0.00157094785515275
0.00161678812410088
0.001662631609535624
0.001708477305086905
0.001754324504247832
0.001800170867864031
0.001846021642643038
0.001891883408842724
0.001937760614558344
0.00198365588042331
0.002029571946941408
0.002075510728888072
0.002121474005264713
0.002167464808791054
0.0022134839273239
0.002259532074677407
0.002305609745838182
0.002351717564609879
0.002397849767740293
0.002443992488848064
0.00249014448774441
0.00253630485495269
0.002582473827324295
0.002628652249083388
0.00267483512084314
0.002721014253841335
0.002767188231042262
0.002813358265292126
0.00285952561466885
0.00290569086391712
0.002951855031885436
0.002998019379699372
0.003044185083529832
0.003090352652571586
0.003136523058596978
0.003182697357054149
0.003228875865488605
0.003275058212213766
0.003321241182064141
0.003367425273962606
0.003413611161811854
0.003459798873115632
0.003505988373291889
0.003552178475626031
0.003598367842733582
0.003644554287363425
0.003690728574654765
0.003736891336399148
0.003783050237853617
0.003829209339965241
0.003875369255440818
0.003921534859989681
0.003967715701791647
0.004013933301825713
0.004060182725809136
0.00410647583759719
0.00415285488689169
0.004199381650899448
0.004246002966066059
0.004292770832323104
0.004339631541425869
0.004386538457381646
0.004433455271654054
0.004480378904027669
0.004527307786215454
0.004574228979755154
0.004621145204290886
0.004668058271201612
0.004714971049908393
0.004761884515135865
0.004808799930229031
0.004855720252275316
0.004902653642148748
0.004949599577677774
0.004996562458565644
0.005043534532048908
0.00509051270369836
0.005137492857043485
0.005184468548363616
0.005231440982276335
0.005278408365559004
0.005325370901080023
0.00537232922621928
0.005419284750006147
0.005466238744283882
0.005513191627577999
0.005560142651659163
0.00560709470538355
0.005654051967599133
0.005701029542824674
0.005748022698045415
0.005795035137647605
0.005842095309720399
0.005889165486366111
0.005936287850253907
0.005983432337100578
0.006030609376251356
0.006077876308432891
0.006125141631128526
0.006172459944731382
0.006219898314359027
0.006267348534948147
0.006314866548396309
0.006362523018734504
0.006410262505257845
0.006458060190218594
0.006505997532897475
0.006554118357895276
0.006602334311023551
0.006650654365335615
0.006699138166195469
0.00674781432413126
0.006796686579675879
0.00684569382198416
0.006894849086909427
0.006944167286456156
0.006993656473664112
0.007043325995157628
0.007093189576030783
0.007143192315067207
0.007193326481857553
0.007243611578075745
0.007294068173981083
0.007344715476226203
0.007395545594304372
0.007446484497030155
0.007497563626938654
0.007548805995438967
0.007600230673685885
0.007651854209452217
0.007703643439843008
0.007755552759822659
0.007807610669765176
0.007859838523466346
0.007912253128843982
0.00796486883570153
0.00801767015581465
0.008070591935495199
0.008123658774835976
0.008176891717713158
0.008230306273546276
0.008283915440465681
0.008337730755617218
0.008391657513423047
0.008445715492606837
0.008499924759540348
0.00855430474741135
0.008608869080747343
0.008663629116465744
0.00871853661938791
0.008773562849992712
0.008828726110324437
0.008884044279669184
0.008939534400498828
0.008995210312845366
0.009051082549733998
0.009107074385285808
0.009163190321662303
0.009219446451877117
0.009275858591159571
0.009332441239711931
0.009389208768079466
0.009446170593534803
0.009503241502325805
0.009560437679629375
0.009617773549521789
0.009675262476489256
0.009732917734042489
0.009790751455095748
0.009848775273861387
0.009906910535329053
0.009965168474289739
0.01002356253568009
0.01008210476863148
0.01014080629186943
0.0101996782958539
0.01025873098060084
0.01031791335598539
0.01037721269522587
0.01043664204758258
0.01049621295754533
0.01055593573751778
0.01061581975539161
0.01067587422678454
0.01073608862578997
0.01079641210921481
0.01085685686289892
0.01091743446271662
0.01097815515440025
0.01103902799486413
0.01110006111281982
0.01116126198361147
0.01122259696233307
0.01128404393563943
0.01134561344197561
0.01140731542745539
0.01146915929617753
0.01153115335041248
0.0115933049322612
0.01165562065334889
0.01171806205271092
0.0117806163569787
0.01184329233719993
0.01190609867141269
0.0119690435745275
0.01203213492982115
0.01209537971750155
0.0121587841254481
0.01222231875384768
0.01228596590251462
0.01234973310316651
0.01241362768249489
0.01247765692375368
0.01254182787312353
0.01260614729691189
0.01267062129806852
0.01273524128630863
0.01279997193377324
0.01286482046659839
0.01292979344879411
0.01299489700349153
0.01306013720734329
0.01312552012159622
0.01319105152317665
0.01325673677598143
0.01332254558982875
0.01338846848557969
0.01345451168250576
0.01352068101050392
0.01358698174760468
0.01365341909330849
0.01371999839359748
0.01378672494116993
0.01385360399982254
0.01392059551364335
0.01398770322723189
0.01405493310521033
0.01412229078456658
0.01418978158888421
0.01425741027386933
0.01432518144561911
0.01439309952298943
0.01446116661110257
0.01452934639081648
0.01459764397347246
0.01466606384591548
0.01473460976570437
0.0148032847548725
0.01487209118652689
0.01494103092195237
0.01501010546865469
0.01507931608334902
0.01514865689291889
0.0152181034122397
0.01528765791228068
0.01535732269106747
0.01542710033098629
0.01549699368751854
0.01556700591655703
0.01563714041334867
0.01570740074611098
0.01577779058486322
0.01584830129481972
0.015918914614483
0.01598963493204593
0.01606046651963622
0.01613141343197208
0.0162024793464051
0.01627366739398214
0.01634497990148804
0.01641641817938731
0.01648798229412578
0.01655966955608408
0.01663145864102216
0.01670334836143967
0.01677533519806624
0.01684741313808356
0.01691957256515653
0.01699180125865696
0.01706406980359071
0.01713634148040612
0.01720845313154144
0.01728038842580586
0.01735215905516831
0.01742375627854201
0.01749518720388431
0.01756644725336818
0.01763754401592604
0.01770847346643788
0.01777924666309976
0.01784985454284367
0.0179203141007742
0.01799060851012758
0.01806076990491342
0.01813076904439413
0.01820063612006587
0.01827037634957784
0.01833998326553139
0.01840948515544909
0.01847887719049245
0.0185481604918154
0.01861735624104088
0.0186864777457308
0.01875550625306728
0.01882445559720215
0.01889333780688679
0.01896215967111399
0.01903092668961529
0.01909963441326617
0.0191682780226938
0.01923686240259844
0.01930539174109384
0.01937386976452618
0.01944229990129573
0.01951068435835175
0.01957902218155509
0.01964730937658428
0.01971554815907849
0.01978373929344521
0.01985188256831188
0.01991997990581622
0.01998803219516844
0.02005603981653932
0.02012400259290048
0.02019191982816248
0.0202597914262607
0.02032761765109335
0.02039539835400753
0.02046313392295646
0.02053082542994849
0.02059847196618543
0.02066607099096667
0.02073362497684984
0.02080113636125336
0.02086860761589501
0.0209360423776488
0.02100344338132698
0.02107080428553986
0.02113812580958499
0.02120541062662248
0.02127266174584761
0.0213398819599796
0.02140707435089731
0.02147424056655008
0.02154137602746726
0.02160848420867223
0.02167556815895304
0.02174262975054453
0.021809670462383
0.02187669153915512
0.02194369281494914
0.02201067048126191
0.02207762594913594
0.02214456017364996
0.02221147391952217
0.02227836783979486
0.02234524120722868
0.02241209383690411
0.0224789255409067
0.0225457364127111
0.02261252645715509
0.02267929560184892
0.02274604351184631
0.02281276984291413
0.02287947264240746
0.02294615202997165
0.02301280849915712
0.02307944256310018
0.02314605512633405
0.02321264694371858
0.02327921891804553
0.02334577224319985
0.02341230821414377
0.02347882573201436
0.0235453234828483
0.02361180256071064
0.02367826399639582
0.02374470897641739
0.02381113879005853
0.02387755450874246
0.02394395619536552
0.02401034229674534
0.0240767130843803
0.02414306945022822
0.02420941233990941
0.02427574263365234
0.02434206126284773
0.02440836859868063
0.02447466240035773
0.02454094384348043
0.02460721392884838
0.02467347305907653
0.0247397224954756
0.02480596345194168
0.02487219689855976
0.0249384209438638
0.02500463628385902
0.02507084417688171
0.02513704506914953
0.0252032399856248
0.02526943155238667
0.02533562139872549
0.02540180539774274
0.0254679864710691
0.02553416956864454
0.02560036095412519
0.02566655295998273
0.0257327449026772
0.0257989427467463
0.02586515372127462
0.02593138460239637
0.0259976209440789
0.02606386412101617
0.02613012145275588
0.02619639989766012
0.02626270372064734
0.02632902858579922
0.02639536442802918
0.02646171828100189
0.02652809658678397
0.02659450294601465
0.026660939704983
0.02672740490921946
0.02679388899876996
0.02686039778367653
0.02692693498000691
0.02699350335147786
0.02706010456853013
0.02712673953721955
0.0271934079702013
0.02726010282669349
0.0273268269797866
0.02739358296491101
0.02746037259750641
0.02752719684409243
0.027594056678975
0.02766095354998244
0.02772788586049698
0.02779484950343823
0.02786184657402899
0.02792887885571036
0.02799594750486508
0.02806305399599237
0.02813020060337634
0.02819738991463357
0.02826461296181662
0.02833187113119363
0.02839916650161593
0.02846650054091821
0.02853387508408826
0.02860129282977116
0.02866875647704938
0.02873626000401958
0.02880380042540868
0.02887138012653632
0.02893900081548055
0.0290066646852661
0.02907437459901225
0.02914213323137043
0.02920993865436924
0.02927778240365919
0.02934566677618437
0.02941359390929288
0.02948156635794472
0.02954958696424148
0.0296176582810891
0.02968578251920445
0.02975394707639021
0.02982215252032181
0.02989040166705923
0.02995869723972092
0.03002704196226452
0.03009543831776597
0.03016388834410139
0.03023238677772507
0.03030092575670933
0.0303695077452615
0.03043813625913809
0.03050681411216564
0.03057554374650443
0.03064432722577901
0.03071316621303806
0.03078205015992687
0.03085097644867307
0.03091994804098957
0.03098896856110106
0.03105804072829609
0.03112716677063655
0.03119634850909326
0.03126558741877303
0.0313348724566447
0.03140420178786049
0.03147357842763469
0.03154300597555229
0.03161248706111754
0.03168202376044712
0.03175161773604141
0.03182127034024767
0.03189097245856289
0.03196072031655063
0.032030516856256
0.03210036552890049
0.03217026896565237
0.03224022911485692
0.03231024749814989
0.03238032535054613
0.03245045567215373
0.03252063230908413
0.03259085803931489
0.0326611358278857
0.03273146878361052
0.03280185877981935
0.03287230716114906
0.03294281499827705
0.0330133773058287
0.03308398528854747
0.03315464158487422
0.03322534871408334
0.03329610920520101
0.03336692556750766
0.03343779935312253
0.03350873151842397
0.03357972027862557
0.03365075340648714
0.0337218336217717
0.03379296353092077
0.0338641455223863
0.03393538199101737
0.03400667504828091
0.03407802655749352
0.03414943743526747
0.0342209010162463
0.03429241152323146
0.03436397157017179
0.0344355835484951
0.03450724971549683
0.03457897215416475
0.03465075272888709
0.03472259268832836
0.03479449269294422
0.03486644269703588
0.03493844073735635
0.0350104891755751
0.03508259008441008
0.03515474528054387
0.03522695647964951
0.03529922506650431
0.03537155247319913
0.03544393935628967
0.03551637321622114
0.03558885510365247
0.03566138724276036
0.03573397155229161
0.03580660964962192
0.0358793029486319
0.03595205275558871
0.03602486015048346
0.03609772638965879
0.03617064029828768
0.03624360185997066
0.03631661323483216
0.03638967623592487
0.03646279236384677
0.03653596285682033
0.03660918877195642
0.0366824711072752
0.03675581085459867
0.03682920107036557
0.03690263778197395
0.03697612319752599
0.03704965912052627
0.03712324700449842
0.037196888026559
0.03727058317610962
0.03734433332839572
0.03741813932472636
0.03749199999689892
0.03756590547945917
0.03763985789501333
0.03771385914879678
0.03778791082453255
0.0378620141495988
0.03793617010704059
0.0380103795441778
0.03808464324846113
0.03815896211354911
0.03823332999291631
0.03830774305580121
0.03838220303700506
0.03845671150320765
0.03853126981383619
0.0386058791099767
0.03868054029517019
0.03875525414601541
0.03883002142188313
0.0389048430480535
0.03897971104655577
0.03905462411156763
0.03912958381707698
0.03920459139362702
0.03927964798546388
0.03935475463457192
0.03942991226166338
0.03950512164499446
0.03958038355530009
0.03965569891672242
0.03973106027775627
0.03980646623401012
0.03988191828548222
0.03995741745944523
0.04003296468692094
0.04010856088610861
0.04018420696871227
0.040259903766812
0.04033565207771655
0.04041145281896979
0.04048730088131364
0.04056319279421786
0.04063912997463852
0.04071511347955572
0.04079114406325393
0.04086722248656528
0.04094334955528162
0.04101952612584287
0.04109575303913819
0.04117203122053943
0.04124835948613211
0.04132473063453605
0.0414011460648471
0.04147760687374818
0.04155411379897666
0.04163066744704385
0.04170726848498597
0.04178391768324344
0.04186061588057969
0.04193736405177374
0.04201416324380715
0.04209100760634211
0.04216789518872163
0.04224482711058711
0.04232180421714531
0.04239882708383057
0.04247589624807983
0.0425530123437414
0.0426301761584665
0.04270738861134566
0.04278465079256793
0.04286196385881733
0.04293931955058792
0.04301671852230811
0.04309416164129661
0.04317164952140578
0.04324918257099273
0.04332676119141299
0.04340438588897365
0.04348205729646426
0.04355977623097691
0.04363754367273564
0.04371535596484959
0.04379320876782996
0.04387110319471686
0.04394904027705466
0.04402702109715787
0.0441050469545259
0.04418311951553514
0.04426124092638303
0.04433941385749242
0.04441764153791709
0.0444959278169764
0.04457427764751169
0.04465269556437678
0.04473118561508543
0.04480974240740111
0.04488830284948008
0.04496679394810048
0.04504525122207666
0.04512367460925806
0.04520206873565221
0.04528047554500284
0.04535872040245671
0.0454360998085323
0.04551242307183608
0.04558825480607466
0.04566326713377546
0.04573767444552882
0.04581169246953957
0.04588506979805643
0.04595801713888052
0.04603075729470867
0.04610293983769016
0.04617485910873644
0.04624651828442185
0.04631782168043965
0.04638901449730438
0.0464599593444873
0.04653073848807277
0.04660149758604916
0.04667202852666609
0.04674247597271303
0.04681290033642472
0.04688315906172341
0.04695340101388344
0.04702364703811802
0.04709379398604133
0.04716390692907912
0.04723399378917978
0.04730403657517813
0.04737403415638091
0.04744402179452627
0.04751401479815906
0.0475839920260931
0.04765394527448009
0.04772394757154558
0.04779393340542395
0.04786393939570654
0.04793396088350713
0.04800397014578747
0.04807400926513975
0.04814403059974764
0.04821407532138745
0.04828410794472297
0.04835415996249321
0.04842418938784623
0.04849422041682547
0.04856421885839143
0.04863420068707946
0.04870417804743296
0.0487741415283568
0.04884408954097252
0.04891400892365109
0.04898390283079442
0.04905376676274898
0.04912362068666754
0.04919345276623304
0.04926326904364999
0.04933304956410352
0.04940279930990837
0.04947252172189393
0.04954221659564109
0.04961190405776988
0.04968157034847734
0.04975121877893743
0.04982082736447705
0.04989040391299073
0.049959953306544
0.05002948158127744
0.05009900401372629
0.05016851078030377
0.05023799916718051
0.05030745399663911
0.05037687808028505
0.05044628206500171
0.05051566922233372
0.0505850511887723
0.05065442622486015
0.05072378317305113
0.05079311475633235
0.05086241675006486
0.05093170213138822
0.05100097238072055
0.05107023707319354
0.05113949884041482
0.05120874579990027
0.05127797766078949
0.051347181327092
0.05141637138615477
0.05148554461806241
0.05155471242308723
0.05162388017112082
0.05169303917748851
0.05176219477497507
0.05183132508928071
0.0519004458099543
0.05196955078900213
0.05203865150116569
0.0521077554532034
0.05217685835661653
0.05224596860332051
0.0523150570052705
0.05238413618217787
0.05245320201886681
0.05252226784007501
0.05259134363410071
0.05266041929585218
0.05272950551193212
0.05279858418678444
0.05286765533197797
0.05293671836007042
0.05300578396165771
0.05307486528447884
0.05314394702110711
0.05321304194745917
0.05328214311902614
0.05335123852922215
0.05342033123656219
0.05348942707550688
0.05355853833223582
0.05362765610736343
0.05369678798393795
0.05376593682120569
0.05383508207237182
0.05390423051918567
0.05397338169875885
0.0540425484775559
0.05411172745065766
0.05418092008298722
0.05425013852995041
0.05431935629195922
0.05438858359059417
0.05445781307374579
0.05452705895978564
0.05459632122142174
0.05466559648604695
0.05473490294187799
0.05480421128476533
0.05487353390503511
0.05494285844350712
0.05501219955577152
0.05508156109056367
0.05515093477253755
0.05522033970741055
0.05528974865148727
0.05535917306304724
0.05542860143973079
0.05549804548123598
0.05556751199361877
0.05563698950384133
0.05570649715163887
0.0557760087333875
0.05584553526896262
0.05591506700979718
0.05598461322237496
0.05605418166980179
0.05612375979777161
0.05619336538965645
0.05626297437007959
0.05633259711438451
0.05640222565517956
0.05647186748072083
0.05654153095966252
0.05661120234672838
0.05668089607273451
0.05675059269991193
0.05682030193775854
0.05689001755303227
0.05695974478484311
0.05702949036746584
0.05709924210440775
0.05716901054461627
0.05723878114746554
0.05730856367703135
0.05737835326584564
0.0574481520421514
0.05751796669595555
0.05758778608056489
0.05765761881430975
0.05772745320637625
0.05779729958149699
0.05786715370173537
0.05793701698279793
0.05800689539182805
0.05807677770584115
0.05814667166734428
0.058216566814163
0.05828647292293523
0.05835638498634471
0.05842630462230582
0.0584962359166987
0.05856617021555326
0.05863611272860816
0.05870605209058862
0.05877599670577011
0.05884593892256649
0.05891588494795441
0.05898583663352241
0.05905578976399971
0.05912574703359096
0.05919569697108238
0.05926564505555337
0.05933558893725227
0.05940553455081211
0.05947548191442291
0.05954542890094713
0.05961537679203372
0.05968531877106099
0.05975525875305584
0.05982519155459839
0.05989512318714901
0.0599650498332346
0.06003497250348556
0.06010489038768003
0.06017480502968863
0.06024471628223479
0.06031461606650301
0.06038450789727857
0.06045439139670513
0.06052426891898442
0.06059413589009561
0.06066399904394119
0.06073385634473331
0.06080370185865025
0.06087353743385198
0.06094336283150257
0.06101318130571019
0.06108298583414699
0.06115278100347729
0.06122256370593115
0.06129233679733804
0.06136210638154851
0.06143186619970447
0.06150162057425201
0.06157135890498977
0.06164108501610946
0.06171079593231771
0.06178049549625511
0.06185019318017597
0.06191988294230111
0.06198956801474174
0.06205924426016721
0.06212891008267407
0.06219856627709437
0.06226820913226302
0.06233784837522963
0.06240747859858724
0.06247710332057006
0.06254672467922823
0.06261633749464411
0.06268594720808111
0.06275554426296275
0.06282513721294021
0.06289472339206745
0.06296430358955295
0.06303388633633487
0.06310346235281647
0.06317303792564076
0.06324259976939031
0.06331214885613225
0.06338167772225579
0.06345114301906381
0.06352057292213695
0.06359001692652635
0.0636595190954863
0.0637291663277564
0.06379912233096337
0.06386924866468527
0.06393955872550959
0.06401007320390795
0.06408069562599025
0.06415150954596086
0.06422248080257741
0.06429356157685547
0.06436484859592187
0.06443629947095642
0.06450786991471329
0.06457966335703146
0.06465160533619256
0.06472368758540693
0.0647960054746916
0.06486844727219278
0.06494105863524283
0.06501387826504373
0.06508682287112193
0.06515995849537105
0.06523328951446826
0.06530674671570176
0.06538041850632058
0.06545426732389104
0.06552827802814915
0.06560251622211404
0.06567688396229361
0.06575143730773488
0.06582619523079777
0.06590108846968261
0.06597620611455188
0.06605148735150074
0.06612694242260977
0.06620261311838758
0.06627841681911459
0.0663544250509943
0.06643062093238618
0.06650698590452633
0.066583573284845
0.06666029587541554
0.06673721910801968
0.06681433344407726
0.06689161616037077
0.06696912320261203
0.06704676923102082
0.06712462866197734
0.0672026645457499
0.06728086863599002
0.06735929830630039
0.0674378768631882
0.06751669989687292
0.06759566185901439
0.06767480876325085
0.06775416317907586
0.06783368155674807
0.06791343109219278
0.06799332832526617
0.06807346003181725
0.06815368416233321
0.06823383772360542
0.06831385860198783
0.06839380389613373
0.06847363836569829
0.0685533644700507
0.06863298371618125
0.06871246674693764
0.06879188276095305
0.06887116123702665
0.06895036767176388
0.06902946033599019
0.06910846116150404
0.06918736993638999
0.06926615965743056
0.06934487177906207
0.06942345185449159
0.06950196199129484
0.06958036324502827
0.0696586736149178
0.06973688451998152
0.06981498739784953
0.0698930238917657
0.06997094115669165
0.07004878380365082
0.07012652594401213
0.07020418536251793
0.07028176431154483
0.07035923583001688
0.07043664352077637
0.0705139240266328
0.07059113671841008
0.07066825208086726
0.07074528586743296
0.07082225474274281
0.07089912113474456
0.0709759361955991
0.07105263048323091
0.07112926543253946
0.07120579560692696
0.07128224657641682
0.07135862801869577
0.07143491346153684
0.0715111526722453
0.07158729011535693
0.07166337405858124
0.07173935332094808
0.07181526212448876
0.07189108782325775
0.07196682385654081
0.07204251089439309
0.07211809714108806
0.07219363093465841
0.0722690765024644
0.07234445941463115
0.07241975447970059
0.072494967009334
0.07257012848870617
0.07264519736676817
0.07272021904085434
0.07279516307556012
0.07287005064826453
0.07294486645797556
0.07301960865768929
0.07309429015050262
0.07316888433687481
0.07324342931199451
0.07331789827133324
0.0733923166757631
0.07346667933121812
0.07354097875826204
0.07361522603671822
0.0736893947222462
0.07376351943261783
0.07383755301268981
0.07391153591486586
0.07398544784562318
0.07405930385315966
0.07413310874006977
0.07420684601652822
0.07428054748341398
0.07435416850086676
0.0744277481379458
0.07450124936856845
0.07457469734873205
0.07464808737213337
0.07472141695294274
0.07479470035214346
0.07486791115363958
0.07494108202113216
0.07501417992161157
0.07508723186811411
0.07516022331153283
0.07523316374488978
0.07530605393668713
0.07537888314304138
0.07545167766256188
0.07552440575578291
0.07559709525760068
0.07566972825068238
0.07574231730122349
0.07581485542254461
0.07588734264984796
0.07595978295802301
