0
1.670382761952652e-05
3.186470066064915e-05
4.632010719218004e-05
6.007788441383285e-05
7.334050774214608e-05
8.631241301275352e-05
9.906498940706305e-05
0.0001116150591321029
0.0001239953352423955
0.0001362576200824383
0.0001484405854586817
0.0001605512697938475
0.0001725799496129203
0.0001845143154205165
0.0001963668520612461
0.0002081572658276403
0.0002198903171818373
0.0002315720921139525
0.0002432089052645029
0.0002548093445416428
0.0002663801971443601
0.0002779269542488984
0.0002894536127848049
0.0003009633608381061
0.0003124591568013981
0.0003239437563679315
0.0003354195772215448
0.0003468890109544824
0.0003583540353423128
0.0003698163025201457
0.000381277190791009
0.0003927369637881876
0.0004041970310252201
0.000415657902383906
0.0004271193262717263
0.000438581126061958
0.0004500427169660078
0.0004615054106607594
0.0004729708522106811
0.000484440153639586
0.0004959139701058272
0.0005073929867353514
0.0005188776822220152
0.0005303685013161728
0.0005418662021977553
0.00055337098183096
0.0005648830186693281
0.0005764024364595089
0.0005879293911524327
0.0005994624419350826
0.0006109981222122914
0.0006225361219373676
0.0006340762137417514
0.0006456184568379654
0.0006571630622830191
0.000668708780220154
0.0006802535634693116
0.0006917970577797487
0.0007033395665215689
0.0007148814044110939
0.0007264227179728151
0.000737963762526203
0.0007495048537595006
0.0007610462847737552
0.0007725881809436494
0.0007841307878550275
0.0007956743661930792
0.0008072189935995027
0.000818764548549597
0.0008303102278120391
0.0008418561319087258
0.0008534024692443425
0.0008649493189462035
0.0008764967471147538
0.0008880448043339906
0.0008995936456399672
0.0009111434513173411
0.0009226942994886872
0.0009342462693574872
0.000945799477323702
0.0009573540853899722
0.0009689100628871725
0.0009804664862309615
0.0009920232566874743
0.001003580396695317
0.001015137941047438
0.001026695834013559
0.001038254001491316
0.001049812463322042
0.001061371191400057
0.001072930262121608
0.001084489784502181
0.001096049843124532
0.001107610535658979
0.001119171945338009
0.001130733662635255
0.001142295541910528
0.001153857647342378
0.001165419965813825
0.001176982534074121
0.001188545443619517
0.001200108873352797
0.001211672955478906
0.001223237790544633
0.001234803409329382
0.00124636994710149
0.001257937194745679
0.001269504892925443
0.001281072956450545
0.001292641227947688
0.001304209718231885
0.00131577850252946
0.001327347746163874
0.001338917335104567
0.001350487219135384
0.001362057390220582
0.001373627861182924
0.001385198688333098
0.001396769947039388
0.001408341726927716
0.001419914021210251
0.001431486763319021
0.001443059689123418
0.001454632836911689
0.001466206206759554
0.001477779817174678
0.001489353747317457
0.001500928101899822
0.001512502946960561
0.0015240783426092
0.001535654396876314
0.001547230856541994
0.001558807654741938
0.001570384753009491
0.001581962112085031
0.001593539655745199
0.001605117420550845
0.001616695504449833
0.001628273971541466
0.001639852652512089
0.001651431581001772
0.001663010762976464
0.001674590217950238
0.001686170009277765
0.001697750221786073
0.0017093309403454
0.001720912148835578
0.001732493715216939
0.001744075533665546
0.001755657602068879
0.001767239914490165
0.001778822429283638
0.00179040517149021
0.001801988229039912
0.001813571705740719
0.00182515565156484
0.001836739876642334
0.001848324377828678
0.001859909123250228
0.001871494117610598
0.001883079386396742
0.001894664873309522
0.001906250633600694
0.001917836697384876
0.001929422916492137
0.001941009326013681
0.001952595933299741
0.001964182760280095
0.001975769864563905
0.001987357323434496
0.001998945221759983
0.002010533578018762
0.002022122350992301
0.002033711377414697
0.002045300643620762
0.002056890117611361
0.002068479729140047
0.002080069488458893
0.002091659474961455
0.002103249784039959
0.002114840408480007
0.002126431249061013
0.002138022309713816
0.002149613583822498
0.002161205085344598
0.002172796858401037
0.002184388918131146
0.002195981260876194
0.002207573899664831
0.00221916667831606
0.00223075962629821
0.002242352747502392
0.002253946059087165
0.002265539596605702
0.002277133421258006
0.002288727556634176
0.002300322070610117
0.002311916932884001
0.002323512033218641
0.002335107351568442
0.002346702863219021
0.002358298559677322
0.002369894395027736
0.002381490404125835
0.002393086659398568
0.002404683106757918
0.002416279707523187
0.002427876475521536
0.002439473421861132
0.002451070570038698
0.002462667968539359
0.002474265681613857
0.002485863745555182
0.002497462166097469
0.002509060756538763
0.002520659522652704
0.002532258459664984
0.002543857539202828
0.002555456734797777
0.002567056101126659
0.002578655709214296
0.002590255644359662
0.002601855766256361
0.002613456075810763
0.002625056564154214
0.002636657223565376
0.002648258081210702
0.002659859130277346
0.002671460362205787
0.002683061829388145
0.002694663406256852
0.002706265106625671
0.00271786694121201
0.002729468923163532
0.002741071083201714
0.002752673468979393
0.002764276140687841
0.002775879127466887
0.002787482471737267
0.002799086007209494
0.002810689719284016
0.002822293590368736
0.002833897575512574
0.002845501638964504
0.00285710582618392
0.002868710204441278
0.00288031479094213
0.002891919512500289
0.002903524380248688
0.002915129400438269
0.002926734582431712
0.002938339958664303
0.002949945568184867
0.002961551415320527
0.002973157515974176
0.002984763719055553
0.002996370043577772
0.003007976492261275
0.003019583075925803
0.003031189805274368
0.003042796708990676
0.003054403818794379
0.003066011192876078
0.003077618812216577
0.003089226599035664
0.00310083453821348
0.003112442613229875
0.003124050828312192
0.003135659151349764
0.003147267588545796
0.003158876187251095
0.003170484889522384
0.003182093693047504
0.003193702612905057
0.003205311657205693
0.00321692084955161
0.003228530227366099
0.003240139834965425
0.003251749724829215
0.003263359903757832
0.003274970254992302
0.003286580743884143
0.003298191354956758
0.003309802036305827
0.003321412784138373
0.003333023641041283
0.003344634664266745
0.00335624590050458
0.003367857264557491
0.003379468760582932
0.003391080385282168
0.003402692141639361
0.00341430405231885
0.003425916136074481
0.00343752836557176
0.00344914075847759
0.003460753214178929
0.003472365756970519
0.003483978393841546
0.003495591134883814
0.003507204005828306
0.003518817037750658
0.003530430233697795
0.00354204362305912
0.00355365722340279
0.003565270960854095
0.00357688485359533
0.003588498906808347
0.003600113151804754
0.00361172761751607
0.003623342340399086
0.003634957401470085
0.003646572887918186
0.003658188916113386
0.003669804346952557
0.003681418242203385
0.003693030497900014
0.003704640815235455
0.003716249053969557
0.003727855355870821
0.003739460130873926
0.003751063995157754
0.003762667704887254
0.003774271583279895
0.003785875661959603
0.003797480299429407
0.00380908621013408
0.003820694930708177
0.003832306400769372
0.003843921564000189
0.003855543260522054
0.003867175384963638
0.003878822106906722
0.003890483336022483
0.003902159488170659
0.003913853568400173
0.003925564217851892
0.00393728835064229
0.00394901650023648
0.003960746590847553
0.003972478232680999
0.003984210977507765
0.003995945095197614
0.004007680831801624
0.004019417939354355
0.004031157365953273
0.004042898219914272
0.004054641162253537
0.00406638542845546
0.004078130918518491
0.004089877536236096
0.004101624584641093
0.004113372160454093
0.004125120062956548
0.004136868248099339
0.004148616739654546
0.004160365671866188
0.004172114935749505
0.004183865067477606
0.004195615613123105
0.00420736706479481
0.004219119257541052
0.004230872365038485
0.004242626095882291
0.00425438062353862
0.004266135465587724
0.004277890696242006
0.004289646168412177
0.004301401711391226
0.004313157336576294
0.00432491298948457
0.004336668653945309
0.004348424382868038
0.004360180171179917
0.004371936064859868
0.004383692211708315
0.004395448676703672
0.004407205409922043
0.004418962714853122
0.004430720288126177
0.004442478405827619
0.004454236765841233
0.004465995430802791
0.004477754315697784
0.004489513275250576
0.004501272325937998
0.004513031432193846
0.004524790550793734
0.004536549729728777
0.004548308999698177
0.004560068369490439
0.004571827969023099
0.004583587925201874
0.004595348138556215
0.004607108963844329
0.004618870059327584
0.004630631686168819
0.004642393555226148
0.004654155713251439
0.004665918072745556
0.004677680503776716
0.0046894430087216
0.004701205551498056
0.004712968106935846
0.004724730720261805
0.004736493435261869
0.004748256252009826
0.004760019292486135
0.004771782813218804
0.004783546610017578
0.004795311042801982
0.004807075848236236
0.004818841227857411
0.004830606859803277
0.004842372775881601
0.004854138860941235
0.004865905006516149
0.004877671118898994
0.004889437208615327
0.004901203264464716
0.004912969308205316
0.004924735367632646
0.004936501485626458
0.004948267729905005
0.004960034061028881
0.004971800597484741
0.004983567366262806
0.004995334336353809
0.005007101494777147
0.005018868799392204
0.005030636044895452
0.005042403162407069
0.005054170080553263
0.005065936882952205
0.005077703542311449
0.005089470123507829
0.005101236678940373
0.005113003216976311
0.005124769756764751
0.005136536326083339
0.005148302964515449
0.005160069782690766
0.005171836714039794
0.005183603829410598
0.005195371052619536
0.005207138309868125
0.005218905359039457
0.00523067222356692
0.005242438907928962
0.005254205490477514
0.005265971936055367
0.005277738321592041
0.00528950469461217
0.005301271072915757
0.005313037500049187
0.005324804040701393
0.005336570666552089
0.00534833748624905
0.005360104583470304
0.005371871870516885
0.005383639352026287
0.005395406801665268
0.005407174065058848
0.005418941100306494
0.005430707972627654
0.005442474745208438
0.005454241385491046
0.00546600798086853
0.005477774571771037
0.005489541180754391
0.005501307846551579
0.005513074670734036
0.00552484164379051
0.005536608815358481
0.005548376349337698
0.005560144077878682
0.005571912031231519
0.005583679801708526
0.005595447399749346
0.005607214758437193
0.005618981982148104
0.005630749128259271
0.005642516168751915
0.005654283185733705
0.005666050219116919
0.005677817280876416
0.005689584412721222
0.005701351713874297
0.005713119336526525
0.005724887168017225
0.005736655416850036
0.005748423866946505
0.005760192221213355
0.005771960315909252
0.005783728131913319
0.005795495734135776
0.005807263201164622
0.005819030578143357
0.005830797864318597
0.005842565136008461
0.005854332422575071
0.005866099740004315
0.005877867127935497
0.00588963468572012
0.00590140255718392
0.005913170627243314
0.005924939045236813
0.005936707033741368
0.005948474640363384
0.005960241839214295
0.0059720087109198
0.005983775369808693
0.005995541890016904
0.006007308266489449
0.006019074562195489
0.006030840849534477
0.006042607169414104
0.006054373531937054
0.006066139978196827
0.006077906604680192
0.006089673662065824
0.00610144095037738
0.006113208631495427
0.006124976038142599
0.006136743093982493
0.006148509936750219
0.006160276518019395
0.006172042933868862
0.006183809263084166
0.006195575571784941
0.006207341898343435
0.006219108249067379
0.006230874659507045
0.006242641217104814
0.00625440817420177
0.006266175366874751
0.006277943024619057
0.006289711294219768
0.006301479119631766
0.006313246497155924
0.006325013401756753
0.006336779921386442
0.006348546193720889
0.006360312299361693
0.006372078306341171
0.006383844282318282
0.006395610258327846
0.006407376245598081
0.006419142285005328
0.006430908445278187
0.00644267474647663
0.006454441267541146
0.006466208265494875
0.006477974778075465
0.006489740756511126
0.006501506307158341
0.0065132715793267
0.006525036665325732
0.006536801655849732
0.006548566616403479
0.006560331545560529
0.006572096467642969
0.006583861467446771
0.00659562657530407
0.006607391824364992
0.006619157290411916
0.006630923226009171
0.006642689943220806
0.006654457142487554
0.006666225221546842
0.006677993733390584
0.00668976196461417
0.006701529938231004
0.006713297701761335
0.006725065297736189
0.006736832703664453
0.006748600003809145
0.006760367287066692
0.00677213465137064
0.006783902672723277
0.006795671010472716
0.00680744002433884
0.006819210446930494
0.006830981620936362
0.006842754287704191
0.006854528004728391
0.006866302760332168
0.006878079274166118
0.00688985614062705
0.006901636388337636
0.006913416635470849
0.006925199095900179
0.006936986435788311
0.006948774264820465
0.006960566379836714
0.006972365314740673
0.006984165710577628
0.006995971927330877
0.007007787725958467
0.007019606019075438
0.007031430213700036
0.007043264244835166
0.007055106274799073
0.007066952431941382
0.007078807472284073
0.007090673664211282
0.007102549506158738
0.007114430578067921
0.007126320674904849
0.007138221536028287
0.007150133865018928
0.007162057273111222
0.007173989009359792
0.007185929830452564
0.007197880362066573
0.007209840853407146
0.007221811668473196
0.007233793305121651
0.007245786337694757
0.007257787468034622
0.007269797248423857
0.007281816643213828
0.007293846752308963
0.007305888555114983
0.007317939508053596
0.007329998576733734
0.007342066921706038
0.007354145732870286
0.007366236072614269
0.007378337137240266
0.007390446080401135
0.007402564012454709
0.007414692045366291
0.007426831231970735
0.007438982519391091
0.007451142487379059
0.007463310801250947
0.007475488545913855
0.007487676819555704
0.007499876629324523
0.007512086502601612
0.007524303655699788
0.007536529406871704
0.007548764912495232
0.007561011212936059
0.007573269277203531
0.007585534241282945
0.007597806489239565
0.007610087526705591
0.007622378592975239
0.007634680733204611
0.007646994022846501
0.007659313491396961
0.007671640519174036
0.00768397655795326
0.007696322823196285
0.007708680408321723
0.007721048435197685
0.007733422842047555
0.00774580508141997
0.007758196498757456
0.007770598257569122
0.007783011433135355
0.00779543411298093
0.007807863265466604
0.007820300282772315
0.007832746498678085
0.007845203095345057
0.007857671132349623
0.007870147270763447
0.007882629894687342
0.007895120334923589
0.007907619943974499
0.007920129946840786
0.007932651426338503
0.007945179748836174
0.007957714556816825
0.007970257156451414
0.007982808851501912
0.007995370933193535
0.008007944486525765
0.008020524040841883
0.00803311007371651
0.008045703872815259
0.008058306698754186
0.008070919882347418
0.008083544507283382
0.008096174453986344
0.008108810817544517
0.00812145487553231
0.008134107849547571
0.008146771118295435
0.008159445654889129
0.008172124993748002
0.008184810638669385
0.008197503868798726
0.008210205864217168
0.008222918075119061
0.008235641251665593
0.008248369138218145
0.008261103234122798
0.008273844821862343
0.008286595089285649
0.008299355450384557
0.008312127024401577
0.008324903257634051
0.008337685643603357
0.008350475468144512
0.008363273922542831
0.008376082375276853
0.008388901994430284
0.00840172692580893
0.008414557947758786
0.008427396335117956
0.008440243267503913
0.008453100082174779
0.008465967949488618
0.008478841723354662
0.008491721450896786
0.008504608391769254
0.008517503720367253
0.008530408747322469
0.00854332464812472
0.008556246855966248
0.008569174810426006
0.008582109760078329
0.008595052879007435
0.008608005425344683
0.008620968629616008
0.008633938473685543
0.008646913787921859
0.008659895819283238
0.008672885738998465
0.008685884770875561
0.008698894195571698
0.008711910735131462
0.008724932432464607
0.008737960542202251
0.008750996239695727
0.00876404076471032
0.008777095365762945
0.008790157775051544
0.00880322500475432
0.008816298321208111
0.00882937891125863
0.008842468024286891
0.008855566874319968
0.008868674504926248
0.008881786634296483
0.008894904543633357
0.00890802943270964
0.008921162555606281
0.008934305148538104
0.00894745775362521
0.008960614539591476
0.008973776806279008
0.008986945763780984
0.00900012267172942
0.00901330878716821
0.009026505287602207
0.009039706771785927
0.009052913473464035
0.009066126610581784
0.009079347420392285
0.009092577166670134
0.009105817010547045
0.009119063439016447
0.009132314811823696
0.009145572383539101
0.009158837343511061
0.009172110945316331
0.009185394350348387
0.009198686037311258
0.009211982375604
0.009225284640950269
0.009238594011825599
0.009251911707514221
0.00926523890372713
0.00927857608828282
0.0092919176015052
0.009305264722659452
0.009318618656650162
0.009331980572313388
0.009345351649178426
0.009358732969710589
0.009372119748744396
0.009385511785410939
0.00939891029319838
0.009412316432639586
0.009425731359957988
0.009439156152825262
0.009452588183994503
0.00946602509381732
0.009479468106441759
0.009492918401501961
0.009506377090262658
0.009519845265617249
0.009533322520976091
0.009546804255844055
0.00956029170501135
0.009573786054495329
0.009587288408114123
0.009600799852356279
0.009614321365257658
0.009627847944257702
0.009641379824665751
0.009654918196135964
0.009668464190847006
0.009682018861973085
0.009695583217268804
0.009709154677990668
0.009722731008800731
0.009736313397480127
0.00974990300062825
0.009763500869637481
0.009777108020222535
0.009790724482333917
0.009804345369431236
0.009817971879065846
0.009831605180585026
0.009845246345667785
0.009858896387705169
0.009872556231483889
0.009886221854429484
0.009899892653364975
0.009913569802372462
0.009927254401582234
0.009940947450261041
0.009954649905270774
0.00996836051318549
0.009982075837850907
0.009995797051102095
0.01000952528082028
0.01002326153581087
0.01003700677508888
0.01005076186201099
0.01006452199754484
0.01007828753414638
0.01009205962242848
0.01010583930676686
0.01011962753558941
0.010133425202467
0.01014723041896907
0.01016104054026455
0.0101748567188172
0.01018868003706581
0.01020251145041102
0.01021635186025615
0.01023020207638977
0.01024405705610454
0.01025791758291153
0.01027178476921508
0.01028565960771782
0.01029954299211581
0.010313435764682
0.01032733593913152
0.01034124112403614
0.01035515244771933
0.01036907094981737
0.01038299754226613
0.01039693307358481
0.01041087831067811
0.01042482843372737
0.01043878414112012
0.010452746513248
0.01046671650373293
0.01048069495299457
0.01049468266241514
0.01050867798954644
0.01052267834236171
0.01053668481214248
0.01055069840477495
0.01056471999682814
0.01057875039073876
0.01059279032315228
0.01060683565300525
0.01062088651662683
0.01063494396452602
0.01064900892514315
0.01066308220326991
0.01067716455827313
0.01069125511707399
0.01070535062453945
0.01071945212894407
0.01073356061338057
0.01074767693329823
0.01076180184402397
0.0107759360562993
0.01079007647431483
0.01080422228551598
0.01081837450360709
0.01083253404381944
0.01084670169312485
0.01086087817038053
0.01087506379671467
0.01088925420601007
0.01090345041081916
0.01091765337523597
0.01093186394817202
0.01094608285933608
0.01096031078894142
0.01097454608350139
0.01098878655204271
0.01100303316766
0.01101728684488886
0.01103154836909132
0.01104581841771936
0.01106009763272978
0.01107438263187569
0.01108867315098412
0.01110297012317998
0.0111172744024923
0.01113158671837122
0.01114590771453091
0.01116023754849309
0.0111745722584645
0.01118891280050371
0.01120326006478262
0.01121761484689099
0.01123197782575134
0.01124634961196415
0.01126072886763701
0.01127511330805315
0.01128950384759169
0.01130390133290702
0.01131830650857916
0.01133272001200039
0.01134714242456622
0.01136157112829609
0.0113760052909503
0.01139044578286119
0.01140489340516682
0.01141934885679749
0.01143381273793919
0.01144828561091819
0.01146276375747563
0.01147724759780996
0.01149173796320905
0.01150623561338354
0.01152074120702058
0.01153525531147048
0.01154977785600529
0.01156430544303803
0.01157883892266076
0.01159337908443863
0.01160792665194575
0.01162248225050337
0.01163704642740731
0.01165161820700919
0.01166619524065055
0.01168077834425978
0.0116953682678393
0.01170996570076909
0.01172457123731353
0.01173918540834164
0.01175380647642171
0.01176843297556354
0.01178306569039314
0.01179770533581955
0.01181235257140184
0.0118270079644784
0.01184167203430002
0.0118563424337187
0.01187101841564701
0.01188570072994153
0.01190039005992511
0.01191508703902409
0.01192979221929595
0.01194450610913617
0.0119592258882929
0.01197395137931891
0.0119886832987655
0.01200342230090142
0.01201816899389787
0.01203292391671531
0.01204768756761465
0.01206245675344385
0.01207723175574973
0.01209201326043173
0.01210680189534042
0.01212159824694419
0.01213640284519957
0.0121512161828443
0.0121660348086113
0.01218085932961919
0.01219569040389912
0.0122105286369388
0.01222537459716255
0.01224022880807087
0.01225509161710812
0.01226995971706587
0.01228483377332844
0.01229971441678717
0.01231460223229794
0.01232949777602512
0.01234440156372594
0.01235931381085454
0.01237423141409644
0.01238915501700208
0.01240408522435769
0.01241902260157567
0.01243396769288475
0.01244892100718882
0.0124638827211759
0.01247884983532382
0.0124938229752235
0.01250880272069886
0.01252378961980244
0.01253878420549098
0.01255378698165999
0.01256879818565957
0.01258381481460654
0.01259883747880415
0.01261386673410018
0.01262890311274139
0.01264394713723491
0.01265899930855203
0.01267406001047673
0.01268912614105853
0.01270419829912615
0.0127192770173797
0.01273436281403564
0.01274945620149431
0.01276455767896195
0.01277966772269616
0.01279478332370784
0.01280990492985324
0.0128250330528202
0.01284016819546011
0.01285531085876458
0.01287046154280463
0.01288562072415486
0.01290078576122451
0.01291595676759887
0.01293113423661718
0.01294631865323758
0.01296151050556563
0.01297671029603393
0.01299191850235234
0.01300713292516727
0.01302235326520864
0.01303758000413011
0.01305281360806679
0.01306805455803229
0.01308330334826208
0.0130985604577243
0.01311382421052256
0.01312909380930162
0.01314436973582545
0.01315965243637125
0.01317494238395835
0.0131902400624856
0.01320554595221804
0.01322085897579406
0.01323617776228773
0.01325150279708679
0.01326683450936406
0.01328217335787042
0.01329751981280438
0.01331287435898095
0.01332823659721747
0.01334360450354007
0.01335897857123425
0.01337435921396931
0.01338974687200536
0.01340514200691175
0.01342054510032309
0.01343595651041724
0.0134513734826572
0.01346679651106748
0.01348222601074744
0.01349766240063638
0.01351310613468139
0.01352855768356103
0.01354401751062797
0.01355948350890706
0.01357495544616785
0.0135904337470643
0.01360591881327309
0.01362141108076267
0.01363691100522137
0.01365241905772063
0.01366793405990871
0.01368345487547545
0.01369898194322439
0.01371451564630338
0.01373005639968693
0.0137456046541804
0.01376116087346061
0.01377672488574574
0.01379229457658645
0.0138078703866975
0.01382345270617521
0.01383904193039237
0.0138546384962255
0.01387024285411085
0.0138858554561812
0.01390147405096299
0.01391709862454913
0.01393272957911051
0.01394836729231455
0.01396401217903819
0.01397966468360206
0.01399532525476281
0.0140109928031085
0.01402666617824507
0.01404234578604886
0.01405803200509845
0.01407372522926071
0.01408942589104529
0.01410513442775301
0.01412085098222426
0.0141365732045437
0.01415230150205327
0.01416803626497283
0.01418377786683687
0.0141995267177956
0.0142152832505711
0.0142310478965138
0.014246819045756
0.01426259610660377
0.01427837946821385
0.01429416950455979
0.0143099666037846
0.01432577118619839
0.01434158367246433
0.01435740382689235
0.01437322971975948
0.01438906173875705
0.01440490026402676
0.01442074566733531
0.01443659834608603
0.01445245871911891
0.01446832719779345
0.01448420199410237
0.01450008273233745
0.01451596979111987
0.01453186354954044
0.01454776438394836
0.0145636726951889
0.0145795888874525
0.01459551267992363
0.01461144222063097
0.01462737788596983
0.01464332005098568
0.01465926909329206
0.01467522539155436
0.01469118934316651
0.01470716133537135
0.0147231397476967
0.01473912407871684
0.01475511469748831
0.01477111198019097
0.01478711630347563
0.01480312804218975
0.01481914758383074
0.01483517491254789
0.01485120794816919
0.01486724705680621
0.01488329260921735
0.01489934498448119
0.01491540455399958
0.01493147168613309
0.01494754675099357
0.0149636285796509
0.01497971626118635
0.01499581015875014
0.01501191064547374
0.01502801810022463
0.01504413288687666
0.01506025536394809
0.01507638588339695
0.01509252223190951
0.01510866456727041
0.01512481325514498
0.01514096867046723
0.01515713118723478
0.01517330115634873
0.01518947892201101
0.01520566404528833
0.01522185492412107
0.01523805191319563
0.01525425538038314
0.01527046569813804
0.01528668323217429
0.01530290831762176
0.01531914128146498
0.01533538083127987
0.01535162624053498
0.01536787786506015
0.0153841360731527
0.01540040123121028
0.01541667369250974
0.01543295377432278
0.01544924178533692
0.0154655357183642
0.01548183559951953
0.01549814178581673
0.01551445464245572
0.01553077452768358
0.01554710178136469
0.01556343670301315
0.01557977927733296
0.01559612753120303
0.01561248180107756
0.01562884244491737
0.01564520982422072
0.01566158428898771
0.01567796616763108
0.01569435574658677
0.01571075247098148
0.01572715494053892
0.0157435634956628
0.01575997849677906
0.01577640030411825
0.01579282926279616
0.01580926569442177
0.01582570987683839
0.01584216077715636
0.01585861750816621
0.01587508041882901
0.01589154987464431
0.01590802623854161
0.01592450985624775
0.01594100104923498
0.01595750009356506
0.01597400544512502
0.01599051676475073
0.01600703441677833
0.01602355877675077
0.01604009021335938
0.01605662907564329
0.01607317568181305
0.01608973031875709
0.01610629083731249
0.01612285754403551
0.01613943081807548
0.01615601104112206
0.01617259857959685
0.01618919377408359
0.01620579692305539
0.0162224077254439
0.01623902460231919
0.01625564791633563
0.01627227804120072
0.01628891533943008
0.01630556014627193
0.01632221276253994
0.01633887343793627
0.01635554149391035
0.01637221577577506
0.01638889661813628
0.01640558435158712
0.01642227928309319
0.0164389816832683
0.01645569178025306
0.01647240976451704
0.016489135211253
0.01650586676662032
0.01652260470144364
0.01653934927970643
0.01655610074213469
0.016572859296418
0.01658962511329472
0.01660639833820493
0.01662317910482916
0.01663996595653571
0.01665675873759745
0.01667355766717436
0.0166903629594035
0.01670717481426893
0.0167239934145237
0.01674081893002146
0.01675765152712634
0.01677449074760114
0.01679133545203886
0.01680818590330693
0.0168250423704279
0.01684190512407708
0.01685877443276537
0.01687565055676347
0.01689253374553122
0.01690942377621901
0.0169263191920153
0.01694322033564833
0.01696012757659016
0.01697704129234798
0.01699396185396145
0.01701088961538208
0.01702782491083607
0.01704476697291882
0.01706171483678256
0.01707866888748616
0.01709562953442708
0.01711259719522347
0.01712957227490149
0.01714655515333507
0.01716354617697408
0.01718054349022169
0.01719754727048494
0.01721455791180564
0.01723157582041434
0.01724860139188737
0.01726563499585865
0.01728267696715811
0.01729972680660391
0.0173167833224731
0.01733384690061486
0.01735091792871676
0.01736799677677428
0.01738508378019888
0.01740217923332068
0.01741928339759062
0.01743639534598095
0.01745351440495033
0.01747064090235913
0.01748777513200717
0.01750491733701467
0.0175220677067816
0.01753922637853069
0.01755639344441803
0.01757356895250551
0.01759075150006725
0.0176079410320071
0.0176251299905755
0.01764231181908427
0.01765948571105081
0.0176766524933492
0.01769381126932539
0.01771096293003901
0.01772810650345538
0.01774524278972242
0.01776237102753702
0.01777949173480974
0.01779660444119851
0.01781370930256111
0.01783080622180824
0.01784789491362892
0.01786497572954179
0.01788204786179061
0.01789911198746946
0.0179161671500045
0.01793321384161355
0.01795025167889439
0.01796728059324139
0.01798430075491297
0.01800131146015195
0.01801831348959394
0.01803530547949139
0.01805228832327764
0.01806926120360245
0.01808622465112598
0.01810317821046349
0.01812012218299728
0.01813705631331086
0.01815398094401815
0.01817089575719435
0.01818780149746041
0.0182046973675463
0.01822158481221191
0.01823846233141892
0.01825533131850433
0.01827219172341274
0.0182890434715539
0.01830588783852256
0.01832272417518459
0.01833955289853533
0.01835637509318901
0.01837319010930656
0.0183899982397932
0.01840680040231134
0.01842359676140224
0.01844038673328438
0.01845717108877599
0.01847395043766411
0.01849072470839681
0.01850749365430664
0.01852425789085851
0.01854101784249479
0.01855777376246915
0.01857452577251572
0.01859127399249811
0.01860801785711217
0.01862475748869656
0.01864149307778218
0.01865822479534469
0.01867495287027164
0.01869167745235823
0.01870839840159472
0.01872511529483746
0.01874182827130052
0.01875853744996212
0.0187752429553393
0.0187919449134192
0.01880864346067613
0.01882533878529917
0.01884203099777334
0.01885871951718482
0.01887540440809801
0.01889208580796853
0.01890876383453047
0.01892543861075546
0.01894211026545171
0.01895877898108642
0.01897544484173213
0.01899210729234631
0.01900876649682523
0.01902542265715233
0.01904207591891744
0.01905872639900264
0.01907537422242482
0.01909201951264734
0.01910866234864859
0.01912530218918233
0.01914193914444156
0.01915857336379134
0.01917520498623901
0.01919183412167101
0.01920846086049058
0.01922508529780094
0.01924170694890052
0.01925832585561819
0.01927494213226016
0.01929155593460313
0.01930816740134092
0.01932477663068096
0.01934138369711446
0.01935798852725718
0.01937459092600143
0.01939119089398236
0.01940778852092797
0.01942438395544129
0.01944097731147697
0.01945756867568339
0.01947415811257414
0.01949074553328719
0.0195073307738513
0.01952391385670918
0.01954049483270525
0.01955707383413849
0.01957365095876636
0.01959022627900278
0.01960679985815709
0.01962337156259181
0.01963994129041637
0.01965650908076003
0.01967307497300595
0.01968963907903347
0.01970620147936466
0.01972276222882316
0.01973932139540833
0.01975587883519158
0.01977243447793896
0.0197889883692343
0.01980554055635285
0.01982209111218516
0.01983864009331158
0.01985518755955199
0.01987173356992057
0.01988827803637968
0.01990482085410053
0.01992136206730558
0.01993790170682547
0.01995443981827373
0.01997097647182995
0.01998751172326067
0.02000404563781222
0.02002057821947574
0.02003710928140219
0.02005363886243073
0.02007016697056923
0.02008669366736828
0.02010321902047888
0.02011974309082693
0.0201362659401064
0.02015278761796719
0.02016930791854973
0.02018582686559486
0.02020234447622181
0.02021886081299167
0.02023537593160941
0.02025188988800825
0.02026840274281926
0.02028491454080516
0.02030142508196553
0.02031793439560089
0.020334442503737
0.02035094945771435
0.02036745530998954
0.02038396010331123
0.02040046388014086
0.02041696666279174
0.02043346833708286
0.02044996886428761
0.02046646827055377
0.02048296660043077
0.02049946388881118
0.02051596015838839
0.02053245542557174
0.02054894971903584
0.0205654430409398
0.02058193535421639
0.0205984265840278
0.02061491676646842
0.02063140591497755
0.02064789405618277
0.02066438121226926
0.02068086741758072
0.02069735265064778
0.02071383694276467
0.02073032030007971
0.02074680275178396
0.02076328418778768
0.02077976464676303
0.02079624416359069
0.02081272277048031
0.02082920044852193
0.02084567722172441
0.02086215313733291
0.02087862822658534
0.0208951025206757
0.02091157593581066
0.02092804849034657
0.02094452021733544
0.02096099110107566
0.02097746118264714
0.0209939305167618
0.021010399149385
0.02102686712243467
0.02104333435657658
0.02105980085950528
0.02107626664786692
0.02109273171181335
0.02110919609536763
0.02112565986575111
0.02114212308146342
0.02115858575819615
0.02117504779299593
0.02119150923018417
0.02120797005251194
0.02122443027869864
0.02124088996894043
0.02125734919295564
0.02127380800515903
0.0212902662959637
0.02130672407510731
0.02132318136773482
0.02133963816726295
0.02135609450856073
0.02137255046235981
0.02138900607774199
0.0214054612973007
0.02142191610357931
0.02143837052392926
0.02145482456520196
0.02147127824643381
0.02148773159679669
0.02150418467152628
0.02152063743881269
0.02153708989411216
0.02155354205524509
0.02156999396073467
0.02158644559737504
0.02160289698103822
0.02161934812003809
0.02163579901913423
0.02165224972025925
0.0216687002294811
0.02168515055275823
0.02170160070790947
0.02171805069960772
0.02173450050185066
0.02175095012983994
0.02176739961174683
0.02178384896529486
0.02180029820612107
0.02181674734108807
0.02183319640021405
0.02184964537495925
0.02186609423067467
0.02188254299051495
0.02189899166574771
0.02191544026932754
0.02193188883124057
0.02194833738387195
0.02196478593473659
0.02198123445363211
0.02199768291574242
0.02201413133674707
0.02203057974011825
0.02204702814067603
0.0220634765622084
0.02207992501860928
0.02209637350487547
0.02211282202873784
0.02212927055712637
0.02214571909671269
0.02216216766474918
0.02217861627700872
0.02219506494714892
0.02221151368945953
0.02222796250339714
0.02224441139482429
0.02226086037276058
0.02227730941666778
0.02229375853012372
0.02231020773350656
0.02232665703893611
0.02234310644484875
0.02235955594877828
0.02237600554623535
0.02239245524755103
0.02240890506884872
0.0224253550268085
0.02244180512210592
0.02245825531109538
0.02247470557738775
0.02249115592087346
0.02250760635438401
0.02252405689244581
0.02254050754452489
0.02255695832453082
0.022573409259311
0.02258986038387645
0.02260631169132946
0.02262276306356427
0.02263921450971145
0.0226556660411438
0.02267211767622122
0.02268856944660427
0.02270502138525142
0.02272147350954226
0.02273792587619577
0.02275437832012376
0.02277083082961098
0.02278728343093281
0.02280373615629584
0.02282018904237633
0.02283664211913366
0.0228530954165628
0.02286954896110077
0.02288600257037411
0.02290245627288175
0.02291891009780204
0.02293536407381983
0.0229518182370591
0.02296827262058937
0.02298472727627865
0.02300118211708423
0.0230176370421354
0.02303409207935297
0.02305054725456503
0.02306700259669276
0.02308345813873822
0.023099913912963
0.02311636999012303
0.0231328261823188
0.02314928247351103
0.0231657388896741
0.02318219545818241
0.02319865220917671
0.02321510916990776
0.02323156640119384
0.0232480239807977
0.02326448165264072
0.02328093944080317
0.02329739737312227
0.02331385547859358
0.0233303137868758
0.02334677236414913
0.02336323127535715
0.02337969051521145
0.02339614986532041
0.02341260935420926
0.02342906901170677
0.02344552886183953
0.02346198896775576
0.02347844939087426
0.02349491020058114
0.02351137120523329
0.02352783233596244
0.02354429361929855
0.02356075507796124
0.02357721674987664
0.02359367869665972
0.02361014097910827
0.02362660353567344
0.02364306619847791
0.02365952899038641
0.02367599192668756
0.02369245502702607
0.02370891834471957
0.02372538193283387
0.02374184580732043
0.02375830976455333
0.02377477382248198
0.0237912379918774
0.02380770228653862
0.02382416674467135
0.02384063141790214
0.0238570963709694
0.0238735613965833
0.02389002649707547
0.02390649168239608
0.0239229569695111
0.02393942238677542
0.02395588798643669
0.02397235383387045
0.02398881984817192
0.02400528592811038
0.02402175208836139
0.02403821835260291
0.02405468475098465
0.02407115133796706
0.02408761817518262
0.02410408534025237
0.02412055270059413
0.02413702016239462
0.024153487748849
0.02416995549231354
0.02418642345385076
0.02420289170486279
0.02421936030286473
0.02423582932152324
0.02425229868059276
0.02426876818534879
0.02428523787761107
0.02430170782880324
0.02431817811451199
0.02433464879770471
0.02435111994387802
0.02436759162907479
0.02438406379923534
0.0244005361887207
0.02441700885073075
0.0244334818789077
0.02444995534176551
0.02446642930640443
0.0244829038432864
0.02449937902623421
0.02451585471554188
0.02453233069106567
0.02454880701631458
0.02456528378251802
0.02458176106157408
0.02459823892573561
0.02461471744693555
0.02463119670244138
0.02464767626941022
0.02466415615829961
0.02468063645564154
0.02469711724815995
0.0247135986146304
0.02473008063184164
0.02474656337701271
0.02476304653461729
0.02477953001885607
0.0247960138585567
0.02481249816409265
0.02482898303124934
0.02484546854717412
0.02486195479321748
0.02487844141256177
0.02489492841639524
0.02491141582480702
0.02492790371000168
0.02494439214853594
0.02496088118814078
0.02497737084811499
0.0249938609568829
0.02501035149822981
0.02502684244976473
0.02504333381842112
0.02505982564792709
0.02507631800542871
0.02509281093736174
0.02510930429094542
0.02512579805480499
0.02514229221520268
0.02515878677957524
0.02517528179926562
0.02519177734018835
0.02520827346694392
0.02522477002526026
0.02524126700347498
0.02525776438848029
0.02527426217811568
0.02529076041598027
0.02530725915623195
0.02532375800905116
0.02534025673999177
0.02535675533484855
0.02537325379345115
0.02538975210613796
0.02540625027432127
0.02542274830180229
0.02543924619307328
0.02545574395460242
0.02547224159357881
0.0254887391190114
0.02550523654577602
0.02552173389256691
0.02553823117736859
0.02555472839566876
0.02557122556563657
0.02558772270266676
0.02560421982034468
0.02562071691963553
0.02563721401070155
0.02565371110407828
0.02567020820716426
0.02568670533611755
0.02570320251605126
0.02571969973874122
0.02573619703474525
0.02575269444764945
0.02576919195487512
0.02578568962591949
0.02580218741627442
0.02581868537520084
0.02583518351272441
0.02585168182281708
0.02586818035664788
0.02588467906678952
0.02590117804226207
0.02591767719824811
0.0259341766532843
0.02595067629302444
0.02596717622873568
0.02598367638159386
0.02600017682730288
0.02601667751875804
0.0260331785007112
0.02604967975940909
0.02606618130746607
0.02608268317235488
0.02609918532697382
0.02611568785135309
0.02613219066753051
0.02614869391575542
0.02616519745940762
0.02618170146370362
0.02619820580495915
0.0262147106077905
0.02623121580353787
0.02624772146100728
0.02626422754598049
0.02628073409140999
0.02629724107078022
0.02631374850767267
0.02633025635554742
0.02634676465653076
0.02636327332144023
0.02637978243395392
0.02639629184831507
0.02641280166012566
0.02642931175596841
0.02644582219561648
0.02646233291343712
0.0264788439460512
0.0264953552525756
0.02651186688125444
0.02652837878233148
0.02654489105745519
0.02656140360874977
0.02657791659234285
0.02659442990731642
0.02661094366047611
0.02662745790645727
0.02664397259964899
0.02666048792843667
0.0266770037677171
0.02669352025890159
0.02671003747750835
0.02672655536411197
0.02674307410796964
0.02675959361573139
0.02677611399706939
0.02679263531423358
0.02680915751661371
0.02682568074466963
0.02684220489980809
0.02685872977693053
0.02687525500427467
0.02689178060139841
0.02690830656590925
0.02692483287096208
0.02694135950647207
0.02695788646358451
0.02697441373361104
0.02699094133650186
0.027007469270475
0.02702399749933172
0.02704052601083369
0.02705705478717416
0.02707358380470406
0.02709011306334829
0.02710664257261106
0.02712317232485918
0.0271397023562829
0.02715623271029058
0.02717276324030258
0.02718929391750405
0.02720582474469174
0.02722235570890054
0.02723888683450976
0.02725541816980596
0.02727194975557605
0.02728848164834761
0.02730501378467755
0.02732154599688209
0.02733807829842828
0.02735461071880533
0.02737114330691291
0.02738767610797049
0.02740420917513352
0.02742074257258715
0.02743727605771529
0.02745380963003305
0.02747034331359851
0.02748687713505436
0.02750341114257537
0.02751994539183296
0.02753647993878537
0.02755301476249689
0.02756954967898127
0.02758608471298511
0.02760261988247478
0.0276191552126749
0.02763569075184882
0.02765222655919695
0.02766876269768643
0.02768529900719376
0.02770183542686903
0.02771837198275299
0.02773490870102947
0.02775144561658525
0.02776798277162023
0.02778452022186793
0.02780105797976087
0.02781759584769715
0.02783413383738454
0.02785067197253966
0.0278672102817258
0.02788374878693659
0.02790028753762104
0.02791682658392773
0.02793336588084203
0.02794990527677646
0.02796644479161968
0.02798298444292946
0.02799952424491256
0.02801606424487444
0.02803260448676839
0.02804914502767059
0.0280656857297093
0.02808222652204385
0.02809876741514836
0.02811530842684603
0.02813184959898639
0.02814839097771398
0.02816493261371251
0.02818147452811405
0.02819801651462759
0.02821455858153316
0.02823110074525673
0.02824764303743418
0.02826418550502134
0.02828072819194377
0.02829727115406485
0.02831381427169452
0.02833035745450097
0.02834690071185507
0.02836344406222838
0.02837998754875373
0.02839653121321488
0.02841307510563634
0.02842961924282339
0.02844616340872426
0.028462707621639
0.02847925190115239
0.02849579628169316
0.02851234079985715
0.02852888550174169
0.02854543044907091
0.02856197545431576
0.02857852046693854
0.02859506550796783
0.02861161062599488
0.02862815584974963
0.02864470122600283
0.0286612468155397
0.0286777925115366
0.02869433818744821
0.02871088387471338
0.02872742962593365
0.02874397547154437
0.02876052145387515
0.02877706763934205
0.02879361402081842
0.02881016039740444
0.02882670679338499
0.02884325324203998
0.02885979977473896
0.0288763464302891
0.02889289326594095
0.0289094403521346
0.02892598754408329
0.02894253478157888
0.02895908207888934
0.02897562948434949
0.02899217707101878
0.02900872493101421
0.02902527318833455
0.02904182160013312
0.02905837022378125
0.02907491922811791
0.0290914683399074
0.02910801764249842
0.02912456732684597
0.02914111756282049
0.02915766813440852
0.02917421911114559
0.02919077062336216
0.02920732256088391
0.02922387497293514
0.02924042797903938
0.0292569816612169
0.02927353577700912
0.02929009044664539
0.0293066458889252
0.0293232021870946
0.0293397591751744
0.02935631680276244
0.0293728753244521
0.02938943491920466
0.02940599561306452
0.02942255700892336
0.0294391192308374
0.02945568258846788
0.02947224730372629
0.02948881342595213
0.02950538070136803
0.02952194894348979
0.02953851848395395
0.02955508954656289
0.02957166226930545
0.02958823663982865
0.02960481244324376
0.02962138954773354
0.02963796822824413
0.02965454866218063
0.02967113096604952
0.02968771513862127
0.02970430120320218
0.02972088886853558
0.02973747827658804
0.02975406959775955
0.0297706629581854
0.02978725841104765
0.02980385592893908
0.02982045558594941
0.02983705719606044
0.02985366083044282
0.02987026661988871
0.02988687463528096
0.02990348492093797
0.0299200974781792
0.02993671238523463
0.02995332963380829
0.02996994909433785
0.02998657084197485
0.03000319493446549
0.03001982143318561
0.03003645039339296
0.03005308188155648
0.03006971601251473
0.03008635254298158
0.0301029914346388
0.03011963274943629
0.03013627657084719
0.03015292302096366
0.03016957217348029
0.03018622412381568
0.03020287869763504
0.03021953569272638
0.03023619518550684
0.03025285727758324
0.03026952211047965
0.03028618979561725
0.03030286039873674
0.03031953383327973
0.03033620974113437
0.0303528882075161
0.03036956935370913
0.03038625332879194
0.03040294027147333
0.03041963023926873
0.03043632325038394
0.03045301878063507
0.03046971691931167
0.03048641779818239
0.03050312157270078
0.03051982838979729
0.0305365383415431
0.03055325148064257
0.03056996726754894
0.03058668570489306
0.03060340692896993
0.03062013110321592
0.03063685837784869
0.03065358888403806
0.03067032266008335
0.03068705929943499
0.03070379862704849
0.03072054077971046
0.03073728592904252
0.03075403422889153
0.03077078582024282
0.03078754078504312
0.03080429885163521
0.03082105963995963
0.03083782328526471
0.03085458996207179
0.03087135983143695
0.03088813303905283
0.03090490970594898
0.03092168975698729
0.0309384725565161
0.03095525823964241
0.03097204698164754
0.03098883895150272
0.03100563429846834
0.03102243315166868
0.03103923560225656
0.03105604093158188
0.03107284916279788
0.03108966047116136
0.03110647503352319
0.03112329300183756
0.03114011450657118
0.03115693965830057
0.03117376799744368
0.03119059924029639
0.03120743356635569
0.03122427115418619
0.03124111216057184
0.03125795671805743
0.03127480493849624
0.03129165672371902
0.03130851137960042
0.03132536910261274
0.03134223007337026
0.03135909445504689
0.0313759623825122
0.03139283396782968
0.03140970930573395
0.03142658770044728
0.03144346910607954
0.03146035372119307
0.03147724171165171
0.03149413322033225
0.03151102836111162
0.03152792722857253
0.03154482964047315
0.03156173494114514
0.03157864336164243
0.03159555509316532
0.03161247028561809
0.03162938906061839
0.031646311515306
0.03166323772702108
0.03168016711422971
0.0316970994677797
0.03171403500806919
0.0317309739189894
0.03174791633443817
0.03176486235734339
0.03178181206976687
0.03179876553824253
0.03181572192975382
0.03183268132145674
0.03184964392090157
0.03186660991431245
0.03188357942291842
0.03190055253691263
0.03191752932924503
0.03193450975906333
0.03195149301445478
0.03196847927769508
0.03198546874022547
0.03200246159883854
0.03201945796752988
0.03203645792784448
0.03205346154625534
0.03207046861658788
0.03208747850560326
0.03210449139026359
0.0321215074567312
0.03213852689475166
0.03215554982700749
0.03217257633367
0.03218960647794146
0.03220663992234195
0.03222367617029379
0.0322407153966672
0.03225775778347913
0.03227480351120958
0.0322918527174943
0.0323089054829086
0.03232596186891656
0.03234302142322799
0.03236008376435966
0.03237714906636328
0.03239421750666265
0.03241128925527527
0.03242836447173165
0.03244544323893539
0.03246252561739506
0.03247961104829138
0.03249669925627183
0.03251379041670922
0.03253088470307031
0.03254798228416043
0.03256508332150979
0.03258218791094013
0.03259929611593659
0.03261640729407205
0.0326335212529973
0.03265063816937974
0.03266775821285096
0.0326848815518635
0.03270200834227864
0.03271913869183577
0.03273627266487891
0.03275340950679075
0.03277054912989351
0.0327876917104499
0.03280483741055147
0.03282198639420134
0.03283913880483216
0.03285629477079369
0.03287345435726593
0.03289061666840698
0.03290778175977197
0.03292494980897546
0.03294212097643988
0.03295929541922941
0.03297647327821086
0.03299365468674095
0.03301083972633714
0.03302802746766467
0.03304521801799597
0.03306241155803391
0.0330796082484229
0.03309680824414558
0.03311401168678266
0.03313121870790209
0.0331484293972707
0.03316564288702756
0.03318285923254775
0.03320007861272593
0.03321730118553813
0.03323452710151122
0.03325175649771511
0.03326898950112275
0.03328622620105687
0.03330346575949047
0.0333207081964203
0.0333379536860766
0.03335520238082713
0.03337245442157206
0.03338970993972121
0.0334069690502149
0.03342423185520112
0.03344149750607557
0.03345876602857566
0.03347603759397092
0.03349331235102897
0.03351059042900413
0.03352787195372137
0.03354515703363654
0.03356244578065217
0.03357973740524979
0.03359703188269365
0.03361432938535286
0.03363163006088891
0.03364893403519793
0.03366624142512762
0.03368355234019225
0.03370086688129247
0.03371818442711747
0.03373550480314753
0.03375282818441015
0.03377015471868824
0.03378748453026646
0.03380481772846904
0.03382215442023397
0.03383949470567077
0.03385683817887322
0.03387418444726181
0.03389153368910491
0.03390888605431813
0.03392624166745385
0.0339436006352644
0.03396096305743802
0.03397832903366368
0.03399569840016867
0.03401307050773673
0.03403044553981089
0.03404782365009454
0.03406520496461114
0.03408258958972822
0.03409997761981729
0.03411736914838906
0.03413476427524573
0.03415216208781624
0.03416956275577118
0.03418696643925372
0.03420437326959476
0.03422178335579874
0.034239196792317
0.03425661366559483
0.03427403407107526
0.03429145740208868
0.03430888350589723
0.03432631254879514
0.03434374467024558
0.03436117998454907
0.03437861858857433
0.03439606056850247
0.03441350601196455
0.03443095464659991
0.03444840596599822
0.03446586013426205
0.03448331730269003
0.03450077759420525
0.03451824111036231
0.03453570793936707
0.0345531781655481
0.03457065187739259
0.03458812818139841
0.03460560724426109
0.03462308921758087
0.03464057423562361
0.03465806240809326
0.03467555382756048
0.03469304857663618
0.03471054674336314
0.03472804780234715
0.03474555152669006
0.03476305806984797
0.03478056757098375
0.03479808015085376
0.03481559590951685
0.03483311493336504
0.03485063730697212
0.03486816290413543
0.03488569107769995
0.03490322197870576
0.03492075574890966
0.03493829251681692
0.03495583239235005
0.03497337546816037
0.03499092182740186
0.03500847155823974
0.03502602398044172
0.03504357904458643
0.03506113689136688
0.03507869765017277
0.03509626144088034
0.03511382836496599
0.03513139850962897
0.0351489719607765
0.03516654846960733
0.03518412752921749
0.03520170928830306
0.03521929387905186
0.03523688142072518
0.03525447202561195
0.03527206578822543
0.03528966279344814
0.03530726313013077
0.03532486603806267
0.03534247156261794
0.03536007983739061
0.03537769098548768
0.03539530511959051
0.03541292234392287
0.03543054274772316
0.03544816641886686
0.03546579305259041
0.03548342221158269
0.0355010540459243
0.03551868867546979
0.0355363262150068
0.035553966772107
0.03557161044444919
0.03558925732030379
0.03560690749020359
0.03562456017762058
0.03564221545422321
0.03565987345476686
0.03567753429053053
0.03569519806791303
0.03571286488973385
0.03573053484822531
0.03574820803437137
0.03576588415125128
0.03578356276485703
0.03580124402265671
0.0358189280430714
0.03583661493058066
0.03585430478538654
0.03587199770706347
0.03588969378784391
0.0359073931205684
0.03592509497490707
0.03594279938452372
0.03596050648532704
0.03597821638055577
0.0359959291686742
0.03601364494487254
0.03603136380629181
0.03604908584815054
0.03606681085544358
0.03608453832227664
0.03610226839387258
0.03612000119203407
0.03613773680946972
0.0361554753406433
0.03617321687847387
0.03619096152105141
0.03620870936518648
0.03622645981210811
0.0362442127711045
0.03626196837633884
0.03627972673473799
0.03629748793313053
0.03631525206286467
0.03633301921509274
0.03635078948998965
0.03636856285177997
0.03638633862447321
0.03640411695310995
0.03642189796009442
0.03643968173978328
0.03645746837557701
0.03647525795732176
0.03649305057920423
0.03651084634248519
0.03652864488196478
0.03654644587987468
0.03656424947088744
0.03658205576653936
0.03659986485073732
0.03661767680495795
0.03663549171699638
0.03665330968524806
0.03667113081294942
0.03668895444274953
0.03670678057081581
0.03672460932163962
0.03674244079762524
0.03676027507473106
0.03677811223389396
0.03679595236358992
0.03681379556578373
0.03683164181704561
0.03684949046172308
0.03686734163762431
0.03688519545923397
0.03690305201854116
0.03692091138946641
0.03693877365262884
0.03695663889848221
0.03697450723121409
0.03699237838075513
0.03701025195888067
0.03702812809486245
0.037046006894257
0.03706388844002027
0.03708177280442859
0.03709966006785262
0.03711755032325465
0.03713544367772408
0.03715333963519852
0.03717123804709444
0.03718913903382125
0.03720704269371347
0.03722494910351629
0.03724285833482512
0.03726077047000041
0.03727868560401856
0.037296603845984
0.0373145245013005
0.03733244762998309
0.03735037334431536
0.03736830173624826
0.03738623287766815
0.03740416683923824
0.0374221037056099
0.03744004357352456
0.03745798643309389
0.03747593165071806
0.03749387935548709
0.03751182965288025
0.03752978262961731
0.03754773835387914
0.03756569689549252
0.03758365834145586
0.03760162279056255
0.03761959006389263
0.03763755971072977
0.03765553185408441
0.03767350659396142
0.03769148401320786
0.03770946417767151
0.03772744715683328
0.03774543304021707
0.03776342192881434
0.03778141350559976
0.0377994074690771
0.03781740393615297
0.03783540300196316
0.0378534047461702
0.03787140923282601
0.03788941653283572
0.03790742673733821
0.0379254399490612
0.03794345573460221
0.03796147391735102
0.03797949460867384
0.03799751789930988
0.03801554386604646
0.03803357257134687
0.0380516040875855
0.0380696385070908
0.03808767593390623
0.03810571583210553
0.03812375813415715
0.03814180294645651
0.03815985035581689
0.03817790043644188
0.0381959532495429
0.03821400886851831
0.03823206738629462
0.03825012890762503
0.03826819280371022
0.03828625910565821
0.0383043279154299
0.03832239931634483
0.03834047338029457
0.03835855016772215
0.03837662975290049
0.03839471222918112
0.03841279770101221
0.03843088545550925
0.03844897561263425
0.03846706827094326
0.03848516351131103
0.03850326140414274
0.03852136201006671
0.03853946540402177
0.03855757167933632
0.03857568086636414
0.03859379233409669
0.03861190619901835
0.03863002255686974
0.03864814148678742
0.03866626305830609
0.03868438733282192
0.0387025143859122
0.03872064431079943
0.03873877708728742
0.03875691214346942
0.03877504959218543
0.03879318952665486
0.03881133202462222
0.03882947715502851
0.0388476249807659
0.03886577557767522
0.03888392903891666
0.03890208531802423
0.03892024387744017
0.03893840482691965
0.03895656825757698
0.03897473424598524
0.03899290286056913
0.03901107416577144
0.03902924823756768
0.03904742516913845
0.03906560491029792
0.03908378693387786
0.03910197134681875
0.03912015823821565
0.03913834768339983
0.03915653975014262
0.03917473450399974
0.03919293202097329
0.03921113239427775
0.03922933558761542
0.03924754106501235
0.03926574893084488
0.03928395927231629
0.03930217216355347
0.03932038767165295
0.03933860586309024
0.03935682681364379
0.03937505061627414
0.03939327725865518
0.03941150618452278
0.03942973749586029
0.03944797127807562
0.03946620760408119
0.03948444654021011
0.03950268815383513
0.03952093252002185
0.03953917973089793
0.03955742980299659
0.0395756821540862
0.03959393688390189
0.03961219407624807
0.03963045380294366
0.03964871612957962
0.03966698112398708
0.03968524886110227
0.03970351943167606
0.03972179288255637
0.03974006860323284
0.03975834669121056
0.03977662722901352
0.03979491028770564
0.03981319593234849
0.03983148423053524
0.03984977525848764
0.03986806910528515
0.03988636584873081
0.03990466484861828
0.03992296620024441
0.03994126998506862
0.03995957627372861
0.03997788513106086
0.03999619662453162
0.04001451083173135
0.04003282784036225
0.04005114774899274
0.04006946991269486
0.04008779441032164
0.04010612132181593
0.04012445071743753
0.04014278266204849
0.04016111722324309
0.04017945447848648
0.04019779451749267
0.04021613743500996
0.0402344826376678
0.04025283015516785
0.04027118006573025
0.04028953243948662
0.04030788734162412
0.04032624484002016
0.04034460501209629
0.04036296794719108
0.04038133374191583
0.04039970186546955
0.04041807228529219
0.04043644507846079
0.0404548203142947
0.0404731980582165
0.04049157837853668
0.04050996135286161
0.04052834707041706
0.04054673562821375
0.04056512658240933
0.04058351981709449
0.04060191540813873
0.04062031342367917
0.04063871392930436
0.04065711699362526
0.04067552269434826
0.04069393112048346
0.04071234236867089
0.04073075610796283
0.04074917211578551
0.04076759046577272
0.04078601122523058
0.04080443445946835
0.04082286023720089
0.04084128863625248
0.04085971974539097
0.04087815366087574
0.04089659019193454
0.04091502898143825
0.04093347010206405
0.04095191362122523
0.04097035960370995
0.04098880811787735
0.04100725924131592
0.04102571306231581
0.04104416967668418
0.04106262906167324
0.04108109069730222
0.04109955465666498
0.04111802100682366
0.04113648981199703
0.0411549611398884
0.04117343506751319
0.04119191168239803
0.04121039107972232
0.04122887335808146
0.04124735795150486
0.04126584486351677
0.04128433416072121
0.04130282590677384
0.04132132016834011
0.04133981702145558
0.04135831655250448
0.04137681885586927
0.041395324029852
0.04141383172496887
0.04143234173392089
0.04145085412326598
0.04146936895624354
0.04148788629815036
0.04150640622359521
0.04152492881734365
0.04154345417268539
0.0415619823873258
0.0415805133420604
0.04159904660464474
0.04161758224176
0.0416361203161767
0.04165466089175761
0.04167320404111427
0.04169174984680604
0.04171029840060506
0.04172884979937844
0.04174740413947942
0.04176596080173856
0.0417845198299629
0.04180308128653982
0.0418216452344242
0.04184021174352772
0.04185878089352809
0.04187735277414815
0.04189592748110001
0.04191450511081769
0.04193308529417159
0.04195166783129885
0.04197025278456367
0.04198884021581977
0.04200743019196077
0.04202602278944965
0.04204461809564118
0.042063216204877
0.04208181721352282
0.04210042100691143
0.04211902713755761
0.04213763566831564
0.042156246660111
0.04217486017724265
0.04219347629344946
0.04221209509313689
0.04223071666845329
0.04224934111500505
0.042267968524161
0.04228659830051188
0.04230523045558364
0.04232386504900573
0.04234250214222236
0.04236114180595503
0.04237978412110989
0.04239842917724013
0.04241707706836385
0.04243572788724135
0.04245438130494032
0.04247303707822896
0.04249169526859145
0.04251035593928087
0.04252901916198489
0.0425476850191397
0.0425663536037925
0.04258502501533919
0.04260369935362299
0.042622376694769
0.04264105638551033
0.04265973846333546
0.04267842295457714
0.04269710988078342
0.04271579926152424
0.04273449111733855
0.04275318547217845
0.04277188227406662
0.04279058111189757
0.04280928225074727
0.0428279860233788
0.04284669281407814
0.04286540301424382
0.04288411706174598
0.04290278853064111
0.04292135199355425
0.04293981422492422
0.04295822518466923
0.04297650290616308
0.04299470333588291
0.04301284141971545
0.04303088599800229
0.04304889695393026
0.04306684429032948
0.04308472986912246
0.04310260072670907
0.04312037875725978
0.04313813042551008
0.04315587079713747
0.04317355664536462
0.04319122887570594
0.04320886387986336
0.04322647143768536
0.04324407655097821
0.04326165692572939
0.04327922398941864
0.0432967969806656
0.04331434548052975
0.04333188718884757
0.04334942788898144
0.04336695062977587
0.04338447766686696
0.04340201098570921
0.04341954004809376
0.04343706349834692
0.04345458098382919
0.04347209812799941
0.04348961727081269
0.04350714093212868
0.04352467006258701
0.04354219382160738
0.04355971694040107
0.0435772497779176
0.04359478892516227
0.0436123351064233
0.04362987792138261
0.04364742170693602
0.04366497351957903
0.04368253001749565
0.04370009475109916
0.04371765537050294
0.04373521905582382
0.04375278558020783
0.04377035494339073
0.04378793082237887
0.04380550413269853
0.04382308141019153
0.04384065814615687
0.04385823637720127
0.04387582174613302
0.04389340747120021
0.043910994286016
0.04392857783975578
0.04394616162192326
0.0439637518046922
0.04398134543321297
0.04399894032253601
0.04401652937521514
0.04403411859825387
0.04405170940237318
0.04406930453649394
0.04408690136740747
0.04410449267404428
0.04412208037384541
0.04413966867590879
0.04415726084183354
0.04417485615177254
0.04419244785094748
0.04421003598327725
0.04422762360753539
0.04424521201603319
0.04426280195607371
0.04428039047361317
0.04429797606979882
0.04431555808518033
0.04433313937838455
0.0443507230671504
0.04436830885031978
0.04438589404384485
0.04440347350387645
0.04442105101768973
0.04443862898833004
0.04445621048307494
0.04447379480451016
0.04449137299884201
0.04450894517138548
0.04452651657584118
0.04454409017440245
0.0445616679737181
0.04457924243796699
0.0445968131437075
0.0446143805110787
0.04463194688260682
0.04464951383529795
0.04466708118493673
0.04468464631299425
0.04470220617956513
0.04471976355926147
0.04473732159663153
0.04475488220694257
0.04477244400907222
0.04478999968616377
0.04480755116763957
0.04482510061702304
0.04484265269193442
0.04486020924044219
0.0448777620072054
0.04489531024040345
0.04491285603513901
0.04493040144199954
0.04494794812533077
0.04496549360483377
0.04498303717357457
0.04500057554742922
0.0450181114834427
0.0450356476401266
0.04505318570559962
0.04507072534185814
0.04508825903040722
0.04510578887986095
0.04512331568806797
0.04514084455471912
0.04515837694934022
0.04517590565819495
0.04519343008058758
0.04521095164333924
0.04522847349804663
0.04524599707566369
0.04526351883740039
0.04528103835834602
0.04529855276092495
0.04531606489135367
0.04533357643563344
0.0453510891747258
0.04536860384743829
0.04538611332184363
0.04540361895494371
0.04542112100359637
0.04543862415232069
0.04545612994329216
0.04547363251628368
0.04549113160172762
0.04550862720479137
0.04552612251697074
0.04554361898514692
0.04556111396484389
0.04557860809058863
0.0455960969835552
0.04561358327212663
0.04563106801997193
0.04564855295935188
0.04566603942098178
0.04568352216157862
0.04570100148202391
0.04571847761572666
0.04573595428993091
0.04575343285404072
0.04577090829926567
0.04578838087993722
0.04580584985460461
0.04582331764463174
0.04584078585038268
0.04585825243708583
0.04587571812560697
0.04589318060115595
0.04591064041562793
0.04592809835641602
0.04594555569122118
0.04596301311376413
0.04598046794527848
0.04599792011901759
0.04601536987813584
0.04603281939531899
0.04605026926368327
0.04606771705991553
0.04608516263701704
0.0461026053888061
0.0461200458850912
0.04613748522248524
0.04615492181236314
0.04617235717146271
0.04618979119478565
0.04620722352164136
0.04622465493586495
0.04624208398530995
0.04625951210283981
0.04627693753419328
0.04629436097878017
0.04631178294230177
0.0463292033614523
0.04634662333193345
0.04636404022227103
0.04638145510304516
0.04639886819895441
0.04641628026070552
0.04643369185993489
0.04645109996019178
0.04646850621550264
0.04648591041208719
0.04650331311169032
0.04652071519482415
0.04653811472713645
0.04655551314205249
0.04657290870670536
0.04659030260677195
0.04660769555052251
0.04662508742848557
0.04664247822477249
0.04665986480867619
0.04667724907929004
0.04669463119835057
0.04671201322254746
0.04672939530497658
0.04674677388233819
0.04676415047869181
0.04678152407372583
0.04679889621333421
0.04681626811285496
0.04683363926484405
0.04685100940686025
0.04686837462136546
0.04688573714873986
0.04690309687321393
0.04692045696715244
0.0469378185611349
0.04695517622989719
0.0469725311544525
0.04698988265158228
0.04700723259619132
0.04702458243543088
0.04704193144916027
0.04705927999914387
0.04707662363832429
0.04709396459895336
0.04711130267066359
0.04712864086032172
0.04714598028082224
0.04716331592993613
0.04718064886375548
0.04719797829429453
0.04721530637080101
0.04723263464351715
0.04724996182579167
0.04726728860243078
0.04728461019196808
0.04730192895249381
0.04731924494453245
0.04733656089033527
0.04735387798096569
0.04737119171433143
0.04738850253603859
0.04740580966073236
0.04742311552387184
0.04744042156025437
0.04745772692441024
0.0474750319061233
0.04749233125517982
0.04750962744775881
0.04752692080388114
0.04754421409298067
0.04756150871302394
0.04757880101344718
0.04759609000928939
0.04761337480745607
0.04763065802795813
0.04764794125720975
0.04766522429163771
0.04768250718786547
0.0476997843567938
0.04771705803825709
0.04773432841591253
0.04775159871480064
0.04776887051892632
0.04778614117764939
0.04780340826462333
0.04782067074986644
0.04783793104688257
0.04785519102688392
0.04787245071526862
0.04788971057640302
0.04790696519358688
0.04792421608150994
0.04794146302269357
0.04795870979920337
0.04797595815847168
0.04799320667116583
0.04801045229877372
0.04802769266742653
0.04804493034308014
0.04806216736194017
0.04807940360197065
0.0480966398956179
0.04811387197334244
0.04813110048626036
0.04814832525177925
0.04816554960660326
0.04818277508621862
0.04820000080380646
0.04821722418181804
0.0482344423601025
0.04825165737301613
0.04826887095503095
0.04828608371129194
0.04830329693572885
0.04832050807572062
0.04833771590304439
0.04835491955366628
0.04837212191754544
0.04838932418482194
0.04840652625245139
0.04842372695489898
0.04844092295000961
0.04845811513314068
0.0484753046823751
0.04849249360161912
0.04850968354691268
0.04852687359619393
0.04854406050625359
0.04856124304169055
0.0485784227721175
0.04859560174118376
0.0486127798203248
0.04862995729486308
0.04864713090623683
0.04866430073039405
0.04868146730407259
0.04869863313212256
0.04871579985814384
0.04873296723002685
0.04875013210765401
0.04876729153919088
0.04878444726501765
0.04880160131768012
0.04881875401360973
0.04883590734698005
0.04885306025348602
0.04887021017630026
0.04888735652332348
0.04890450052566001
0.04892164375866823
0.04893878629033954
0.04895592728904424
0.04897306406740812
0.04899019697216543
0.04900732731141359
0.04902445646034992
0.04904158647195341
0.04905871798343167
0.04907584681454498
0.04909297040130653
0.0491100902358995
0.04912720856501065
0.04914432509523579
0.04916144189289738
0.04917855749024464
0.0491956697865077
0.04921277860629855
0.04922988598680265
0.04924699265428097
0.04926409873404574
0.04928120295784581
0.04929830309757456
0.04931539943511998
0.04933249361339395
0.04934958611913588
0.04936667917781867
0.0493837731232072
0.04940086444572444
0.04941795131608902
0.04943503434723978
0.04945211570892603
0.04946919550768199
0.04948627556194363
0.04950335481510403
0.04952043040503047
0.04953750188070252
0.04955457148723566
0.04957164018725672
0.04958870858105989
0.04960577562867304
0.0496228397182617
0.04963989986615196
0.04965695734096245
0.04967401269995325
0.04969106825989688
0.04970812405281885
0.04972517743627947
0.0497422276116678
0.04975927398637022
0.0497763185839781
0.04979336150667315
0.04981040448094682
0.04982744650467235
0.04984448489219984
0.04986151931955414
0.04987855145430587
0.04989558237621119
0.04991261280067547
0.04992964260659827
0.04994667068443713
0.04996369474106094
0.04998071538871208
0.04999773353533569
0.05001475101887059
0.05003176863999152
0.05004878465566789
0.05006579907960997
0.05008280963686428
0.05009981819786712
0.05011682433794221
0.05013382986947282
0.05015083470166156
0.05016783654182679
0.05018483573814563
0.05020183218708355
0.05021882714190236
0.05023582119722864
0.05025281475039189
0.05026980704002167
0.05028679544159036
0.05030378036575755
0.05032076267530858
0.05033774402333145
0.05035472548236167
0.05037170633169277
0.05038868645459704
0.05040566262870314
0.05042263590383882
0.0504396059471257
0.05045657463016338
0.05047354298166064
0.0504905099902656
0.05050747620084518
0.05052443988253293
0.05054140161621552
0.05055836097055358
0.0505753188486703
0.05059227615778793
0.0506092308226515
0.0506261840813504
0.05064313476964152
0.05066008383392859
0.05067703182151029
0.05069397903953854
0.05071092588120821
0.05072787000472912
0.05074481219792793
0.0507617513851901
0.05077868903738425
0.05079562643517797
0.05081256315637574
0.05082949966017303
0.05084643442993324
0.0508633671331749
0.05088029670649791
0.05089722464539632
0.05091415217608148
0.05093107879899446
0.05094800487902849
0.0509649296877316
0.05098185284178673
0.05099877404139926
0.05101569362890865
0.05103261256586044
0.05104953022476354
0.05106644692531272
0.05108336230438821
0.051100276226713
0.05111718927154995
0.05113410135776528
0.05115101294219402
0.05116792326827688
0.05118483228902741
0.05120173963947529
0.0512186456459434
0.05123555132595233
0.05125245633679543
0.05126936114205177
0.05128626553716493
0.05130316860196073
0.05132007014938344
0.05133697036968454
0.05135387015087716
0.05137076944243751
0.05138766840335966
0.05140456737472342
0.05142146541099066
0.05143836284908565
0.0514552589269161
0.05147215440392381
0.05148904916444955
0.05150594353466463
0.05152283794730176
0.05153973177693579
0.05155662561046175
0.05157351859463559
0.05159041101879321
0.05160730287546017
0.05162419431866968
0.05164108589422128
0.0516579771894095
0.05167486859287669
0.05169175981548931
0.0517086504869488
0.05172554069628529
0.0517424303650801
0.05175932019595902
0.05177620973573941
0.05179309960789299
0.05180998986135651
0.05182687957319398
0.05184376902700682
0.05186065816507199
0.05187754757775957
0.0518944369409627
0.05191132654480227
0.05192821660858184
0.05194510638600506
0.05196199642325375
0.05197888627548153
0.05199577637314268
0.05201266659068572
0.05202955694472926
0.05204644777896693
0.05206333870011425
0.05208023033820566
0.05209712200032238
0.0521140140028083
0.05213090632895963
0.0521477985822497
0.05216469119063655
0.05218158389554133
0.0521984775199563
0.05221537175862882
0.05223226673264414
0.05224916271005647
0.05226605838389358
0.0522829540731784
0.0522998498767852
0.052316746711358
0.0523336446178251
0.05235054332478434
0.05236744389215406
0.05238434393767876
0.0524012436299584
0.05241814341073842
0.05243504421800937
0.05245194685156785
0.05246885027296567
0.05248575587772267
0.05250266143371569
0.05251956701359842
0.0525364726207018
0.0525533791420823
0.05257028768007423
0.05258719689617476
0.05260410798411939
0.05262102024575496
0.05263793313244708
0.05265484638095935
0.05267176041824759
0.05268867628214594
0.05270559268171982
0.05272251073633132
0.05273943003609529
0.05275635043200268
0.0527732721518766
0.05279019460982052
0.05280711879457237
0.05282404341243774
0.05284096949388435
0.0528578964722823
0.05287482461308468
0.05289175543173411
0.05290868703469562
0.05292562095559743
0.05294255504385818
0.05295948985182553
0.05297642492941415
0.05299336121345416
0.05301030095606428
0.05302724256941807
0.05304418617766648
0.05306113040391373
0.05307807487492479
0.05309501953383459
0.05311196529892501
0.05312891418477456
0.05314586550752996
0.05316281891361477
0.05317977402775855
0.05319672968597138
0.05321368576026846
0.05323064277906455
0.05324760259586143
0.05326456410283478
0.05328152756218296
0.05329849365875775
0.05331546073040553
0.05333242894147693
0.05334939798245456
0.05336636955825648
0.05338334216058829
0.05340031644852059
0.05341729362522282
0.05343427190339919
0.05345125289588291
0.05346823461832815
0.05348521855536466
0.0535022034016579
0.0535191896241682
0.05353617764956238
0.05355316686211721
0.0535701595094585
0.05358715410006257
0.05360415064715079
0.05362114841367222
0.05363814691463484
0.05365514594529444
0.05367214614985415
0.05368914973519918
0.05370615643505338
0.05372316516203195
0.05374017496381934
0.05375718511115239
0.05377419543557792
0.05379120684722694
0.05380822121467285
0.05382523865385574
0.05384225808228101
0.05385927938438041
0.05387630120740576
0.05389332361179795
0.05391034693057454
0.05392737284541391
0.05394440120310308
0.05396143135672263
0.05397846449714551
0.05399549859777328
0.05401253441673837
0.05402957108673503
0.05404661018735028
0.05406365169883371
0.0540806948252588
0.05409774179594474
0.05411478998842392
0.05413184137919166
0.05414889418501737
0.05416594892348131
0.0541830060037923
0.05420006441597471
0.0542171261313603
0.05423418904691577
0.0542512551269286
0.05426832423032179
0.05428539539015594
0.05430246888426843
0.05431954345396187
0.05433661945740344
0.05435369668854406
0.05437077736295851
0.0543878619834192
0.0544049488540832
0.05442203780956899
0.05443912752510017
0.05445621823467583
0.05447331014319406
0.05449040530618968
0.05450750464188872
0.05452460619160031
0.05454171040629751
0.05455881552260453
0.05457592198994247
0.05459302950077276
0.05461013983431837
0.05462725368282097
0.05464436938195882
0.05466148831721775
0.05467860828743665
0.05469573056878195
0.0547128536475206
0.05472997902556376
0.05474710660772245
0.05476423567240483
0.05478136795281537
0.05479850129457876
0.05481563765331577
0.05483277470423552
0.05484991364410285
0.05486705410847631
0.05488419582329881
0.05490133985392785
0.05491848487468019
0.05493563283332503
0.05495278214666636
0.05496993319345852
0.05498708584981429
0.05500423948906284
0.05502139406724632
0.05503854970575668
0.05505570828472899
0.0550728693116956
0.05509003212788226
0.05510719642951424
0.05512436132672288
0.0551415269457478
0.0551586935815641
0.05517586312281403
0.05519303589557292
0.05521021050674368
0.05522738673848628
0.05524456347499984
0.05526174096774789
0.05527891942886397
0.05529610058564933
0.05531328520740168
0.05533047165421425
0.05534766032552547
0.05536484963778252
0.05538203999056499
0.05539923120412667
0.05541642474792639
0.05543362123242047
0.05545081930637358
0.05546802013518059
0.05548522181174663
0.05550242513800182
0.05551962921510942
0.05553683538335349
0.05555404379831477
0.05557125351719049
0.05558846596147762
0.05560567932173837
0.05562289524198875
0.05564011177588875
0.05565733004850165
0.05567455001323938
0.05569177118512075
0.05570899479586707
0.0557262193129518
0.05574344651899118
0.05576067473712348
0.05577790450068864
0.05579513574976105
0.05581236810965437
0.0558296025193941
0.0558468378208482
0.0558640757386746
0.05588131517227025
0.05589855616047245
0.05591579887633916
0.05593304252353263
0.05595028730819561
0.05596753303473802
0.05598478136322704
0.05600203199076608
0.05601928417504803
0.05603653802318112
0.0560537925361882
0.05607104797543138
0.05608830437133461
0.05610556331964597
0.05612282519009229
0.05614008866361794
0.05615735362037463
0.0561746190218928
0.05619188511821802
0.05620915212018587
0.05622642158428402
0.05624369435398871
0.05626096876432576
0.05627824486090901
0.05629552137336506
0.05631279860064967
0.05633007667226669
0.05634735691567683
0.05636464028594713
0.05638192522486477
0.05639921228554953
0.0564164998611565
0.05643378834143282
0.05645107751500465
0.05646836856812665
0.05648566219642108
0.0565029572782387
0.05652025496300637
0.0565375533076799
0.056554852760007
0.05657215278349816
0.05658945444320872
0.05660675788428877
0.0566240626492832
0.05664137038236599
0.05665867889593475
0.05667598912238161
0.05669329987175422
0.05671061211723538
0.05672792582552209
0.05674524068937915
0.0567625580795862
0.05677987625482641
0.05679719680244988
0.0568145178590974
0.05683184039689309
0.05684916451140094
0.05686648968076895
0.05688381689004944
0.05690114487423627
0.05691847520688353
0.05693580630462707
0.05695313880124227
0.05697047287446121
0.0569878079603626
0.057005145087868
0.05702248298206868
0.05703982314869503
0.05705716439810801
0.05707450696414582
0.05709185085299796
0.05710919568759488
0.05712654224317758
0.05714388960599592
0.05716123923929232
0.05717859054309515
0.05719594309558085
0.05721329677775478
0.05723065128177499
0.05724800695934715
0.05726536348834621
0.05728272231698371
0.05730008321762217
0.05731744532279725
0.0573348084681268
0.05735217224655968
0.05736953704597642
0.05738690267777809
0.05740427051396266
0.05742164059825364
0.05743901183101807
0.05745638402639233
0.05747375671206564
0.05749113033291198
0.05750850475382676
0.05752588126240225
0.05754326014352852
0.05756064014428267
0.05757802107078973
0.05759540232358352
0.0576127843628895
0.05763016716559415
0.05764755191996256
0.05766493917433705
0.05768232751850931
0.0576997166960745
0.05771710605323417
0.05773449596453049
0.0577518866094926
0.05776927910798021
0.05778667416825921
0.05780407029395515
0.05782146711826126
0.0578388639810548
0.05785626119849254
0.05787365909582835
0.05789105875012918
0.05790846087778791
0.05792586405170348
0.0579432677559051
0.05796067136827664
0.05797807514052888
0.057995479530601
0.05801288558072842
0.05803029389937785
0.05804770322871934
0.05806511289597021
0.05808252235697126
0.05809993176809786
0.058117341740188
0.05813475328515613
0.05815216682717108
0.05816958134133998
0.05818699595546026
0.05820441025652911
0.05822182431031323
0.05823923888287869
0.05825665495390459
0.05827407276826187
0.0582914915072894
0.05830891003118899
0.05832632814225007
0.05834374582661256
0.0583611639982362
0.05837858359261514
0.05839600473367323
0.05841342673066272
0.05843084818144347
0.05844826911198386
0.05846568946162682
0.05848311027713248
0.05850053247122829
0.05851795606701326
0.05853538044307076
0.05855280391571833
0.05857022667644131
0.05858764881798166
0.05860507142698424
0.05862249539301168
0.05863992069252501
0.05865734668787977
0.0586747713718796
0.05869219519934643
0.05870961836728137
0.05872704199804704
0.05874446695788477
0.05876189311592322
0.05877931957888433
0.05879674456177746
0.05881416853084134
0.0588315917992896
0.05884901552152045
0.05886644053930307
0.05888386656553731
0.05890129250341731
0.05891871685204931
0.0589361400634343
0.05895356254568972
0.05897098547298636
0.05898840967673834
0.05900583471321992
0.05902325937630394
0.05904068241528932
0.05905810431993164
0.05907552547839606
0.05909294706259511
0.05911036990039321
0.05912779338600536
0.059145216356365
0.05916263769997248
0.05918005794573861
0.05919747742441057
0.05921489730771739
0.0592323184057732
0.05924973979289024
0.05926716051941401
0.05928457964508572
0.05930199776899218
0.05931941511052673
0.05933683283125835
0.05935425167816249
0.05937167035707767
0.05938908828172631
0.05940650467813261
0.05942392020893679
0.0594413349150783
0.0594587498918626
0.05947616557276979
0.05949358076658055
0.05951099543706759
0.05952840871628567
0.05954582130967256
0.05956323303399724
0.05958064475197091
0.05959805666932401
0.05961546799140753
0.05963287889133652
0.05965028859708243
0.05966769775659028
0.05968510617869323
0.05970251423414185
0.05971992202618983
0.05973732909216433
0.05975473570765597
0.0597721414640698
0.05978954687049438
0.05980695147211452
0.05982435542843408
0.05984175857546074
0.05985916091917049
0.05987656292430343
0.05989396443682524
0.05991136575638676
0.05992876602235727
0.05994616539642934
0.05996356347995133
0.05998096074765383
0.05999835785978706
0.06001575471323138
0.06003315162380771
0.06005054736500945
0.06006794202177062
0.06008533490413984
0.06010272688125359
0.06012011870787098
0.06013751036221317
0.06015490232377997
0.06017229337510944
0.06018968315826089
0.06020707085687275
0.06022445750939229
0.06024184382398533
0.06025923000967996
0.06027661664137272
0.06029400263209447
0.06031138731865635
0.0603287698173319
0.06034615120920616
0.06036353205723503
0.06038091272369688
0.06039829368405565
0.06041567405103442
0.06043305339950002
0.06045043073454461
0.06046780701678907
0.06048518256403018
0.06050255758148474
0.06051993245333117
0.06053730641803916
0.06055467964209744
0.06057205177371558
0.06058942306938412
0.06060679333053141
0.06062416231584514
0.0606415305273223
0.06065889764741306
0.06067626430030064
0.06069363055643299
0.06071099627047661
0.06072836057987463
0.06074572324103267
0.06076308427025831
0.06078044438313185
0.0607978041795977
0.06081516382021808
0.06083252327859297
0.06084988131105918
0.06086723746536898
0.06088459132573932
0.06090194426752966
0.0609192969313708
0.06093664953087218
0.06095400219520309
0.06097135358831962
0.06098870304576164
0.06100604983863479
0.06102339539932372
0.06104074058749807
0.06105808557517337
0.06107543075357368
0.06109277506736511
0.06111011757848887
0.06112745735214686
0.06114479559346266
0.06116213333232363
0.06117947053831056
0.06119680781422793
0.06121414433877022
0.06123147937650607
0.06124881200604584
0.06126614304191952
0.06128347331387246
0.06130080262960271
0.06131813139360131
0.06133545939123929
0.06135278649454117
0.06137011198496507
0.06138743585192973
0.06140475810077917
0.0614220788681366
0.06143939878990274
0.06145671773289957
0.06147403657772397
0.06149135464469645
0.06150867098170484
0.06152598486087638
0.06154329697936774
0.06156060810816288
0.0615779182567056
0.06159522854743711
0.06161253874444721
0.06162984715184365
0.06164715246487782
0.06166445592011041
0.06168175843249248
0.06169906012385482
0.06171636210572554
0.06173366417453052
0.06175096451443435
0.06176826174528673
0.06178555713656458
0.06180285169207007
0.0618201455053406
0.06183743950662104
0.06185473318000698
0.06187202518138925
0.06188931474106685
0.06190660266504873
0.06192388994523635
0.06194117660729377
0.06195846296817709
0.06197574844189465
0.06199303245688121
0.06201031487109403
0.0620275958684293
0.06204487639773979
0.06206215622405937
0.0620794353899733
0.06209671343491569
0.06211399027024736
0.06213126612957741
0.06214854065274206
0.06216581462002493
0.06218308742313453
0.06220035951497772
0.062217631075734
0.06223490181707256
0.06225217170941207
0.06226944009178496
0.06228670761008542
0.06230397336665913
0.06232123842759878
0.06233850327276683
0.06235576794637084
0.06237303237859324
0.06239029509147052
0.06240755555345082
0.06242481364394956
0.06244206888819753
0.0624593078910665
0.0624765397718799
0.06249377745517921
0.06251102059374318
0.06252827168163552
0.06254553593184992
0.06256282393806524
0.06258012370623775
0.06259743601170324
0.06261476147726747
0.06263209371334005
0.06264943922775433
0.06266679722849766
0.06268416243348612
0.06270154185251994
0.06271893195664839
0.06273632971574852
0.06275374232262984
0.06277116417782908
0.06278859412162324
0.06280603938457052
0.0628234927785693
0.06284095467535673
0.06285843234244019
0.06287591727101584
0.06289341111193775
0.0629109203327393
0.06292843685731764
0.06294596281324316
0.06296350349299182
0.06298105146817899
0.06299860940849701
0.06301618153613685
0.06303376093450069
0.06305135087089547
0.06306895442088525
0.06308656522846845
0.06310418726957458
0.06312182219640521
0.06313946436792085
0.06315711850007946
0.06317478474259614
0.06319245823422946
0.06321014435248548
0.06322784182814092
0.06324554650796732
0.06326326460542703
0.0632809932116855
0.06329872926870167
0.06331647951066124
0.06333423913538898
0.06335200695427486
0.06336978976866478
0.06338758028747149
0.06340537994543069
0.06342319375997889
0.06344101506098922
0.06345884651621168
0.06347669091054857
0.06349454271547418
0.06351240590784854
0.06353028085350847
0.06354816311956706
0.06356605784871482
0.06358396332943815
0.06360187609204877
0.06361980242816487
0.06363773844872457
0.06365568252606681
0.06367364130038752
0.06369160786935654
0.06370958383598359
0.06372757334081842
0.06374557039912515
0.06376357823949208
0.06378159809781689
0.06379962538254623
0.06381766490357539
0.06383571515194066
0.06385377272485684
0.06387184387289141
0.06388992456636884
0.06390801368375104
0.06392611737104685
0.06394422856844835
0.06396234984370611
0.0639804837988566
0.0639986253102708
0.06401677854784325
0.06403494291170531
0.06405311469201606
0.06407129974098409
0.06408949466085385
0.06410769799130264
0.06412591603844123
0.0641441416457752
0.06416237755317658
0.06418062605857493
0.06419888216622736
0.06421715035610152
0.06423542954049888
0.06425371624428169
0.0642720166858131
0.06429032673578794
0.0643086460893009
0.06432697933871113
0.06434532035237696
0.06436367264807422
0.06438203667332575
0.06440040825370735
0.06441879293403796
0.06443718797337024
0.06445559180740192
0.06447401023946356
0.06449243641600319
0.06451087361764547
0.06452932287860509
0.06454777977171754
0.06456624952510662
0.06458472991182117
0.06460321905622028
0.0646217229142865
0.06464023454895686
0.06465875725859901
0.06467729203762317
0.06469583448677924
0.06471438995167331
0.06473295598690809
0.06475153121447952
0.06477012073850644
0.06478871816045161
0.06480732704313397
0.06482594766136625
0.0648445760701582
0.06486321801381684
0.06488187004536247
0.06490053211114652
0.06491920757503764
0.06493789091869276
0.06495658639591817
0.06497529320965355
0.06499400856432666
0.0650127385016232
0.0650314768986081
0.06505022642921035
0.06506898816672413
0.06508775775127081
0.0651065406505477
0.06512533399707868
0.06514413751517018
0.06516295441158827
0.06518177924754591
0.06520061642028685
0.06521946491015398
0.06523832255244838
0.06525719483984262
0.06527607516175589
0.0652949671516202
0.06531387095129823
0.06533278310106387
0.06535170955311169
0.06537064528326497
0.06538959219836649
0.06540855150438711
0.065427518933245
0.06544649997239234
0.06546549128560257
0.06548449340649373
0.06550350844079612
0.06552253151648872
0.06554156779013393
0.06556061490118434
0.06557967260063439
0.06559874355338216
0.0656178226063899
0.06563691459746455
0.06565601769493609
0.06567513127604947
0.06569425830987291
0.06571339350205424
0.06573254153671711
0.0657517007971463
0.06577087054332889
0.06579005381865415
0.06580924530047778
0.06582844970737142
0.06584766532366147
0.0658668915416583
0.06588613124693518
0.06590537920796188
0.06592464035500326
0.06594391256105193
0.06596319560684645
0.0659824919758228
0.06600179676580126
0.0660211152102895
0.06604044428104271
0.0660597845121136
0.06607913783270625
0.06609849986258121
0.06611787648588845
0.06613726272391912
0.06615666046480426
0.06617607104289067
0.0661954908049433
0.06621492615126838
0.06623436990322923
0.06625382571157959
0.06627329388727207
0.06629277237833138
0.06631226529295475
0.0663317667155995
0.06635128123774255
0.06637080734690164
0.06639034448740219
0.06640989532415083
0.06642945511124024
0.06644902973046372
0.06646861404359686
0.06648821003146918
0.06650781911726765
0.06652743822077516
0.06654707237858445
0.06656671519233866
0.06658637099025666
0.06660603868791273
0.06662571746516066
0.06664541018371575
0.06666511214397881
0.06668482957950839
0.06670455620031693
0.06672429488771983
0.06674404655083505
0.06676380888473266
0.0667835858157458
0.06680337175156217
0.06682317209392978
0.06684298304053325
0.06686280560861593
0.06688264182010527
0.06690248842557125
0.06692235010338361
0.06694222072627845
0.06696209165274859
0.06698195730098029
0.06700181766870238
0.06702167307469348
0.06704152065028263
0.06706136019069112
0.06708119356925657
0.06710101765054151
0.06712083646125637
0.06714064982231063
0.06716045786629864
0.06718025768705936
0.0672000489748913
0.06721983486793835
0.06723961255175773
0.06725938488016651
0.06727915174210493
0.06729891294398235
0.06731866650687426
0.06733841155026365
0.06735815127521115
0.0673778825569285
0.0673976085108777
0.06741732908749805
0.06743704379033759
0.06745675210990779
0.06747645241296323
0.0674961470574823
0.06751583162640462
0.06753551074558689
0.06755518485658318
0.06757485304477871
0.0675945163153
0.06761417193167006
0.06763382072568798
0.06765345904386121
0.06767309112659832
0.0676927198424279
0.06771234316980812
0.06773196107248727
0.06775157096026815
0.06777117396992009
0.06779076654334201
0.0678103531455355
0.0678299365963501
0.06784951597629282
0.06786908932523615
0.06788865439389501
0.06790821230959267
0.06792775972970637
0.06794730130005761
0.06796683964224018
0.06798637480866601
0.06800590436253591
0.0680254255299101
0.06804493978491477
0.06806444358704025
0.06808394151804031
0.06810343628511112
0.06812292696531216
0.06814241224226701
0.06816188884510105
0.06818136031221511
0.06820082186146505
0.06822027761868361
0.06823972983723411
0.06825917585638006
0.06827861749971507
0.06829805087910448
0.06831747981648997
0.06833689953014963
0.06835631398656755
0.06837572163650758
0.06839512240520948
0.06841451961367648
0.06843391199618894
0.06845329915330876
0.06847267575063858
0.06849204633886895
0.06851141018960324
0.06853076742977963
0.06855012136745578
0.06856947181941435
0.06858881709824166
0.06860815169206763
0.06862748000847224
0.06864680181931049
0.06866611708389578
0.06868542918695977
0.06870473710530453
0.06872404011596939
0.0687433327416197
0.06876261908043116
0.06878190009028039
0.06880117493720299
0.06882044665906313
0.06883971081015806
0.06885897123044782
0.06887822368511554
0.06889747132880286
0.06891671128110999
0.06893594474146894
0.06895517338004999
0.06897439448987913
0.06899361155729519
0.06901282495434861
0.06903203386700302
0.06905123200723547
0.06907042279544466
0.06908960893994784
0.06910878824004245
0.06912796439847194
0.06914713628627163
0.06916630384939935
0.06918546153531809
0.06920461216619281
0.06922375845251254
0.06924289831769898
0.06926203524726129
0.0692811662510857
0.06930029310769613
0.06931941101073501
0.0693385222978726
0.06935762924129706
0.06937672923105374
0.06939582611633777
0.06941491617431046
0.06943400192540014
0.06945308103502988
0.06947215461426542
0.06949122168642037
0.06951028145309512
0.06952933712126916
0.06954838742937285
0.06956743418686748
0.0695864745915581
0.06960550947762362
0.0696245374628801
0.06964355829679762
0.06966257505692428
0.06968158617855177
0.06970059386653225
0.06971959499003284
0.06973859088945275
0.069757579594379
0.06977656140528686
0.06979553919876622
0.0698145102495674
0.06983347771664242
0.06985243974417235
0.06987139730239082
0.06989034674256427
0.06990928922419705
0.06992822746953224
0.0699471588239626
0.06996608642349031
0.06998501027441083
0.0700039300265355
0.07002284248587322
0.07004174816556261
0.07006064911704127
0.0700795427357473
0.07009843248642877
0.07011731772584967
0.07013619904179627
0.07015507411652427
0.0701739430691093
0.07019280669983098
0.07021166306918458
0.07023051539891366
0.07024936151039121
0.07026820342792618
0.07028704132778955
0.07030587439435319
0.07032470049967443
0.07034351931645288
0.0703623335927359
0.0703811415427663
0.07039994557774755
0.07041874553446749
0.07043754081873277
0.07045632967461517
0.07047511172354845
0.07049388975444219
0.07051266107962761
0.07053142857311276
0.07055019119768803
0.07056894898192784
0.07058770260176661
0.07060645027408929
0.0706251924085457
0.07064392691327333
0.07066265679277992
0.07068138236094403
0.07070010404987492
0.07071882138102224
0.07073753291350145
0.07075623843175109
0.07077493672504724
0.07079363068417034
0.07081232000922064
0.07083100553791698
0.07084968616651913
0.07086836122533467
0.07088703162996086
0.07090569526979389
0.07092435497954758
0.07094300684189542
0.07096165412863371
0.07098029845775189
0.07099893861216322
0.07101757403061849
0.07103620266866555
0.07105482582458138
0.07107344138409938
0.07109205251785972
0.07111066017571264
0.07112926357005825
0.07114786358201722
0.07116645756429962
0.07118504674165144
0.07120362860325175
0.07122220620809001
0.0712407773351913
0.07125934404928348
0.07127790805628625
0.07129646771116115
0.07131502375919792
0.07133357285022036
0.07135211732892666
0.07137065393662363
0.07138918605488129
0.0714077144375964
0.0714262381069817
0.07144475957323199
0.07146327547870131
0.07148178721183045
0.07150029122028785
0.07151879018505353
0.07153728390926864
0.0715557731002734
0.07157425971202695
0.07159274231995798
0.07161122237611615
0.0716296952812271
0.07164816369516745
0.07166662378953501
0.07168507908131729
0.07170353090313418
0.07172197783390941
0.07174042256424644
0.07175886305658537
0.0717772996856484
0.07179572822828906
0.07181415148752661
0.07183256976885231
0.07185098323186356
0.07186939421721873
0.07188780089103659
0.07190620503238773
0.07192460296143051
0.07194299711038613
0.07196138256888367
0.07197976285460728
0.07199813940580531
0.07201651179216116
0.07203488223481966
0.07205324857984868
0.07207161171233128
0.07208996682773469
0.07210831691014973
0.07212666121948121
0.072145000242374
0.07216333606158026
0.0721816679904471
0.07219999724043827
0.07221832189281736
0.07223664295495631
0.07225495593788987
0.07227326352436322
0.07229156725764339
0.07230986562848686
0.07232816120262114
0.07234645316499226
0.07236474193571454
0.07238302502960449
0.07240130342951202
0.07241957622756984
0.07243784343704099
0.07245610709082918
0.07247436617089872
0.07249262212966355
0.07251087431831335
0.07252912263070692
0.07254736540939442
0.07256560298367372
0.07258383684273129
0.07260206499915255
0.07262028985535461
0.07263851078198488
0.07265672826890797
0.07267494108033548
0.07269314927991516
0.07271135320328988
0.07272955178396832
0.07274774724028539
0.07276593768643136
0.07278412473961367
0.07280230768787899
0.07282048656623137
0.07283866121733419
0.07285683087642132
0.07287499749285049
0.07289315843712878
0.07291131611817829
0.07292946932778374
0.07294761884602548
0.07296576381777012
0.07298390423452983
0.07300204133688659
0.07302017327123712
0.07303830226722351
0.07305642693146346
0.07307454832339814
0.07309266557453604
0.07311077879633722
0.07312888801039238
0.07314699233861922
0.0731650935742974
0.07318318918016696
0.07320128144115484
0.0732193700230469
0.07323745518042699
0.07325553665878524
0.07327361362876256
0.07329168670348614
0.07330975454415596
0.07332781924760959
0.07334587899848441
0.07336393551133732
0.07338198924839288
0.07340003933825506
0.07341808657305007
0.07343612895672801
0.07345416725015916
0.07347219985684685
0.07349022889705199
0.07350825387795311
0.07352627557605408
0.07354429524710085
0.07356231103632864
0.07358032433255755
0.07359833245237973
0.07361633682771791
0.07363433508048668
0.07365232956498834
0.07367032082477983
0.0736883085810387
0.07370629446173073
0.07372427700515485
0.07374225683719242
0.07376023111790403
0.07377820170698629
0.0737961669500339
0.07381412872872289
0.07383208803837131
0.0738500436996294
0.07386799760453801
0.07388594735796125
0.07390389401135262
0.07392183478068461
0.07393977179161337
0.07395770510151906
0.07397563495105573
0.07399356277841718
0.07401148747270668
0.07402940982491031
0.07404732686688961
0.07406524033137879
0.07408314874275343
0.0741010538725209
0.07411895662470802
0.07413685581401658
0.07415475326599015
0.07417264678731626
0.07419053717310839
0.07420842188889633
0.07422630293832035
0.07424417979985015
0.07426205326292354
0.07427992459320108
0.07429779266832497
0.07431565890667209
0.07433352037088073
0.07435137877957797
0.07436923208694309
0.07438708223054004
0.07440492939388559
0.07442277307960304
0.07444061484005887
0.07445845345698437
0.0744762898019409
0.07449412081218232
0.07451194838683568
0.07452977145631105
0.07454759125746079
0.07456540891870275
0.07458322372035434
0.07460103699533757
0.07461884648733282
0.07463665328510263
0.07465445464839336
0.07467225262742634
0.07469004771108724
0.07470783939835433
0.07472562925810214
0.07474341654004292
0.07476120200205599
0.07477898304644479
0.07479676093109511
0.07481453435701066
0.07483230455587188
0.07485007246039069
0.07486783721880783
0.07488560026599615
0.07490336066138258
0.07492111891896917
0.07493887193432168
0.07495662154807617
0.07497436752643857
0.07499211022422134
0.07500985100298076
0.07502758944373397
0.07504532633759257
0.07506305964687821
0.07508079012401839
0.0750985157144187
0.07511623819802732
0.07513395784849357
0.07515167430739506
0.0751693890689164
0.0751871015347718
0.07520481220666779
0.07522251875888929
0.07524022230213173
0.07525792163044601
0.0752756177801672
0.07529331177046457
0.07531100305843356
0.07532869275040296
0.0753463801668684
0.07536406550828839
0.07538174613171522
0.07539942348345897
0.07541709752179249
0.07543476827070181
0.07545243719119862
0.07547010421843503
0.07548776974267173
0.07550543229789944
0.07552309211733994
0.07554074751025899
0.075558399808898
0.07557604945771632
0.07559369604345764
0.07561134100220814
0.07562898407154393
0.07564662544127661
0.07566426335029146
0.07568189842984252
0.07569952952868918
0.07571715748108296
0.07573478331874876
0.07575240659380403
0.0757700283589384
0.07578764826929141
0.07580526632116144
0.07582288036248661
0.07584049131195955
0.07585809898636459
0.07587570339474074
0.07589330596644703
0.07591090683284107
0.0759285062792843
0.07594610350613271
0.07596369834487011
0.07598128906811451
0.07599887670232199
