0
0.0001368796130915557
0.0002732864060170439
0.0004096763990034516
0.0005460646924314573
0.0006825079356036816
0.0008190193331220681
0.0009555953251193929
0.001092063527056442
0.001228533145799314
0.001365049791331901
0.001501611831819999
0.001638216546547524
0.001774853943944806
0.001911523555275074
0.002048217840767628
0.002184933991082781
0.002321660570686052
0.002458404310042339
0.002595159762811362
0.002731923271964193
0.002868693282226497
0.003005468060594505
0.003142246241539493
0.00327902692898468
0.003415810732323131
0.003552597873641678
0.00368938838628519
0.003826182213943964
0.003962979256040208
0.004099779391624319
0.004236582492581567
0.00437338843118389
0.00451019708427665
0.004647008334973304
0.004783822072841512
0.004920638193971254
0.005057456600773537
0.005194277201945052
0.005331099892600818
0.00546792452404775
0.005604751042501625
0.005741579476185393
0.005878409652358455
0.006015241029836627
0.006152073286981989
0.006288906360488429
0.006425740182543017
0.00656257474118541
0.006699410024022395
0.006836246022783661
0.006973082728974418
0.007109920134442811
0.007246758230545344
0.00738359706955389
0.007520436719067263
0.007657277210353594
0.007794118555656336
0.00793096076160802
0.00806780383205765
0.008204647770393097
0.008341492576626567
0.008478338247382184
0.008615184776638743
0.008752032156519466
0.008888880377892611
0.009025729429877732
0.009162579279224339
0.009299429934155381
0.009436281404371355
0.009573133367699573
0.009709985672186554
0.009846838307107832
0.009983691261037653
0.01012054452382961
0.01025739808008425
0.01039425193212855
0.01053110608524685
0.01066796054578952
0.01080481532075916
0.01094167041725918
0.01107837173595749
0.01121499299081447
0.01135131943606858
0.01148752544176328
0.01162347405623928
0.01175925055444803
0.01189489041046719
0.01203025137368646
0.01216556032930092
0.01230048959037748
0.01243536588093357
0.01256990719450313
0.01270431954348561
0.01283844752877233
0.01297237676805506
0.01310621242802473
0.01323966523152985
0.01337313661495776
0.01350611122401082
0.01363903518006595
0.01377165409568256
0.01390404468586828
0.01403657465326487
0.01416847473945425
0.01430044059258989
0.01443206080062411
0.01456348564794431
0.01469504569063117
0.01482608417465811
0.01495711954424228
0.01508805009624758
0.01521866611917713
0.01534936846412783
0.01547978229754348
0.015610098033488
0.01574057913619666
0.01587066630596247
0.01600074277853633
0.01613081719766216
0.0162606547534802
0.01639056180622055
0.01652034924233177
0.01665000568118214
0.0167798074880503
0.01690937629472654
0.01703890653922593
0.01716862424434774
0.01729807559433096
0.01742755643800889
0.01755710916005389
0.01768649653716796
0.01781595190264568
0.01794545013824592
0.01807485688727517
0.01820434550083815
0.01833384842529723
0.01846330040586216
0.01859284787255025
0.01872242812874337
0.01885197508021243
0.01898161659903925
0.01911130640503954
0.01924096045287766
0.01937070482349527
0.01950054725577658
0.01963034900594952
0.01976022676959054
0.01989024064911363
0.02002021572048785
0.02015024873510106
0.02028039476488722
0.02041057249191433
0.02054078740788253
0.02067109902713976
0.02080149069188495
0.02093190643649997
0.02106239080405806
0.02119297907975811
0.02132361240834978
0.02145424647601137
0.02158492158745194
0.02171570843667957
0.02184661129808093
0.0219775011007125
0.02210843052729169
0.02223949044348371
0.02237075973739612
0.02250211909827906
0.02263348790763577
0.02276496907110301
0.02289660544624247
0.02302826584375341
0.0231599612375804
0.02329177706927998
0.02342363298378143
0.0235555198199667
0.02368745095253968
0.02381951168691073
0.02395159580101683
0.0240837159550019
0.02421588282925349
0.02434817182130802
0.02448048103898011
0.02461282625920306
0.0247452280153001
0.02487773814934977
0.02501027279185841
0.02514284442455345
0.02527548585460589
0.02540822625697361
0.02554099464237232
0.02567379466148827
0.0258066816135444
0.0259396535382894
0.02607265733869591
0.02620568820609666
0.02633882649430923
0.02647202901783323
0.02660526785372859
0.02673854140529532
0.02687193933592768
0.02700537553873573
0.02713884502323029
0.02727236430991218
0.02740600507668585
0.02753966917831014
0.02767335997879344
0.02780706408957869
0.02794077145118288
0.02807447744352348
0.02820818308582179
0.02834188931519846
0.02847559678853206
0.02860930583897716
0.02874301676604759
0.02887672969500893
0.02901044463467972
0.02914416160668109
0.02927788058606914
0.02941160162333312
0.02954532463494548
0.02967904966122768
0.0298127767240175
0.02994650595163479
0.03008023742720179
0.03021396919980462
0.03034770141562195
0.0304814341625147
0.03061516754227439
0.03074890158544162
0.03088263635979389
0.03101637190467967
0.03115010825483964
0.03128384547126131
0.03141758361584444
0.03155132272613528
0.03168506247946181
0.03181880265001317
0.03195254319776029
0.03208628408344908
0.03222002528240141
0.03235376680011855
0.03248750865418436
0.03262125083750698
0.03275499336068877
0.03288873630153552
0.03302247962708223
0.03315622330695389
0.03328996737144413
0.03342371183194825
0.03355745662576457
0.03369120166245062
0.0338249468863677
0.03395869226428918
0.03409243780043574
0.0342261834808817
0.03435992936342171
0.03449367548360343
0.03462742194369939
0.03476116887039555
0.03489491636604392
0.03502866409887105
0.03516241203450213
0.03529616020242295
0.0354299086405778
0.03556365742719636
0.03569740665171291
0.03583115642577013
0.0359649068864502
0.03609865781076528
0.03623240906212487
0.0363661606552271
0.03649991256421509
0.03663366470443659
0.03676741698750383
0.0369011694203018
0.03703492213858427
0.03716867526483438
0.03730242892619038
0.03743618328886618
0.03756993852825538
0.0377036948474241
0.03783745158009254
0.03797120848632273
0.03810496566291958
0.03823872317576369
0.03837248108061839
0.03850623943110464
0.03863999826607645
0.0387737576091484
0.03890751747377004
0.03904127787991531
0.03917503892761381
0.03930880082749362
0.0394425628994972
0.03957632517399123
0.0397100877096822
0.03984385054250292
0.03997761371241013
0.04011137725349215
0.04024514120306783
0.04037890560299877
0.04051267046712014
0.04064628789559883
0.04077991303790028
0.0409131793760537
0.04104606283069499
0.04117914292421456
0.04131143912316641
0.04144372610707834
0.0415758214127833
0.04170746474023244
0.04183927649591597
0.04197048207653812
0.04210161719948777
0.04223283567211208
0.04236349266572466
0.0424942325896784
0.04262467242870024
0.04275491466772719
0.04288533254134712
0.04301529154649094
0.04314521329660445
0.04327518353897048
0.04340478933028773
0.04353443008856392
0.04366395282879403
0.04379329223456874
0.04392275615504748
0.04405194590414935
0.04418104202618896
0.04431033468712857
0.04443928494309684
0.04456822899677657
0.04469723435801547
0.04482602447956103
0.0449548733943192
0.04508368318129612
0.04521236994352205
0.04534115886211229
0.04546987875299583
0.04559854044453186
0.04572731848787388
0.04585603011850108
0.04598471083539935
0.04611351191475401
0.04624227602478767
0.04637102062238339
0.04649987971821727
0.04662874660393827
0.04675759445773825
0.04688654310157519
0.04701553396614916
0.04714450293955697
0.04727355685975265
0.04740269081459583
0.04753179439927881
0.04766096559753422
0.04779025910104484
0.04791952068467183
0.04804882880451174
0.04817824294560968
0.04830768584200721
0.04843715886594531
0.04856669654987788
0.04869633980140112
0.04882600919971722
0.04895567307118631
0.0490853731988961
0.04921518749164617
0.0493450833479035
0.04947496697078008
0.04960489196922586
0.04973495307565926
0.04986524163932598
0.04999555751832967
0.05012589074626777
0.05025635122367576
0.0503869383272366
0.05051754298539075
0.05064817891619695
0.05077894536187814
0.05090975446260965
0.05104058328538706
0.05117144708027899
0.0513024490027937
0.05143347698722358
0.05156452497634611
0.05169561305162386
0.05182683248826214
0.0519580728446571
0.05208932657831285
0.05222054881390639
0.05235174485254811
0.05248293043829276
0.05261411059651823
0.05274526155037763
0.0528763928694427
0.05300751770564743
0.05313863662405986
0.05326973074554387
0.0534008106683467
0.05353188705580049
0.05366295682211605
0.05379400721263788
0.05392504735462988
0.05405608502901495
0.05418711774524512
0.054318135868146
0.05444914729925068
0.05458015577715022
0.05471116209458932
0.05484215912217125
0.05497315095149308
0.0551041410704905
0.05523513131619645
0.05536611758609852
0.05549710000803542
0.05562808225659732
0.05575906498065612
0.05589004970764498
0.05602103342916575
0.05615201706546827
0.0562830023664317
0.05641399015906753
0.05654498060556767
0.05667597623394122
0.05680697537165438
0.05693797808454914
0.05706898554511734
0.05719999989327978
0.05733102541851319
0.05746205640923949
0.05759309312780641
0.05772413828479352
0.057855197550076
0.05798627260599493
0.05811735477869027
0.05824844772745621
0.05837955607938677
0.0585106940048854
0.05864184024251013
0.05877299827433639
0.05890417213290623
0.05903538218450454
0.05916661668077906
0.059297861953377
0.05942912414719357
0.05956043645893407
0.05969177938409866
0.05982313035260956
0.05995449989240869
0.06008593524766355
0.06021740837428423
0.06034888174884309
0.06048038602699083
0.06061196831609801
0.06074359153446252
0.06087521096765878
0.06100687701000215
0.06113863450912483
0.06127041476769094
0.06140220629136706
0.06153406277548213
0.06166604057749438
0.06179800354536127
0.06193000064558755
0.06206209407606649
0.06219427530769885
0.06232645994522211
0.06245871105711686
0.06259108677356393
0.06272349542744474
0.0628559418487627
0.06298848850038703
0.06312115187881608
0.06325382729616032
0.06338657024621387
0.06351944049601571
0.06365235732024822
0.06378531630980398
0.06391837531735264
0.06405155466326135
0.06418474708841264
0.06431800832669179
0.06445140127607292
0.06458483273149562
0.06471830669971412
0.06485188194684435
0.0649855642641359
0.06511925869584356
0.06525302471451955
0.06538683621938846
0.06552064786080744
0.06565445967638425
0.06578827171174856
0.06592208401364406
0.0660558966270314
0.06618970963858445
0.0663235228884841
0.06645733623854812
0.06659114968118442
0.0667249632166412
0.06685877686696667
0.06699259066484065
0.06712640464964421
0.06726021886526293
0.06739403335914181
0.0675278481851528
0.06766166343826575
0.06779547900466475
0.06792929465317701
0.06806311036375698
0.06819692615878947
0.06833074207613636
0.0684645534839914
0.06859836032743573
0.06873216436892676
0.06886547131893923
0.06899892476437662
0.06913166836835311
0.06926429780098275
0.06939691740327859
0.06952889708714921
0.06966101175749184
0.06979255685682091
0.06992394137190625
0.07005554162746978
0.07018641019306436
0.07031735289617401
0.07044800839555523
0.07057839572155085
0.07070895143142554
0.07083901652594378
0.07096903494785711
0.07109913454802792
0.07122879906941139
0.071358506430104
0.07148803770278384
0.07161737624401411
0.07174684456150765
0.07187600769355633
0.07200508677432638
0.07213428935554117
0.07226314491351939
0.07239200204659503
0.07252084738778103
0.07264948581123915
0.07277820678613973
0.0729068026760674
0.07303528092321739
0.07316389638973481
0.0732923608628841
0.07342078205591453
0.0735493537133404
0.07367776161239413
0.07380616059792849
0.07393471927669731
0.0740631488423187
0.07419158921266196
0.07432018213366434
0.07444865619581154
0.07457715240990678
0.07470579374523939
0.07483435041815623
0.07496293062745929
0.07509164206335088
0.07522030874046973
0.07534899407825957
0.07547779112365748
0.07560660735701726
0.07573542810271905
0.07586433527864384
0.07599331784142627
0.07612229185884829
0.0762513323698748
0.07638050055115962
0.07650966275721183
0.07663887228790363
0.07676816102769854
0.07689756576770833
0.07702696262252859
0.07715636413270231
0.07728583469895613
0.07741545358084649
0.07754506716741372
0.07767468772143182
0.07780439277154387
0.07793427315389796
0.07806432055360653
0.07819436784359657
0.07832447578152595
0.07845475731714918
0.07858509246600595
0.07871545737984297
0.0788458952603181
0.07897644259393212
0.07910701277298328
0.0792376176187206
0.07936830609186445
0.07949906631244225
0.07962985846063976
0.07976069197433847
0.07989161963236231
0.08002260956568549
0.08015363602421073
0.0802846519396077
0.08041566721427044
0.080546646996197
0.08067760313123201
0.0808085527653495
0.08093949944806694
0.08107041429853704
0.08120131187584413
0.08133220543746161
0.08146309340113034
0.0815939553662106
0.08172480474991628
0.08185565079549369
0.08198648928792319
0.08211730911036433
0.08224812005188294
0.08237892689687848
0.08250972670805649
0.08264051494814111
0.08277129344975767
0.08290206042548078
0.08303281860312504
0.0831635743307271
0.08329431702290867
0.08342504674200336
0.08355576797232386
0.08368648681526165
0.08381720262390147
0.08394790738363131
0.08407860354146614
0.08420929511852883
0.08433999340816849
0.08447068757860987
0.08460137177893484
0.0847320519503344
0.08486274195737911
0.08499344255459902
0.08512413825076867
0.08525483567772325
0.08538554795292622
0.08551626424912452
0.08564698109853196
0.08577770570442454
0.08590844562770138
0.08603918552497487
0.08616992620015897
0.08630067875361339
0.08643145100261086
0.08656222076082845
0.08669299298468432
0.08682378391216194
0.08695460513599655
0.08708542029910517
0.0872162431077369
0.08734709576283248
0.08747798329343387
0.08760886700688925
0.08773976128592968
0.08787071788691936
0.0880016897344633
0.08813266080356265
0.08826365830025808
0.08839474830133555
0.08852582729756132
0.08865690356103773
0.08878803951235413
0.08891926231993207
0.08905047116935139
0.08918169985748305
0.08931302224445924
0.08944439931477249
0.08957576125557107
0.08970718035632226
0.08983872873164318
0.08997027291415795
0.09010183410656049
0.09023348856285629
0.09036525800903836
0.09049700496975514
0.09062880819929256
0.09076074262312794
0.09089271587189003
0.09102470484693033
0.09115678935928045
0.09128902402462963
0.09142123471960088
0.09155350470605662
0.09168591311372457
0.09181837283718217
0.09195085262291355
0.09208343368517383
0.09221603515543356
0.09234862123198742
0.09248116448483491
0.09261366627935587
0.09274614407447443
0.09287860613613927
0.09301102238980098
0.09314340344489591
0.09327576753388726
0.09340811152805682
0.09354041186563689
0.09367268487587678
0.09380494454049625
0.09393717696778014
0.09406937331990073
0.09420154968878473
0.09433371414693774
0.0944658478900393
0.09459795122382268
0.09473003994118989
0.09486211898537771
0.09499416531636753
0.09512618789414647
0.09525819808900635
0.09539019910426164
0.0955221688251055
0.09565412051605426
0.09578606395505064
0.09591799372385593
0.09604989721836087
0.09618178765067448
0.09631367296693502
0.09644554251606284
0.09657739123216
0.09670922992737357
0.09684106489909572
0.09697288400749353
0.09710468745823032
0.09723648413110821
0.09736827708318165
0.09750005656871806
0.09763182414032391
0.09776358674669486
0.09789534604770174
0.09802681929782678
0.09815847537136058
0.09828951470186259
0.09842051754894275
0.0985515344333483
0.09868205701176981
0.09881267541974002
0.0989429631474676
0.09907308789795327
0.09920340669757098
0.0993332525100759
0.09946307647459891
0.09959289281660816
0.09972238736296278
0.09985193533578075
0.09998132565149161
0.1001105588472665
0.1002399358179921
0.1003689962650795
0.1004979824858333
0.1006271186945776
0.1007559478227763
0.1008847859801162
0.1010136404768091
0.1011423033801118
0.1012710404950235
0.1013997138889061
0.1015282834926327
0.1016569659089868
0.1017855488688973
0.1019140881901626
0.102042755330577
0.1021713402565335
0.1022999054102272
0.1024285991220142
0.1025572400441041
0.1026858686928452
0.1028146202945437
0.1029433773532043
0.103072121735798
0.1032009726355808
0.103329859965128
0.1034587327136681
0.1035876962175253
0.1037167353003129
0.1038457518037601
0.1039748410640968
0.1041040526690802
0.1042332306788182
0.1043624594309127
0.1044918010598157
0.1046211633814327
0.1047505616021376
0.1048800311602088
0.1050096115276142
0.1051392089910257
0.1052688072652763
0.1053984521553881
0.1055282204451408
0.1056580640212209
0.1057879056381136
0.1059177987474777
0.1060478392710427
0.1061781166454501
0.1063084065161435
0.1064387248635985
0.1065691830558494
0.1066997249858436
0.1068303022468493
0.1069609295645436
0.107091690607141
0.1072224679652243
0.1073532875694382
0.1074841628718149
0.1076151497453901
0.1077461592739353
0.1078771961644358
0.1080082187523091
0.1081392268655974
0.108270192415542
0.1084011367300579
0.1085320708308428
0.1086629897753589
0.1087938749314735
0.108924742509882
0.1090556016391526
0.1091864435104576
0.1093172631222614
0.1094480670230665
0.1095788493316328
0.1097096172547602
0.1098403719369702
0.1099711068322532
0.1101018208541527
0.1102325174514834
0.1103632022651184
0.1104938775164853
0.1106245318918408
0.1107551698221535
0.1108857977611773
0.1110164237325692
0.1111470306338624
0.1112776214440229
0.1114082018540867
0.1115387800853793
0.1116693506469889
0.1117999045094344
0.1119304448335636
0.1120609825527125
0.1121915264213955
0.112322051518626
0.1124525628043128
0.1125830760877824
0.1127136036109772
0.1128441126755394
0.1129746135221855
0.1131051238328225
0.1132356482059837
0.1133661577153795
0.1134966659322633
0.1136271922942325
0.1137577255483846
0.1138882473181126
0.114018773630203
0.1141493262729781
0.1142798725885929
0.1144104127495258
0.1145409657356633
0.1146715474630602
0.1148021162161297
0.1149326865088995
0.1150632773881455
0.1151938893779638
0.1153244928212622
0.1154551086677711
0.1155857791385056
0.1157164424813286
0.1158471051533027
0.1159777982012558
0.1161085495094315
0.1162392884271593
0.1163700299101995
0.1165008387803984
0.1166316834161534
0.1167625179089974
0.1168933779175871
0.1170243400118625
0.1171553104562945
0.1172862703620723
0.1174172923921809
0.1175484372594223
0.1176795571949288
0.1178106974307151
0.1179419352668335
0.118073257545408
0.118204561709937
0.1183359260725523
0.1184674253915388
0.1185989430054118
0.118730478892919
0.1188621141821404
0.11899388649554
0.1191256368746066
0.1192574489726856
0.1193894022230947
0.1195214030702832
0.1196534238692275
0.119785549942919
0.1199178267594401
0.1200500855480134
0.1201824124540966
0.1203148881218454
0.1204474074263827
0.1205799195885265
0.1207123796509078
0.1208448062244757
0.1209772190453598
0.121109604321448
0.1212419471949112
0.1213742659940112
0.121506576269412
0.1216388476651662
0.1217710845441625
0.1219033050083469
0.1220355168484546
0.1221676877035048
0.1222998312017789
0.1224319631713394
0.1225640801133694
0.1226961613828385
0.1228282229519994
0.122960276771282
0.1230923111746337
0.1232243153100451
0.1233563055869202
0.1234882912959634
0.123620254669064
0.12375219556474
0.1238841260334754
0.1240160494172191
0.1241479525936638
0.124279838667655
0.1244117158218899
0.124543582631238
0.1246754345521436
0.124807273247437
0.1249390939008435
0.1250709000034304
0.1252026942420713
0.1253344786798557
0.1254662451845679
0.1255979970005796
0.1257297362560851
0.1258614669440613
0.1259931866173783
0.1261248543858458
0.12625645603524
0.1263880827068941
0.1265191481482097
0.1266503241941941
0.1267811081753105
0.1269117222833631
0.1270425460536899
0.1271728060213634
0.1273030675142121
0.1274332795584495
0.1275631671733587
0.127693129807946
0.1278228588798407
0.1279524459144967
0.128082197980621
0.1282115644077521
0.1283408800175277
0.1284702437608054
0.1285993250134822
0.1287284410937794
0.1288574672456389
0.1289863231964215
0.1291152938210643
0.1292440704862436
0.1293727689401817
0.1295016276791171
0.1296302756713501
0.1297589088087084
0.1298877138069794
0.1300163068407393
0.1301449131345168
0.1302736633481053
0.1304022719126857
0.1305309123454887
0.1306596804811029
0.1307883484879115
0.1309170547282559
0.1310459030046419
0.13117467024463
0.1313034728296693
0.1314324131018015
0.1315612973849355
0.1316902107893258
0.1318192387739846
0.1319482610961741
0.1320773017042292
0.1322064333190355
0.132335631506729
0.132464830129347
0.132594100692287
0.1327235027617316
0.1328528894271049
0.1329823270064178
0.1331118462828764
0.1332414598864245
0.1333710673654973
0.1335006797622174
0.1336303691837684
0.1337602118770614
0.1338900310690583
0.1340198584716065
0.134149779247518
0.1342798828489851
0.1344101267350249
0.1345403652362225
0.134670675208759
0.134801167166146
0.1349316979728383
0.1350622440619048
0.1351928662842586
0.1353236052216763
0.1354543612310664
0.1355851351631015
0.1357159933086104
0.1358469271984948
0.1359778249221539
0.1361087071667346
0.1362395900562648
0.1363704325323656
0.1365012465203379
0.1366320519697424
0.1367628575881462
0.1368936261712359
0.137024373790981
0.1371551189663612
0.1372858605538867
0.137416572467756
0.1375472696578646
0.1376779669178378
0.1378086596836418
0.1379393281676814
0.1380699872107213
0.1382006472773075
0.1383313033934322
0.1384619403082341
0.1385925717264005
0.1387232028359575
0.1388538324563149
0.1389844467054888
0.139115057213957
0.1392456666527306
0.1393762760714787
0.139506875446163
0.1396374726478811
0.1397680698301074
0.1398986672019842
0.1400292609887893
0.1401598527333453
0.1402904435171885
0.1404210355287337
0.1405516278463559
0.1406822203589774
0.1408128141227504
0.1409434106339699
0.1410740084801692
0.1412046091250532
0.1413352149009914
0.141465822600717
0.1415964328700563
0.1417270478034437
0.1418576710363732
0.1419883010890664
0.1421189344640219
0.1422495737492479
0.1423802226297549
0.1425108878114138
0.1426415570432836
0.1427722341281236
0.1429029216884175
0.143033634383247
0.1431643559478615
0.1432950859051841
0.1434258272290697
0.1435565987434311
0.1436873943762894
0.1438181972402294
0.1439490148696928
0.1440798653479128
0.1442107545655741
0.144341649545638
0.1444725627149671
0.1446035220733279
0.1447345302627113
0.144865541792976
0.1449965700192982
0.1451276710061272
0.1452588247983774
0.1453899813458362
0.1455211686792734
0.1456524567808732
0.1457837779926054
0.1459150931944186
0.1460464722219602
0.146177988523073
0.1463094895233798
0.1464410122764332
0.1465726355537806
0.14670436706735
0.1468360806001977
0.1469678560981327
0.1470997712053947
0.1472317201181895
0.1473636892200124
0.1474957623209129
0.147627978106241
0.1477601754573877
0.1478924403886977
0.1480248525412779
0.148157307850436
0.1482897895276499
0.148422299813326
0.1485547797386618
0.1486872424906465
0.1488196633670522
0.1489520416080056
0.1490843987541793
0.1492167402379326
0.149349035675091
0.1494812986242047
0.1496135446418536
0.1497457691762694
0.1498779507124063
0.1500101085158032
0.1501422533757861
0.1502743717865017
0.1504064549183589
0.1505385201581725
0.1506705725094339
0.1508025962584394
0.1509345932199442
0.1510665739467346
0.1511985413714521
0.1513304822995633
0.1514624025176867
0.1515943092453397
0.1517261986192711
0.151858068621531
0.1519899170975229
0.1521217452109284
0.1522535538576866
0.1523853474311948
0.1525171253695612
0.1526488803248232
0.1527806165126855
0.152912336463661
0.1530440423336818
0.1531757324382492
0.1533074036843555
0.1534390583992151
0.1535706998859418
0.1537023321556064
0.1538339449151776
0.1539655419104139
0.1540971256396738
0.1542287020280038
0.1543600526819048
0.1544915646460971
0.1546225040650633
0.1547533559433284
0.1548843459536404
0.1550147453517602
0.1551452162569605
0.1552754329247594
0.1554054294288625
0.1555355860776794
0.1556653145557409
0.1557949900502764
0.1559247570290861
0.1560541325224978
0.1561835286057554
0.1563128226996426
0.1564419177170098
0.1565711243058602
0.1567000635482525
0.1568288990967792
0.1569579231508491
0.1570865929658334
0.1572152482583371
0.1573439633801576
0.1574724546279839
0.1576009979460604
0.1577294977303924
0.1578578665340515
0.1579863358991084
0.1581147411801969
0.1582430816015513
0.1583715343588943
0.1584999284763881
0.1586282870990234
0.1587567629255426
0.1588852121690043
0.1590136397202269
0.1591421789001928
0.1592707310198102
0.1593992626355035
0.1595278948568912
0.15965657580199
0.1597852342404542
0.1599139788194865
0.1600428057966725
0.1601716042560827
0.1603004724701042
0.1604294656491102
0.1605584272844298
0.1606874385159529
0.1608165603354822
0.1609457057982693
0.1610748858372782
0.1612041408355117
0.1613335095840995
0.1614628923027235
0.1615922820762039
0.1617217200060455
0.1618512840248677
0.1619809067910913
0.1621105295769988
0.1622402076546724
0.1623700360911533
0.1625001022284022
0.1626301822681731
0.1627602899564759
0.1628905390010552
0.1630208922039739
0.163151283720723
0.1632817316053927
0.163412301878915
0.1635428911577918
0.1636735281811796
0.1638042310351126
0.1639350367060808
0.1640658670637226
0.1641967481148578
0.1643277021513467
0.164458740302344
0.1645897638323074
0.1647207675836012
0.1648517671359526
0.1649827488189395
0.1651136978280478
0.1652446329343534
0.1653755662452897
0.1655064824959745
0.1656373726390764
0.1657682534017927
0.1658991313289687
0.1660299958186328
0.1661608401944492
0.1662916767212153
0.1664225089261153
0.1665533321969816
0.166684141409802
0.1668149399962149
0.1669457257249259
0.1670765018583656
0.1672072746682774
0.1673380321541616
0.1674687749393841
0.1675995082355297
0.1677302383796082
0.1678609604493083
0.1679916688412513
0.1681223659649241
0.1682530580232969
0.168383755192305
0.168514438588615
0.1686451082341319
0.1687757702367246
0.1689064412460249
0.1690371100526341
0.1691677648063701
0.1692984169696963
0.169429084322125
0.1695597529328118
0.1696904114696804
0.169821073910631
0.1699517598564274
0.1700824413588529
0.1702131190993208
0.1703438061766581
0.1704745155767955
0.1706052166893779
0.1707359192967952
0.170866637944438
0.1709973743256653
0.1711281042301195
0.1712588426322643
0.1713896051459479
0.1715203790319379
0.1716511500903414
0.1717819371645762
0.1719127779072604
0.1720436074586084
0.1721744402706623
0.1723053054384409
0.1724362256359366
0.1725671371937843
0.1726980531876868
0.1728290369419814
0.1729600532133715
0.1730910616899669
0.1732220968226842
0.1733532337287168
0.1734843756142764
0.173615508998046
0.1737467048055336
0.1738780171555327
0.174009304781514
0.1741406143951511
0.1742720214801661
0.1744035054914186
0.174534973360684
0.1746665025128943
0.1747981654305924
0.1749298400909344
0.1750615349801593
0.1751933289531695
0.1753252524190035
0.1754571553054732
0.1755891201397366
0.1757212262509316
0.17585337209507
0.1759855400621043
0.1761178120066948
0.1762502288504517
0.1763826290372831
0.1765150108490203
0.1766473501958782
0.1767796672341927
0.1769119688617146
0.1770442172581667
0.1771764309707597
0.1773086302473894
0.1774408023112469
0.1775729313526101
0.177705035440765
0.1778371311971003
0.1779691886857933
0.178101212083186
0.1782332185918566
0.1783652189083131
0.1784971778515745
0.1786291096041839
0.1787610306391082
0.1788929377359135
0.1790248103922035
0.1791566628950807
0.1792885104195465
0.1794203385911463
0.1795521392609312
0.1796839261358037
0.1798157116699542
0.179947473520793
0.1800792132293154
0.1802109443955378
0.1803426760680126
0.1804743831156624
0.1806060730945873
0.1807377592963421
0.1808694438943179
0.1810011060668843
0.1811327561768128
0.1812644042784008
0.1813960490506497
0.1815276748115442
0.1816592923835271
0.1817909086986584
0.1819225204193561
0.1820541180451425
0.1821857106929446
0.182317301609743
0.1824488776127706
0.1825804570158412
0.1827118675076122
0.1828428743991236
0.1829740279429242
0.1831046977257877
0.1832352815801975
0.1833660488385166
0.1834962544991236
0.183626502516864
0.183756569741191
0.1838864058162665
0.1840163718197607
0.1841460231918319
0.1842755893592254
0.1844052864220108
0.184534589846005
0.1846638878405743
0.1847931564465669
0.1849222062152712
0.1850513362397627
0.1851802996924116
0.1853091380361692
0.1854381283451159
0.1855668953547798
0.1856956202923622
0.185824524684999
0.1859531789529192
0.1860818439787072
0.1862106320477545
0.1863392504319673
0.1864679112108434
0.1865966504681058
0.186725285970289
0.1868539775185324
0.1869827656311291
0.1871114802309095
0.1872402523033535
0.1873691359313561
0.1874979596598711
0.1876268373654625
0.187755857065684
0.187884820964649
0.1880138286996456
0.1881429553294544
0.1882720790045824
0.1884012334992971
0.1885304847873251
0.1886597947051913
0.1887891182594141
0.1889185217703052
0.1890480402444618
0.1891775568089105
0.189307127922871
0.1894367847669192
0.1895665236438815
0.189696260121483
0.1898260080306749
0.1899558451131668
0.1900858307468909
0.1902158022847705
0.1903457874927147
0.1904758757449415
0.1906061564094553
0.1907365907000506
0.1908670250130905
0.190997537137008
0.1911282282508608
0.1912589409247994
0.1913896821017002
0.1915205116896679
0.1916514285137192
0.1917823749102854
0.1919133559968453
0.1920444293408614
0.1921754659116143
0.1923064650542899
0.1924374450111987
0.1925684173561557
0.1926993530342204
0.192830260207377
0.1929611539134758
0.1930920383594587
0.1932228903963202
0.193353720802574
0.1934845416881969
0.193615352422746
0.1937461381915725
0.1938769077263712
0.1940076689728568
0.1941384159100361
0.1942691501312556
0.1943998663272568
0.1945305621467854
0.1946612416710859
0.1947919084247846
0.1949225685192422
0.195053208617664
0.1951838308135337
0.1953144414785307
0.1954450472896876
0.1955756406648391
0.1957062170795989
0.1958367808892831
0.1959673394382972
0.1960978973710865
0.1962284379177703
0.1963589621754589
0.196489478711339
0.1966200041134947
0.1967505173005409
0.1968810131226845
0.1970115037415978
0.1971420106310166
0.1972725081170103
0.1974029922440302
0.1975334784936162
0.1976639897331459
0.1977944864622736
0.1979249763294623
0.1980554774781226
0.1981859996603723
0.1983165072892094
0.1984470140237697
0.1985775403381883
0.1987080768487214
0.1988386042516828
0.1989691386031483
0.1990997023975909
0.1992302645324263
0.1993608255365519
0.1994914036416873
0.1996220201394247
0.1997526249782702
0.1998832381428165
0.2000138873610916
0.2001445616978501
0.2002752297373779
0.2004059103309832
0.2005366664533491
0.2006674236788105
0.2007981797870145
0.200928973119105
0.2010598573700932
0.2011907297488855
0.2013216032826713
0.2014525504133539
0.2015835760549201
0.2017145869834463
0.2018456294755088
0.2019767806135439
0.2021079785016535
0.2022391692080659
0.2023704295695439
0.2025018351584052
0.2026332273776201
0.2027646460187309
0.2028961726959106
0.2030278143425212
0.2031594400973115
0.2032911349357278
0.2034229788445443
0.2035548581448768
0.2036867625374141
0.2038187792573634
0.2039509431062364
0.2040830912615126
0.2042153137145613
0.2043476930801356
0.2044801194727996
0.2046125745111463
0.2047451193085349
0.2048776331030238
0.2050101353141775
0.2051425942421101
0.2052750134311974
0.2054074117646345
0.2055397999804033
0.2056721381725336
0.2058044438291586
0.2059367357598868
0.2060690069064522
0.2062012368229072
0.2063334427772207
0.2064656406501
0.2065978080437903
0.2067299420442193
0.2068620595103614
0.2069941704096658
0.2071262482055669
0.2072582988778137
0.2073903382441819
0.207522371827384
0.2076543717504059
0.2077863523821399
0.2079183259938987
0.2080502902482989
0.2081822252536384
0.2083141462818956
0.2084460611141625
0.2085779642228764
0.2087098458617793
0.2088417159341961
0.2089735684763089
0.2091054062242013
0.2092372299109308
0.2093690393991407
0.2095008287265938
0.2096326023986598
0.2097643616127348
0.2098961112409315
0.2100278435231101
0.2101595586588077
0.2102912600176858
0.210422951520009
0.2105546335587232
0.2106862113268992
0.2108178596999273
0.2109491972033736
0.2110802468681436
0.2112114734007256
0.2113421659334149
0.2114728182202561
0.2116035260176961
0.2117337836759237
0.2118640989235672
0.2119941907056665
0.2121240954855318
0.2122541484021125
0.2123838609944354
0.2125135005855327
0.2126432245914093
0.2127726049443588
0.212901994948953
0.2130313411509168
0.2131604905184077
0.2132897357989381
0.2134188109040302
0.213547775131285
0.2136768937501686
0.2138058020719857
0.2139346765631659
0.2140637232890886
0.2141925465280714
0.2143213740193546
0.2144503560149008
0.2145791736813522
0.214708020940374
0.2148369688659606
0.2149658080437964
0.2150946906875675
0.2152236881524749
0.2153526013704197
0.2154815585236095
0.2156106489150793
0.2157396641368888
0.2158687186404024
0.2159979013855949
0.216127064474375
0.2162562522672034
0.216385542454414
0.2165148735665898
0.2166442141999121
0.2167736347392239
0.2169031635513149
0.2170326847264709
0.2171622689837044
0.2172919637484358
0.2174217088926257
0.2175514700942426
0.2176812689208186
0.2178111679569018
0.217941111473555
0.2180710438741766
0.2182010164362761
0.2183311146154436
0.2184614218435814
0.2185917280415645
0.2187220523712114
0.2188525026281226
0.2189831747443086
0.2191138636727558
0.2192445745019612
0.2193754087295953
0.2195063253704832
0.2196372689187908
0.2197682446901041
0.2198993496455425
0.2200304834058074
0.2201616520834384
0.2202928333262606
0.2204239865333856
0.2205551072685177
0.2206862126917263
0.2208173219706797
0.2209484001042676
0.2210794526422217
0.2212104968511966
0.2213415466621013
0.2214725660793278
0.2216035646457344
0.2217345611269687
0.2218655622505841
0.2219965368602709
0.2221274959018568
0.2222584548583755
0.2223894151559194
0.2225203553331795
0.2226512842459976
0.2227822128516455
0.2229131402866286
0.223044054309291
0.2231749604371506
0.2233058648650311
0.2234367690722453
0.2235676651830633
0.2236985547294023
0.2238294418292048
0.2239603257337309
0.2240912082614089
0.224222084537307
0.2243529548091637
0.2244838220895013
0.2246146912316575
0.2247455613769611
0.2248764278347024
0.2250072904958232
0.2251381530132094
0.2252690256318859
0.2253998988524451
0.2255307721143112
0.2256616507004416
0.2257925338022341
0.2259234191950607
0.2260543093304451
0.2261852102340174
0.2263161132319971
0.2264470199320883
0.2265779314342783
0.2267088561267352
0.226839789418756
0.2269707250237257
0.2271016653831746
0.2272326255122356
0.2273636028035567
0.2274945803985736
0.2276255664242935
0.2277565782612699
0.2278876150171405
0.2280186517240111
0.2281497027103895
0.2282807995670573
0.2284119211433921
0.2285430449931237
0.2286741852294864
0.228805403264901
0.2289366281069072
0.2290678580172283
0.2291991245656378
0.2293304877202861
0.229461844941961
0.2295932042722491
0.2297246322543357
0.2298561568814492
0.2299876700185791
0.2301192102600558
0.2302508521630846
0.2303825629307199
0.2305142613032125
0.2306460228899396
0.2307779227593384
0.2309098333049859
0.2310417634612846
0.2311737948149684
0.2313059624262735
0.2314381080445318
0.2315703157843242
0.2317026652499988
0.2318350696043837
0.2319674920150571
0.2321000190304283
0.232232705377404
0.2323653718065528
0.2324981010615667
0.2326307949766396
0.2327634714659889
0.2328961114661418
0.2330287050526482
0.233161273726274
0.2332938269774328
0.233426336923402
0.2335588093745512
0.2336912637178306
0.2338237025760231
0.2339560958900167
0.2340884612178894
0.2342208112349963
0.2343531405398959
0.2344854298659904
0.2346176986777219
0.2347499548951382
0.234882186562293
0.2350143871738442
0.2351465698815736
0.235278738895631
0.2354108842761155
0.2355430053170769
0.2356751096075482
0.2358071946884654
0.2359392619652665
0.2360713056733517
0.2362033287394917
0.2363353294263441
0.2364673133296126
0.2365992812833429
0.2367312275428519
0.2368631529637126
0.2369950616831328
0.2371269547508096
0.237258833946013
0.2373906929199468
0.2375225343571161
0.2376543615098896
0.2377861799503098
0.2379179786462021
0.2380497611443736
0.2381815303999263
0.2383132917600213
0.2384450402184286
0.2385765511394342
0.2387081678107649
0.2388393838586119
0.2389703758258697
0.2391015775448586
0.2392321819860275
0.2393627850130411
0.2394933487722718
0.2396235311948526
0.2397537983134774
0.239883786174456
0.2400136274030918
0.2401436462191796
0.2402732545902184
0.2404028212458283
0.2405324021350295
0.2406616859052448
0.2407910094017354
0.2409202153692895
0.241049255847167
0.2411784250661101
0.2413073513338679
0.2414361995078199
0.2415652319660578
0.2416939857029214
0.2418227356245355
0.2419516036670208
0.2420802629228742
0.2422089568349594
0.2423377407879432
0.2424663957512963
0.2425951075079364
0.242723872839641
0.2428525593789031
0.2429813169327237
0.243110150696375
0.243238924722625
0.243367767589131
0.2434967194316379
0.2436256135150556
0.2437545699617537
0.2438836676824843
0.2440127328289441
0.2441418437618908
0.2442710698166567
0.2444003432296391
0.2445296435834628
0.2446590374642726
0.2447885496895813
0.244918069195194
0.2450476633950734
0.2451773812058712
0.2453071512347188
0.2454369470681022
0.245566796580875
0.245696769071014
0.245826767409896
0.2459567784663599
0.246086856823812
0.2462170895385146
0.2463474410196818
0.2464778124208236
0.2466082444749192
0.2467388187207975
0.2468694021698217
0.2470000077256557
0.2471305952115368
0.2472611760747096
0.2473917694998925
0.2475223864725201
0.247653070815537
0.2477839285798808
0.2479150039142404
0.2480461006092807
0.248177196049952
0.2483084028269539
0.2484396616020099
0.2485709340537257
0.2487022374457911
0.2488335274140013
0.2489647928971629
0.249096051077221
0.2492273059865247
0.249358527624785
0.2494897309773009
0.2496209295495275
0.2497521224227533
0.2498832902510894
0.2500144444943809
0.2501455943957397
0.2502767372233313
0.2504078641258137
0.2505389807970413
0.2506700861029705
0.2508011774096437
0.2509322606969756
0.2510633344603042
0.2511943914379772
0.2513254338860785
0.2514564681326337
0.251587501438453
0.2517185202104014
0.2518495244204678
0.2519805173279912
0.2521115060392325
0.2522424965566179
0.2523734703494222
0.2525044287490741
0.2526353814132356
0.2527663474260048
0.2528972974834398
0.2530282331726875
0.2531591682773191
0.2532901254876454
0.2534210658115505
0.2535519971821106
0.2536829366212747
0.2538138956769517
0.2539448393578172
0.2540757813940215
0.2542067412835433
0.2543377120266925
0.2544686725751028
0.2545996376105913
0.2547306288455207
0.254861620088515
0.2549926081188902
0.2551236091705805
0.2552546462924472
0.2553856721307057
0.2555167025006382
0.2556477513067956
0.2557788321132163
0.2559099043784169
0.2560409889584267
0.2561721225013759
0.2563032698240532
0.2564344129433073
0.2565655740221595
0.2566968230473995
0.2568280687083723
0.2569593098794094
0.2570905977024046
0.2572219956314785
0.2573533714803956
0.2574847453207109
0.2576161920891717
0.2577477961523285
0.257879428933916
0.2580110667426551
0.2581427850971969
0.2582746643585066
0.2584067181465386
0.2585387887604423
0.2586709538155831
0.2588031187453023
0.2589353045375504
0.2590675581596523
0.2591999209253548
0.2593324285878232
0.2594651117312883
0.2595979960646308
0.2597308985094346
0.2598637408585303
0.2599965449844652
0.2601293322112512
0.2602620813003063
0.2603947829433154
0.260527455707308
0.2606601183583722
0.2607927305927499
0.2609253044278813
0.2610578590299455
0.2611903987712806
0.2613228888345189
0.2614553476674449
0.2615877941609365
0.2617202143570421
0.2618525946683386
0.2619849522024609
0.2621173035806667
0.2622496198405305
0.262381904139867
0.2625141728388685
0.2626464366476556
0.2627786630457734
0.2629108628512719
0.2630430529749576
0.2631752346579607
0.2633073831703804
0.2634395122433028
0.2635716356825784
0.2637037469285273
0.2638358304727482
0.2639679000380195
0.2640999672754205
0.2642320173152831
0.2643640444370514
0.2644960627585214
0.2646280785800541
0.2647600722863733
0.2648920502999613
0.2650240234319682
0.2651559907664979
0.2652879361267024
0.2654198713007646
0.26555180366743
0.2656837304270142
0.2658156434040477
0.265947548796794
0.2660794499811016
0.2662113425275114
0.2663432287788872
0.2664751114411194
0.2666069845288793
0.2667388486345035
0.2668707071637819
0.2670025637554247
0.267134423635538
0.2672662945604606
0.2673981703337284
0.2675300496820204
0.2676619375497025
0.2677938375347081
0.2679257548470698
0.2680576903149813
0.2681896324959
0.2683215842515245
0.2684535371369807
0.2685854937702252
0.2687174581577521
0.2688494350554461
0.2689814524828078
0.2691135444689963
0.269245740406174
0.2693780653108747
0.2695105401210371
0.2696431820336436
0.2697759462837023
0.2699087133698598
0.2700414833357536
0.2701742561146186
0.2703070304704479
0.2704398056654
0.2705725818143295
0.2707053601561159
0.2708381419596727
0.2709709281657323
0.2711037204566171
0.2712365170779152
0.2713693162140561
0.2715021149471726
0.2716349101117508
0.2717677091069989
0.2719005250420792
0.2720333703575211
0.2721662076164323
0.2722990392614486
0.2724318787252448
0.2725647382438737
0.2726976273969942
0.272830555029783
0.272963523558383
0.2730964921751407
0.2732294683776293
0.2733624573718045
0.2734954650978021
0.2736284984003857
0.2737615633754931
0.2738946668053451
0.2740278158661968
0.2741610176290371
0.274294262225407
0.2744275189432428
0.2745607899960366
0.2746940772168035
0.2748273826466414
0.274960708763626
0.2750940277456923
0.2752273055351734
0.2753605481294766
0.2754937716694385
0.275626970434751
0.2757601313389523
0.2758932738170905
0.2760264012671799
0.2761595072493647
0.2762925843669059
0.2764256311092895
0.2765586499528579
0.2766916388932598
0.276824599186381
0.2769575337096781
0.2770904456166173
0.2772233341920008
0.2773562031133305
0.2774890608012641
0.2776219175465055
0.2777547582358971
0.2778875821931234
0.2780203940371374
0.2781531937229728
0.2782859873813137
0.2784188041518513
0.2785516241597787
0.2786844433597305
0.27881726680528
0.2789501127352384
0.2790830115927037
0.2792159883620112
0.2793490635485574
0.2794822541274916
0.2796155741309618
0.2797488840895318
0.2798821711759988
0.2800154395509844
0.2801486893129699
0.2802819184134988
0.280415125878907
0.2805483155852689
0.2806814895231139
0.2808146447125131
0.2809477802234783
0.2810808992374948
0.281214004393704
0.2813470989224476
0.2814801771847445
0.2816132416174487
0.2817462942175348
0.2818793361594494
0.2820123698261322
0.2821453989553624
0.282278422980686
0.2824114412150104
0.2825444546488279
0.2826774654546468
0.2828104739743441
0.282943484893564
0.2830764984682286
0.2832095130432996
0.2833425298660049
0.2834755489865506
0.2836085706702772
0.2837415954955834
0.2838746243610425
0.2840076590494241
0.2841407011950728
0.2842737581656996
0.2844068236829981
0.284539894444327
0.2846729704914192
0.2848060581615896
0.284939176402493
0.2850723281995523
0.2852054743454364
0.2853386231735912
0.2854717944150895
0.2856050145043679
0.2857382939723079
0.2858715537090129
0.2860048264402234
0.2861381427534936
0.2862715237210531
0.2864049855244095
0.2865384803602463
0.2866720015777736
0.2868055648324045
0.2869391808129375
0.2870728619946187
0.2872065927310403
0.2873403223041336
0.2874740512356762
0.2876077806632805
0.2877415122885073
0.2878752461492575
0.2880089794093344
0.2881427122040349
0.288276444557869
0.2884101764252774
0.2885439078747272
0.288677639627069
0.2888113727841486
0.288945107820903
0.2890788459627209
0.2892125858426607
0.2893463263652966
0.2894800680101802
0.289613811241717
0.2897475565080296
0.2898813042124905
0.2900150547330352
0.2901488083903652
0.2902825655061213
0.2904163263632142
0.2905500895859232
0.2906838550060019
0.2908176228178254
0.2909513931447923
0.2910851661423415
0.291218941868581
0.2913527203654748
0.291486501573527
0.2916202856839062
0.2917540727506698
0.2918878627673387
0.2920216557153863
0.2921554519001595
0.292289250175275
0.2924230374386054
0.2925568038272567
0.2926905415850421
0.292824261298762
0.2929579695431019
0.2930916492610804
0.2932253065712283
0.2933589514362696
0.2934925786024222
0.2936261795657512
0.2937597637112969
0.2938933388126537
0.2940268914651345
0.294160423330548
0.2942939433637349
0.2944274548369897
0.2945609460859102
0.2946944200987039
0.2948278840798803
0.2949613399902286
0.2950947835099615
0.2952282135422133
0.2953616317493767
0.2954950353742735
0.2956284272450733
0.2957618081003615
0.2958951788316183
0.2960285416500567
0.296161898664759
0.2962952507631623
0.2964285998549607
0.2965619418488646
0.2966952784904295
0.2968286104788672
0.2969619406206979
0.2970952718997428
0.2972286069190364
0.2973619438972806
0.2974952819358962
0.2976286215260959
0.297761965196049
0.2978953127537874
0.2980286674788676
0.2981620210652
0.2982953693577892
0.2984287198539932
0.2985620890741119
0.2986954847478214
0.2988288673230717
0.2989622479388445
0.2990956465189768
0.2992290801106043
0.2993625657704586
0.2994960384180199
0.299629513265015
0.2997630119384349
0.2998965459776468
0.3000301257584871
0.3001637640741307
0.3002974682332056
0.300431181256533
0.300564909901456
0.3006986617435348
0.3008324458886655
0.3009662701275583
0.3011001397511582
0.3012340206020813
0.3013679016924911
0.3015017832712937
0.3016356653766205
0.3017695480600083
0.3019034313573194
0.302037315257031
0.3021711997479589
0.3023050848286382
0.3024389704273794
0.3025728564245565
0.3027067427324696
0.3028406291781717
0.3029745158828906
0.3031084026134565
0.3032422891725831
0.3033761755154684
0.3035100621819695
0.3036439500790197
0.3037778396089267
0.3039117289484879
0.3040456184008075
0.3041795082308356
0.3043133986627951
0.3044472898680541
0.3045811820579114
0.304715075050183
0.3048489687687931
0.3049828633804586
0.3051167591887912
0.305250648915078
0.3053845124996585
0.3055183500086805
0.3056521666237473
0.3057859651791339
0.3059197339934291
0.3060534785022488
0.3061872052436561
0.3063209060009761
0.3064545798095374
0.3065882329398611
0.3067218663956024
0.3068554712193721
0.3069890525747117
0.3071226172205851
0.3072561528666168
0.3073896640730225
0.3075231562199466
0.3076566253924629
0.3077900675918774
0.3079234903474009
0.3080568983024326
0.308190276237614
0.3083236329710589
0.3084569739050384
0.3085902963079705
0.3087235929073532
0.3088568723054968
0.3089901402336089
0.309123387393127
0.3092566146203663
0.3093898272435176
0.3095230306135757
0.3096562210926599
0.3097893950444643
0.3099225566436855
0.3100557078052283
0.3101888507546518
0.31032198815059
0.3104551215342157
0.3105882493804698
0.3107213675490997
0.3108544780851267
0.3109875830021773
0.3111206846742461
0.3112537868662826
0.3113868925621917
0.3115200041237887
0.31165312164978
0.3117862451999262
0.3119193717567204
0.3120525015044447
0.3121856337990073
0.3123187695787894
0.3124519100055044
0.3125850541710478
0.3127182020137651
0.3128513538133491
0.3129845100479307
0.3131176702782789
0.3132508329202524
0.3133840053934973
0.3135171961330087
0.3136504135138806
0.3137836222277113
0.3139168274777361
0.3140500399016458
0.3141832687556991
0.3143165220067411
0.3144498067037912
0.3145831312493618
0.3147164808085188
0.3148498329137827
0.3149831917850847
0.315116561944514
0.315249946018251
0.3153833478033701
0.3155167724942816
0.3156502255246756
0.3157837117884628
0.3159172368002311
0.3160508033560664
0.3161844137880939
0.3163180490586611
0.3164516921777784
0.3165853450723853
0.31671900883627
0.3168526867298083
0.3169863796571534
0.3171200882125433
0.3172538130466445
0.3173875549011444
0.3175213149730867
0.3176550941793332
0.3177888929347001
0.3179227112845106
0.318056547826538
0.3181904013424066
0.3183242715337281
0.3184581583347612
0.3185920615398198
0.31872598075341
0.3188599153904265
0.3189938647928628
0.3191278285501611
0.3192618061278987
0.3193957969722478
0.3195298008330371
0.3196638178333914
0.3197978483070026
0.3199318822912681
0.3200659166085572
0.3201999515716032
0.320333987493456
0.32046802457612
0.3206020630044146
0.3207361030668797
0.3208701446218727
0.3210041874342731
0.3211382313793799
0.3212722762661229
0.3214063220289867
0.3215403686507372
0.3216744162048433
0.3218084648920466
0.3219425148311595
0.3220765661884653
0.3222106191046865
0.3223446737310751
0.3224787303587059
0.322612788970147
0.3227468487524127
0.3228809096229651
0.3230149715773051
0.3231490346587607
0.3232830989630115
0.3234171645387457
0.3235512310557879
0.3236852919589211
0.3238193466288825
0.3239533947482808
0.3240874364628415
0.3242214721038852
0.3243555025311405
0.3244895292003634
0.3246235542098991
0.3247575788699915
0.3248916035530967
0.325025624695891
0.3251596422836131
0.3252936560895003
0.3254276659043815
0.3255616718741575
0.3256956746369698
0.3258296758392679
0.3259636763753312
0.3260976769544835
0.3262316784103532
0.3263656812081886
0.3264996856350457
0.3266336903673755
0.3267676947216994
0.32690169876707
0.3270357029159666
0.3271697076723747
0.327303713308246
0.3274377200703248
0.3275717282858281
0.3277057383738591
0.3278397506673952
0.3279737651497772
0.3281077813389851
0.3282417990777728
0.3283758183876366
0.3285098394711293
0.32864386231418
0.3287778870359592
0.3289119133852492
0.329045941325216
0.3291799706596798
0.3293140011583569
0.3294480327557955
0.3295820653978503
0.3297160989752715
0.3298501331055997
0.3299841674492906
0.3301182020440944
0.330252237016488
0.3303862725497433
0.3305203088102304
0.3306543458403941
0.3307883836460268
0.3309224223208057
0.3310564624195844
0.331190504860754
0.3313245500262084
0.3314585960297949
0.3315926418755233
0.3317266876968391
0.3318607336160362
0.3319947797767897
0.3321288263188492
0.3322628735088098
0.3323969216755966
0.3325309711535933
0.3326650222401477
0.3327990751933423
0.3329331301179441
0.3330671873306074
0.3332012465575476
0.3333353065493349
0.3334693674953815
0.3336034295652209
0.3337374929819939
0.3338715579784151
0.3340056247862382
0.3341396936481391
0.3342737647849425
0.3344078384289336
0.3345419140081402
0.334675991232651
0.3348100703465604
0.3349441512063001
0.3350782337583233
0.3352123179924312
0.3353464039508996
0.3354804917489408
0.3356145815363191
0.3357486733364304
0.3358827671823947
0.336016863159303
0.336150961386026
0.3362850620594554
0.3364191643800445
0.3365532681002594
0.336687373169805
0.3368214795496085
0.3369555872241996
0.3370896962799087
0.3372238068131327
0.3373579188934516
0.3374920324437828
0.3376261472003156
0.3377602630122565
0.3378943798866893
0.3380284979555079
0.3381626175061306
0.3382967387066907
0.3384308616289217
0.3385649856800267
0.3386991092705091
0.3388332325407383
0.338967355681348
0.3391014788081918
0.339235601986026
0.339369725162151
0.3395038484389372
0.3396379720132153
0.3397720961595715
0.3399062210527204
0.3400403468349429
0.3401744737941353
0.3403086025694673
0.340442733533194
0.3405768663551115
0.3407109995593003
0.3408451334021197
0.3409792681248106
0.3411134039602287
0.3412475411394906
0.3413816799095919
0.3415158205105737
0.3416499632139117
0.34178410825996
0.3419182555739154
0.3420524043430674
0.3421865544396394
0.3423207058280091
0.3424548585435252
0.3425890126970541
0.3427231684906421
0.3428573260914076
0.3429914856137982
0.3431256471666712
0.343259810886639
0.3433939769255849
0.3435281454422447
0.343662315845456
0.3437964878484032
0.3439306612607317
0.3440648360820021
0.3441990123407674
0.3443331900344255
0.3444673692707182
0.3446015501034674
0.3447357326638421
0.3448699170789147
0.34500410339321
0.3451382915390419
0.3452724813964346
0.3454066730084363
0.3455408667007218
0.3456750626480026
0.3458092589103853
0.3459434553204814
0.3460776518095364
0.3462118484394011
0.3463460452865501
0.346480242415124
0.3466144398690748
0.3467486376668542
0.3468828357266471
0.3470170341229257
0.3471512328850797
0.3472854319577474
0.3474196314251037
0.347553831589421
0.3476880324092289
0.3478222340732292
0.3479564372806103
0.3480906418278216
0.3482248464213968
0.348359051328235
0.348493256820012
0.3486274631811109
0.3487616706997827
0.348895879679311
0.3490300903784115
0.3491643030649537
0.3492985179129317
0.349432734077426
0.3495669513157081
0.34970116963482
0.3498353891050259
0.3499696098811461
0.3501038321581059
0.3502380561239461
0.3503722819285828
0.350506509711235
0.3506407396340072
0.3507749719475981
0.3509092068854304
0.3510434436109468
0.3511776816456723
0.3513119209333144
0.3514461615195664
0.3515804035053512
0.3517146469808765
0.3518488918812859
0.3519831381014971
0.3521173857334808
0.35225163491963
0.3523858858288832
0.3525201386368934
0.3526543935138527
0.3527886506108384
0.3529229102535155
0.3530571722838812
0.3531914349549444
0.3533256983980098
0.3534599626865069
0.3535942279010978
0.353728494080948
0.3538627612646786
0.3539970294930496
0.3541312988139235
0.3542655692815792
0.3543998409574839
0.3545341138550321
0.3546683877882019
0.3548026627006999
0.3549369387978638
0.3550712158549144
0.355205493860105
0.3553397725195276
0.3554740511386863
0.3556083298106878
0.3557426085905584
0.3558768876020738
