0.0006250000000000001
0.001875
0.003125
0.004375
0.005625
0.006875000000000001
0.008125
0.009375
0.010625
0.011875
0.013125
0.014375
0.015625
0.016875
0.018125
0.019375
0.020625
0.021875
0.023125
0.024375
0.025625
0.026875
0.028125
0.029375
0.030625
0.031875
0.033125
0.034375
0.035625
0.036875
0.038125
0.039375
0.040625
0.041875
0.043125
0.044375
0.045625
0.046875
0.048125
0.049375
0.050625
0.051875
0.053125
0.054375
0.055625
0.056875
0.058125
0.059375
0.060625
0.061875
0.063125
0.064375
0.065625
0.066875
0.068125
0.06937500000000001
0.07062499999999999
0.07187499999999999
0.073125
0.074375
0.075625
0.076875
0.078125
0.079375
0.080625
0.081875
0.083125
0.08437500000000001
0.08562500000000001
0.08687499999999999
0.088125
0.089375
0.090625
0.091875
0.093125
0.094375
0.095625
0.096875
0.098125
0.099375
0.100625
0.101875
0.103125
0.104375
0.105625
0.106875
0.108125
0.109375
0.110625
0.111875
0.113125
0.114375
0.115625
0.116875
0.118125
0.119375
0.120625
0.121875
0.123125
0.124375
0.125625
0.126875
0.128125
0.129375
0.130625
0.131875
0.133125
0.134375
0.135625
0.136875
0.138125
0.139375
0.140625
0.141875
0.143125
0.144375
0.145625
0.146875
0.148125
0.149375
0.150625
0.151875
0.153125
0.154375
0.155625
0.156875
0.158125
0.159375
0.160625
0.161875
0.163125
0.164375
0.165625
0.166875
0.168125
0.169375
0.170625
0.171875
0.173125
0.174375
0.175625
0.176875
0.178125
0.179375
0.180625
0.181875
0.183125
0.184375
0.185625
0.186875
0.188125
0.189375
0.190625
0.191875
0.193125
0.194375
0.195625
0.196875
0.198125
0.199375
0.200625
0.201875
0.203125
0.204375
0.205625
0.206875
0.208125
0.209375
0.210625
0.211875
0.213125
0.214375
0.215625
0.216875
0.218125
0.219375
0.220625
0.221875
0.223125
0.224375
0.225625
0.226875
0.228125
0.229375
0.230625
0.231875
0.233125
0.234375
0.235625
0.236875
0.238125
0.239375
0.240625
0.241875
0.243125
0.244375
0.245625
0.246875
0.248125
0.249375
0.250625
0.251875
0.253125
0.254375
0.255625
0.256875
0.258125
0.259375
0.260625
0.261875
0.263125
0.264375
0.265625
0.266875
0.268125
0.269375
0.270625
0.271875
0.273125
0.274375
0.275625
0.276875
0.278125
0.279375
0.280625
0.281875
0.283125
0.284375
0.285625
0.286875
0.288125
0.289375
0.290625
0.291875
0.293125
0.294375
0.295625
0.296875
0.298125
0.299375
0.300625
0.301875
0.303125
0.304375
0.305625
0.306875
0.308125
0.309375
0.310625
0.311875
0.313125
0.314375
0.315625
0.316875
0.318125
0.319375
0.320625
0.321875
0.323125
0.324375
0.325625
0.326875
0.328125
0.329375
0.330625
0.331875
0.333125
0.334375
0.335625
0.336875
0.338125
0.339375
0.340625
0.341875
0.343125
0.344375
0.345625
0.346875
0.348125
0.349375
0.350625
0.351875
0.353125
0.354375
0.355625
0.356875
0.358125
0.359375
0.360625
0.361875
0.363125
0.364375
0.365625
0.366875
0.368125
0.369375
0.370625
0.371875
0.373125
0.374375
0.375625
0.376875
0.378125
0.379375
0.380625
0.381875
0.383125
0.384375
0.385625
0.386875
0.388125
0.389375
0.390625
0.391875
0.393125
0.394375
0.395625
0.396875
0.398125
0.399375
0.400625
0.401875
0.403125
0.404375
0.405625
0.406875
0.408125
0.409375
0.410625
0.411875
0.413125
0.414375
0.415625
0.416875
0.418125
0.419375
0.420625
0.421875
0.423125
0.424375
0.425625
0.426875
0.428125
0.429375
0.430625
0.431875
0.433125
0.434375
0.435625
0.436875
0.438125
0.439375
0.440625
0.441875
0.443125
0.444375
0.445625
0.446875
0.448125
0.449375
0.450625
0.451875
0.453125
0.454375
0.455625
0.456875
0.458125
0.459375
0.460625
0.461875
0.463125
0.464375
0.465625
0.466875
0.468125
0.469375
0.470625
0.471875
0.473125
0.474375
0.475625
0.476875
0.478125
0.479375
0.480625
0.481875
0.483125
0.484375
0.485625
0.486875
0.488125
0.489375
0.490625
0.491875
0.493125
0.494375
0.495625
0.496875
0.498125
0.499375
0.5006250000000001
0.5018750000000001
0.503125
0.504375
0.5056250000000001
0.5068750000000001
0.508125
0.509375
0.510625
0.5118750000000001
0.5131250000000001
0.514375
0.515625
0.5168750000000001
0.5181250000000001
0.519375
0.520625
0.5218750000000001
0.5231250000000001
0.524375
0.525625
0.5268750000000001
0.5281250000000001
0.529375
0.530625
0.5318750000000001
0.5331250000000001
0.534375
0.535625
0.5368750000000001
0.5381250000000001
0.539375
0.540625
0.5418750000000001
0.5431250000000001
0.5443750000000001
0.545625
0.546875
0.5481250000000001
0.5493750000000001
0.550625
0.551875
0.5531250000000001
0.5543750000000001
0.555625
0.556875
0.5581250000000001
0.5593750000000001
0.560625
0.561875
0.5631250000000001
0.5643750000000001
0.565625
0.566875
0.5681250000000001
0.5693750000000001
0.570625
0.571875
0.5731250000000001
0.5743750000000001
0.5756250000000001
0.576875
0.578125
0.5793750000000001
0.5806250000000001
0.581875
0.583125
0.5843750000000001
0.5856250000000001
0.586875
0.588125
0.5893750000000001
0.5906250000000001
0.591875
0.593125
0.5943750000000001
0.5956250000000001
0.596875
0.598125
0.5993750000000001
0.6006250000000001
0.601875
0.603125
0.6043750000000001
0.6056250000000001
0.6068750000000001
0.608125
0.609375
0.6106250000000001
0.6118750000000001
0.613125
0.614375
0.6156250000000001
0.6168750000000001
0.618125
0.619375
0.6206250000000001
0.6218750000000001
0.623125
0.624375
0.6256250000000001
0.6268750000000001
0.628125
0.629375
0.6306250000000001
0.6318750000000001
0.633125
0.634375
0.6356250000000001
0.6368750000000001
0.6381250000000001
0.639375
0.640625
0.6418750000000001
0.6431250000000001
0.644375
0.645625
0.6468750000000001
0.6481250000000001
0.649375
0.650625
0.6518750000000001
0.6531250000000001
0.654375
0.655625
0.6568750000000001
0.6581250000000001
0.659375
0.660625
0.6618750000000001
0.6631250000000001
0.664375
0.665625
0.6668750000000001
0.6681250000000001
0.6693750000000001
0.670625
0.671875
0.6731250000000001
0.6743750000000001
0.675625
0.676875
0.6781250000000001
0.6793750000000001
0.680625
0.681875
0.6831250000000001
0.6843750000000001
0.685625
0.686875
0.6881250000000001
0.6893750000000001
0.690625
0.691875
0.6931250000000001
0.6943750000000001
0.695625
0.696875
0.6981250000000001
0.6993750000000001
0.7006250000000001
0.701875
0.703125
0.7043750000000001
0.7056250000000001
0.706875
0.708125
0.7093750000000001
0.7106250000000001
0.711875
0.713125
0.7143750000000001
0.7156250000000001
0.716875
0.718125
0.7193750000000001
0.7206250000000001
0.721875
0.723125
0.7243750000000001
0.7256250000000001
0.726875
0.728125
0.7293750000000001
0.7306250000000001
0.7318750000000001
0.733125
0.734375
0.7356250000000001
0.7368750000000001
0.738125
0.739375
0.7406250000000001
0.7418750000000001
0.743125
0.744375
0.7456250000000001
0.7468750000000001
0.748125
0.749375
0.7506250000000001
0.7518750000000001
0.753125
0.754375
0.7556250000000001
0.7568750000000001
0.758125
0.759375
0.7606250000000001
0.7618750000000001
0.7631250000000001
0.764375
0.7656250000000001
0.7668750000000001
0.7681250000000001
0.769375
0.770625
0.7718750000000001
0.7731250000000001
0.774375
0.775625
0.7768750000000001
0.7781250000000001
0.779375
0.780625
0.7818750000000001
0.7831250000000001
0.784375
0.785625
0.7868750000000001
0.7881250000000001
0.789375
0.790625
0.7918750000000001
0.7931250000000001
0.7943750000000001
0.795625
0.7968750000000001
0.7981250000000001
0.7993750000000001
0.800625
0.801875
0.8031250000000001
0.8043750000000001
0.805625
0.806875
0.8081250000000001
0.8093750000000001
0.810625
0.811875
0.8131250000000001
0.8143750000000001
0.815625
0.816875
0.8181250000000001
0.8193750000000001
0.820625
0.821875
0.8231250000000001
0.8243750000000001
0.8256250000000001
0.826875
0.8281250000000001
0.8293750000000001
0.8306250000000001
0.831875
0.833125
0.8343750000000001
0.8356250000000001
0.836875
0.838125
0.8393750000000001
0.8406250000000001
0.841875
0.843125
0.8443750000000001
0.8456250000000001
0.846875
0.848125
0.8493750000000001
0.8506250000000001
0.851875
0.853125
0.8543750000000001
0.8556250000000001
0.8568750000000001
0.858125
0.8593750000000001
0.8606250000000001
0.8618750000000001
0.863125
0.864375
0.8656250000000001
0.8668750000000001
0.868125
0.869375
0.8706250000000001
0.8718750000000001
0.873125
0.874375
0.8756250000000001
0.8768750000000001
0.878125
0.879375
0.8806250000000001
0.8818750000000001
0.883125
0.884375
0.8856250000000001
0.8868750000000001
0.8881250000000001
0.889375
0.8906250000000001
0.8918750000000001
0.8931250000000001
0.894375
0.895625
0.8968750000000001
0.8981250000000001
0.899375
0.900625
0.9018750000000001
0.9031250000000001
0.904375
0.905625
0.9068750000000001
0.9081250000000001
0.909375
0.910625
0.9118750000000001
0.9131250000000001
0.914375
0.915625
0.9168750000000001
0.9181250000000001
0.9193750000000001
0.920625
0.9218750000000001
0.9231250000000001
0.9243750000000001
0.925625
0.926875
0.9281250000000001
0.9293750000000001
0.930625
0.931875
0.9331250000000001
0.9343750000000001
0.935625
0.936875
0.9381250000000001
0.9393750000000001
0.940625
0.941875
0.9431250000000001
0.9443750000000001
0.945625
0.946875
0.9481250000000001
0.9493750000000001
0.9506250000000001
0.951875
0.9531250000000001
0.9543750000000001
0.9556250000000001
0.956875
0.958125
0.9593750000000001
0.9606250000000001
0.961875
0.963125
0.9643750000000001
0.9656250000000001
0.966875
0.968125
0.9693750000000001
0.9706250000000001
0.971875
0.973125
0.9743750000000001
0.9756250000000001
0.976875
0.978125
0.9793750000000001
0.9806250000000001
0.9818750000000001
0.983125
0.9843750000000001
0.9856250000000001
0.9868750000000001
0.988125
0.9893750000000001
0.9906250000000001
0.9918750000000001
0.993125
0.994375
0.9956250000000001
0.9968750000000001
0.998125
0.999375
