0
0.0005282214092053229
0.001007650310471234
0.001464738362059613
0.001899518224591536
0.00231847018413182
0.002728013011194138
0.003130580593522114
0.003527536139915541
0.003920253470017111
0.004309954817070438
0.004698906160331217
0.005091235008724636
0.005479698792440299
0.005868424587970496
0.006262625929364445
0.006666689108417778
0.007079641083422106
0.007498957220057985
0.007929302587952304
0.008372791277547453
0.008828740931847235
0.009296132710524112
0.009775141753963545
0.01026613268197715
0.01076885173483428
0.01128285050388761
0.01180799975986363
0.01234397784428975
0.01289035934237381
0.01344669091872045
0.01401177650126275
0.01458448089846523
0.0151641783955463
0.01575010331899172
0.01634127919130132
0.01693644106731952
0.0175348082413721
0.01813566583692198
0.01873842875196331
0.01934275555075178
0.01994829018974098
0.02055473658476462
0.02116169277639802
0.02176837985368004
0.02237459804770969
0.02298031464042045
0.02358557867901238
0.02419048295311736
0.02479515636900731
0.02539974135060587
0.02600443750545783
0.0266095170928172
0.02721527608675306
0.02782200224061297
0.02842996291015112
0.02903940005106142
0.02965043060336285
0.03026309664703359
0.0308772759777168
0.03149216766037164
0.03210801511071269
0.03272506083956562
0.03334354239657259
0.03396362128078178
0.03458535109742978
0.03520875752815209
0.03583385021433857
0.0364606429625633
0.03708916352380205
0.03771945499304362
0.03835157047158014
0.03898556572751415
0.03962149776425177
0.04025940591815882
0.04089930703519558
0.04154119690233401
0.0421847598941149
0.04282974713284264
0.04347618129579994
0.04412408076491723
0.04477345357486994
0.04542429350557466
0.04607659051357493
0.04673033231453352
0.04738549930402216
0.0480420771117601
0.04870005145376106
0.04935940596630466
0.05002012225427543
0.05068218113747155
0.05134556431982844
0.05201025556329597
0.05267624091588505
0.05334350818479467
0.054012045873753
0.05468184181715764
0.05535288195624678
0.05602514973529724
0.0566986266441194
0.05737305305354377
0.05804835678970405
0.0587245377240747
0.05940159522106626
0.06007953222581111
0.06075835524173723
0.0614380735439401
0.06211869429367447
0.06280022427973342
0.06348267761793737
0.06416607213850038
0.06485042630228816
0.06553575630105626
0.06622207487876133
0.06690939070280799
0.06759771241121951
0.0682870511485191
0.06897742039950878
0.06966883643524545
0.07036131628507984
0.07105487667331407
0.07174953281743239
0.07244529727377104
0.07314217921223631
0.07384011332612614
0.07453896010870248
0.07523870888724225
0.07593934709442857
0.07664086163543893
0.07734324278433062
0.07804648293299825
0.07875057873626894
0.07945553130771194
0.08016134394709068
0.08086802066849143
0.08157556516557647
0.08228398010499557
0.08299326648647538
0.08370342349430643
0.08441444817661781
0.0851263374619067
0.08583908895326677
0.08655270118213458
0.08726717353159417
0.08798250593063703
0.08869869844581146
0.08941575090759189
0.09013366267657781
0.09085243259258144
0.0915720591175246
0.09229254067594979
0.09301383117364724
0.09373580300077054
0.09445845881855881
0.09518180070529461
0.09590583358403861
0.09663056287206122
0.09735599312514577
0.09808212737674617
0.09880896705486954
0.09953651026812819
0.100264744671125
0.1009936578084858
0.101723240052208
0.1024534845276564
0.1031843864436514
0.1039159425663962
0.1046481507890775
0.1053810098388036
0.1061145191082171
0.1068486785842808
0.1075834888365141
0.1083189510162731
0.1090550668169133
0.1097918383579226
0.1105292676881502
0.1112673567602832
0.1120061073356296
0.1127455221142799
0.1134856047779114
0.1142263611734165
0.1149677204669476
0.1157096430598659
0.1164521332412703
0.1171951941662526
0.1179388273487118
0.1186830331006915
0.119427811219503
0.1201731616230761
0.12091908515921
0.1216655835152749
0.1224126591437974
0.1231603149311943
0.1239085540712554
0.1246573800426185
0.125406792681365
0.1261567855115784
0.1269073527453205
0.1276584902801786
0.1284101951576601
0.1291624651329187
0.1299152984349562
0.1306686936813535
0.1314226498595583
0.1321771663099064
0.1329322426808715
0.1336878788548366
0.1344440748587933
0.1352008307801656
0.1359581465116051
0.1367160219050408
0.1374744569589324
0.1382334547318321
0.138993021137929
0.1397530827680049
0.1405136163692425
0.1412746279010602
0.1420361219996026
0.1427981019910565
0.1435605703756242
0.1443235298298469
0.1450869833745427
0.1458509345260759
0.1466153869761185
0.147380344268034
0.1481458095478903
0.1489117854317335
0.1496782739665148
0.1504452766499186
0.1512127924040182
0.1519808125778535
0.1527493287537643
0.1535183343169449
0.1542878242822351
0.155057795032212
0.1558282441007971
0.1565991699478251
0.1573705716961224
0.1581424488473354
0.158914801017231
0.1596876277318833
0.1604609283100259
0.1612347018345129
0.1620089471965984
0.1627836631858386
0.1635588484816451
0.1643345018602308
0.1651106223966093
0.1658872123455272
0.16666426982309
0.1674417189194198
0.1682195638522393
0.1689978079464323
0.1697764535106594
0.1705555022703854
0.1713349559388054
0.1721148166755271
0.1728950872747669
0.1736757715476654
0.1744568737482414
0.1752383982179734
0.1760203488639384
0.1768027289024263
0.1775855408421531
0.1783687866100456
0.179152467746354
0.1799365855976586
0.1807211414737893
0.1815061349425934
0.1822915597036785
0.1830774099309517
0.1838636814879221
0.1846503716788739
0.1854374789361756
0.1862250025629638
0.1870129424980149
0.1878012990868962
0.1885900728714561
0.1893792644208547
0.1901688742218157
0.1909589026309427
0.1917493498767098
0.1925402160896024
0.1933315012175051
0.1941232051724557
0.1949153278961759
0.1957078715243012
0.196500835172418
0.1972941589646246
0.1980878475164089
0.1988819034146983
0.1996763279820231
0.2004711215953917
0.2012662842244003
0.2020618159482502
0.2028577172376566
0.2036539894101834
0.2044506342856483
0.205247654000026
0.2060450505964571
0.20684282578208
0.207640980848448
0.2084395166911611
0.2092384338672978
0.2100377326525608
0.2108374130862099
0.211637474723996
0.2124379130820481
0.2132387217924278
0.2140398955252505
0.2148414302746387
0.2156433232069213
0.2164455724833103
0.2172481770735752
0.218051136545408
0.2188544508401499
0.219658120062447
0.2204621443123371
0.2212665235777695
0.2220712576905203
0.2228763463351185
0.2236817890924616
0.2244875854981309
0.2252937350987324
0.2261002374956227
0.2269070922431091
0.2277142990080094
0.2285218583557624
0.2293297718220254
0.2301379861664745
0.2309465050272875
0.2317553312908583
0.2325644669379849
0.2333739132377066
0.2341836711079212
0.2349937414889247
0.2358041256164045
0.2366148251551575
0.2374258421471186
0.2382371791583869
0.2390488388655036
0.2398608238946372
0.2406731365240357
0.2414857785629949
0.2422987513718458
0.2431120559480039
0.2439256930212874
0.2447396631309093
0.245553966681248
0.2463686032974735
0.2471835684753036
0.2479988571876346
0.2488144655641272
0.2496303909212051
0.2504466315958521
0.2512631867635757
0.2520800562386175
0.2528972402578522
0.2537147392695651
0.2545325537549611
0.2553506841040324
0.2561691305539974
0.2569878931843763
0.2578069719526669
0.258626366750505
0.2594460774616059
0.2602661040077377
0.261086446279906
0.2619071042511761
0.2627280779609235
0.2635493680941284
0.2643709760857795
0.2651928760846617
0.2660150559748357
0.2668375171606736
0.2676602604570614
0.2684832862769507
0.2693065948324687
0.2701301863526175
0.2709540612600242
0.2717782202666541
0.2726026643901872
0.2734273949104024
0.2742524132596796
0.2750777210761759
0.2759033199693292
0.2767292114728188
0.2775553969021315
0.2783818773096458
0.2792086535081302
0.2800357261162176
0.2808630955969613
0.2816907619742203
0.2825187220971662
0.2833469715338415
0.2841755066000122
0.2850043245254332
0.2858334233638923
0.2866628018942248
0.2874924594998305
0.2883223960171855
0.2891526115676448
0.2899831063994548
0.2908138807641465
0.2916449348396918
0.2924762686994666
0.2933078823164593
0.2941397755883036
0.294971948369869
0.2958044005041545
0.2966371318468367
0.2974701422834173
0.2983034317115068
0.2991370000071
0.2999708470721829
0.300804973230551
0.3016393793900558
0.3024740670733269
0.3033090141027205
0.3041442106271647
0.3049796572951206
0.3058153542967125
0.3066513018940878
0.3074875004883343
0.3083239506714248
0.3091606532520698
0.3099976092444108
0.3108348198290406
0.3116722863005539
0.3125100100140248
0.3133479923362882
0.3141862345935585
0.3150247381589222
0.3158635043123309
0.3167025342273071
0.3175418288975837
0.3183813891207228
0.3192212155190194
0.3200613081360054
0.3209016638730224
0.321742278944431
0.3225831503235331
0.323424275811365
0.3242656539287103
0.3251072837935606
0.325949164994964
0.3267912974673658
0.3276336813576107
0.3284763169030119
0.3293192043365823
0.3301623438284318
0.3310057354627192
0.3318493792417527
0.3326932751054589
0.3335374229554482
0.3343818226765468
0.3352264741528472
0.336071377278528
0.3369165319652438
0.3377619380710744
0.3386075955000087
0.3394535042442053
0.3402996647672867
0.3411460780068567
0.3419927452473341
0.3428396679566997
0.3436868350111101
0.3445342287744553
0.34538185035434
0.3462296997369066
0.3470777767897384
0.3479260816517202
0.3487746147383863
0.3496233767044024
0.3504723682989978
0.351321590316003
0.3521710436836467
0.3530207293901363
0.3538706484267751
0.3547208017587201
0.3555711903194671
0.3564218150066971
0.3572726767419321
0.358123776467948
0.358975115119845
0.3598266935479505
0.3606785123447779
0.3615305696657891
0.3623828623244699
0.3632353876691361
0.364088143795733
0.3649411294692224
0.365794344008956
0.3666477871622685
0.3675014589635262
0.3683553596176571
0.369209489406581
0.3700638486208185
0.3709184375173787
0.3717732563012172
0.3726283051247188
0.3734835840978395
0.374339093301733
0.3751948328007692
0.3760508026507422
0.3769070029035977
0.3777634336104437
0.3786200948248035
0.3794769865579795
0.3803341088409875
0.3811914616985786
0.382049045558322
0.382906861279015
0.3837649100505952
0.3846231932402251
0.3854817122331831
0.3863404683165251
0.3871994396925245
0.3880586214124543
0.3889180144169214
0.3897776192613452
0.3906374358911989
0.3914974645054002
0.3923577055003603
0.393218159410748
0.3940788268589339
0.3949397085135722
0.3958008050581048
0.3966621171717352
0.3975236455221443
0.3983853907662627
0.3992473535540296
0.4001095345195131
0.4009719343113551
0.4018345535629156
0.4026973929095482
0.4035604528125472
0.4044237315688036
0.4052872262635064
0.406150934414278
0.407014854183198
0.4078789843257112
0.4087433240948295
0.409607873124741
0.4104726313037718
0.4113375986549435
0.4122027752423867
0.4130681611097348
0.4139337562616711
0.41479956066771
0.4156655742747676
0.4165317970184318
0.4173982288281732
0.4182648696264092
0.4191317193238507
0.4199987778142646
0.4208660449713326
0.4217335206492468
0.4226012046874739
0.4234690969189198
0.4243371970969171
0.4252055050204714
0.4260740206766181
0.4269427444176806
0.4278116769251414
0.4286808190991859
0.4295501719267391
0.4304197363630017
0.4312895132484201
0.4321595016744597
0.4330296779930912
0.4339000429581001
0.434770597357036
0.4356413416784274
0.4365122758536102
0.4373834000118671
0.4382547144222852
0.4391262194451116
0.4399979154996115
0.440869803041809
0.4417418825485726
0.4426141545085124
0.4434866194191305
0.4443592777881065
0.4452321301356864
0.4461051769951481
0.4469784189091394
0.4478518564210184
0.4487254900617705
0.4495993203417148
0.450473346805998
0.4513475673066732
0.4522219797522343
0.4530965819837384
0.4539713726027564
0.4548463508593064
0.4557215164594113
0.4565968693885528
0.4574724097698518
0.4583481377646641
0.4592240535166955
0.4601001571335985
0.4609764486942818
0.4618529282680059
0.4627295959331976
0.4636064517886097
0.4644834959521347
0.4653607285554289
0.4662381497423024
0.4671157596612189
0.4679935584551839
0.4688715462524519
0.4697497231615745
0.4706280892728737
0.4715066446049629
0.4723853891982976
0.4732643231934593
0.4741434470553602
0.4750227615640151
0.475902267724352
0.4767819666474004
0.4776618594375269
0.4785419471089312
0.4794222305412425
0.4803027104720549
0.4811833695917804
0.4820642035005729
0.4829452131832553
0.4838263996122844
0.4847077636458545
0.4855893054978344
0.4864710254230232
0.4873529237831776
0.4882350010156446
0.4891172576117492
0.4899996941053035
0.4908823110616504
0.4917651090673358
0.4926480887216664
0.493531250630509
0.4944145954015993
0.4952981236399968
0.4961818359423357
0.4970657328952561
0.4979498149439289
0.4988340810910353
0.4997185294893938
0.5006031584524681
0.5014879665817352
0.502372952727314
0.5032581162759314
0.5041434571590377
0.5050289756095768
0.5059146719537909
0.5068005464777405
0.5076865993692828
0.5085728307180394
0.5094592405487256
0.5103458288642638
0.511232595681576
0.5121195410518135
0.5130066650589661
0.5138939678173515
0.5147814494622622
0.5156691101341587
0.5165569499599386
0.5174449690361735
0.5183331674188142
0.5192215451216108
0.5201101020815673
0.5209988382237778
0.521887753487172
0.5227768480756189
0.5236661224696694
0.524555577356687
0.5254452135294304
0.5263350317858011
0.5272250328524593
0.5281152173427933
0.5290055857483131
0.5298961384547644
0.5307868757710522
0.5316777872762956
0.5325688633145074
0.5334601044841778
0.5343515115652151
0.5352430852264574
0.5361348260005916
0.5370267339412409
0.5379188089772641
0.5388110511561737
0.5397034606109865
0.540596037538515
0.5414887821846721
0.5423816948299279
0.5432747757757094
0.5441680253334977
0.5450614438173623
0.5459550315393557
0.5468487888063441
0.5477427159202783
0.5486368131657667
0.5495310802566745
0.5504255154458106
0.5513201170525561
0.5522148837025985
0.5531098143220849
0.554004908221156
0.5549001650428801
0.5557955844031719
0.5566911662518631
0.5575869106810818
0.5584828177826554
0.5593788875761542
0.5602751199967874
0.5611715149196799
0.5620680721972007
0.5629647916922773
0.563861673298853
0.5647587169478693
0.5656559226018409
0.5665532902429922
0.567450819859793
0.5683485114325632
0.5692463649302276
0.5701443803089066
0.5710425575109295
0.5719408964644193
0.5728393970847326
0.5737380592447443
0.5746368828257488
0.5755358677365127
0.5764350141224702
0.5773343223740643
0.5782337930664496
0.5791334268724299
0.5800332244761043
0.5809331865064329
0.5818333134997404
0.5827336058906014
0.5836340640239948
0.5845346881788717
0.5854354713757393
0.5863364031009617
0.5872374839197099
0.5881387144730322
0.5890400953043531
0.589941626859869
0.5908433092254042
0.5917451423512932
0.5926471263120267
0.5935492612723094
0.5944515474641741
0.5953539851720048
0.5962565747176506
0.5971593164457916
0.5980622107112568
0.5989652578693156
0.5998684582689131
0.6007718122480704
0.6016753201304418
0.6025789822248627
0.6034827988178123
0.6043867699350786
0.6052908941034774
0.6061951698029521
0.607099595720929
0.6080041708400336
0.6089088945886898
0.609813766720438
0.6107187872348681
0.6116239560841041
0.612529273238506
0.6134347387980145
0.6143403528899499
0.6152461156080972
0.6161520269969292
0.6170580870640876
0.6179642958031893
0.6188706532143509
0.6197771593162648
0.6206838141488891
0.6215906177689342
0.6224975702414532
0.6234046716305944
0.6243119219917409
0.6252193213651176
0.626126869774036
0.6270345672294524
0.6279424137340794
0.6288504092675411
0.6297585538034748
0.6306668473013769
0.6315752899146548
0.6324838820219119
0.633392624180352
0.6343015170486584
0.6352105613064249
0.636119757589351
0.6370291064502164
0.637938608346541
0.638848263649184
0.639758072662944
0.640668035650241
0.6415781528511748
0.6424884101430164
0.6433988061149033
0.6443093412396727
0.6452200160717775
0.6461308310704783
0.6470417866102953
0.6479528829980319
0.6488641201310185
0.6497754980340577
0.6506870168272647
0.6515986766979747
0.6525104778794797
0.6534224206366953
0.6543345052536242
0.655246732022999
0.6561591012388167
0.6570716131916421
0.6579842681658346
0.6588970664409078
0.6598100082813931
0.6607230938020793
0.661636321963224
0.6625496914276712
0.663463201027682
0.6643768498581427
0.6652906373392654
0.6662045632031154
0.667118627486599
0.6680328303265903
0.668947171870565
0.6698616520584899
0.6707762707273452
0.6716910278492449
0.6726059234584311
0.6735209575978537
0.6744361302965529
0.6753514415689519
0.676266891424808
0.677182479881272
0.6780982069719369
0.6790140727506609
0.6799300772899958
0.6808462206753007
0.6817625029962615
0.6826789243377273
0.6835954847716479
0.6845121843513728
0.6854290231079568
0.6863460010551372
0.6872631181663961
0.6881803744206871
0.689097769821521
0.6900153045581702
0.6909329790064328
0.6918507936771386
0.6927687491468666
0.6936868459924277
0.6946050847431774
0.6955234658567963
0.6964419897167473
0.6973606566448664
0.6982794669208987
0.6991984208017062
0.7001175185353092
0.7010367603678114
0.7019561346756915
0.7028756391993842
0.7037952743193028
0.7047150405165374
0.7056349382252007
0.7065549677995687
0.7074751295496808
0.7083954237039554
0.7093158502079276
0.7102364091205
0.7111571005765447
0.7120779247606268
0.7129988818882552
0.7139199721944851
0.714841195924715
0.7157625533273264
0.7166840446482792
0.7176056701273382
0.718527429998945
0.7194493244788678
0.72037135370295
0.7212935168995622
0.7222158128208161
0.7231382403587225
0.7240607986364996
0.7249834870663689
0.7259063053510316
0.7268292534473538
0.7277523314612619
0.7286755395121064
0.7295988776570472
0.7305223458004299
0.7314459436807941
0.732369671218798
0.7332935284354205
0.7342175153799952
0.7351416320885708
0.7360658785700311
0.7369902548104611
0.7379147607859936
0.7388393964764606
0.7397641618750147
0.740689056991658
0.7416140818508279
0.742539236484653
0.7434645209241705
0.7443899351908055
0.74531547928994
0.7462411532076535
0.7471669569110051
0.7480928903330716
0.749018953398764
0.7499451460163703
0.7508714682559583
0.7517979203651923
0.7527245027272312
0.7536512157969287
0.7545780600376372
0.7555050358736292
0.7564321436647632
0.7573593837023962
0.7582867562205345
0.7592142614143091
0.760141899458564
0.7610696705216384
0.7619975747722266
0.7629256123796482
0.7638537783667811
0.7647820651007285
0.7657104728172766
0.7666390017889867
0.7675676523638384
0.768496424823188
0.7694253193906081
0.7703543362701823
0.7712834755695254
0.7722127371957402
0.7731421211561047
0.7740716275209503
0.7750012564002949
0.7759310079282382
0.7768608822542618
0.7777908795365046
0.7787209999363545
0.7796512436142737
0.7805816107265511
0.7815121014255846
0.7824427158483801
0.7833734540983885
0.7843043155616907
0.785235299071332
0.7861664035759182
0.7870976282264999
0.7880289724299291
0.78896043586044
0.7898920184125008
0.7908237201148334
0.791755541040091
0.7926874812365899
0.7936195406990779
0.7945517193899079
0.7954840171066876
0.7964164336758519
0.7973489690577881
0.7982816232650431
0.7992143963079291
0.8001472881738058
0.8010802988289802
0.8020134282310392
0.8029466763424804
0.803880043140267
0.804813528619254
0.8057471327898684
0.806680855671836
0.8076146972862593
0.8085486576481671
0.8094827367610639
0.8104169346142663
0.8113512511831181
0.8122856864316662
0.8132202402947974
0.8141549127130449
0.8150897036447884
0.8160246132000577
0.8169596416438148
0.8178947893578015
0.8188300567847242
0.8197654443731105
0.8207009525355939
0.8216365816267666
0.8225723319400736
0.8235082037184753
0.8244441971716288
0.8253803124928905
0.8263165498715915
0.8272529094987214
0.8281893915664996
0.8291259946737018
0.8300627089265591
0.830999534523465
0.8319364716985902
0.8328735207680513
0.8338106820318405
0.8347479557406913
0.8356853421201138
0.8366228413999152
0.8375604536945493
0.838498179000236
0.8394360173978346
0.8403739690178957
0.8413120340206715
0.8422502125834835
0.8431885048940407
0.8441269111453116
0.8450654315312209
0.8460040662430771
0.8469428154697076
0.8478816793847477
0.8488206581380866
0.8497597514059262
0.8506989581577328
0.8516382774498837
0.8525777085149565
0.8535172508127294
0.8544569040511757
0.8553966681531354
0.8563365431816935
0.857276529255604
0.8582166264825088
0.859156834923811
0.8600971545906518
0.8610375854609125
0.8619781275008648
0.8629187806524284
0.8638595448156462
0.8648004200573535
0.8657414064990567
0.8666825042356968
0.8676237133087614
0.8685650337161346
0.8695064654369714
0.8704480084558852
0.8713896627782871
0.8723314284349911
0.8732733054781798
0.874215293972511
0.8751573939851025
0.8760996055771145
0.8770419287983227
0.8779843636849319
0.8789269102601291
0.8798695685076759
0.8808123384174036
0.8817552200259295
0.8826982135042074
0.8836413191472939
0.8845845373305191
0.8855278684617758
0.8864713129396086
0.8874148711245815
0.8883585433263632
0.8893023298049669
0.8902462307818781
0.891190246455585
0.8921343770163876
0.893078622656893
0.8940229835766376
0.8949674599811575
0.8959120520771024
0.8968567600655273
0.8978015793428321
0.898746504280313
0.8996915350495871
0.9006366718441488
0.9015819148906244
0.9025272644954573
0.9034727209212784
0.9044182843889065
0.9053639551046866
0.9063097332830551
0.9072556190201522
0.9082016123236757
0.9091477132697713
0.9100939219726035
0.9110402385681712
0.911986663204768
0.9129331960383152
0.913879837228729
0.9148265869391405
0.915773445325448
0.9167204125271112
0.9176674885539828
0.918614672595907
0.9195619637692881
0.9205093613191702
0.9214568646722785
0.9224044734720209
0.9233521875683731
0.9243000069626437
0.925247931731875
0.9261959619608374
0.9271440976993962
0.9280923389493986
0.9290406856745735
0.9299891378219145
0.9309376953387357
0.9318863582139574
0.9328351263598135
0.9337839997322996
0.9347329783834617
0.9356820623783683
0.9366312517507589
0.9375805464952083
0.9385299465797509
0.9394794519643952
0.9404290626162942
0.9413787785176699
0.9423285996665086
0.9432785260721801
0.9442285577487368
0.9451786947082357
0.9461289369555624
0.9470792844853463
0.948029737280896
0.9489802952956687
0.9499309584806067
0.9508817267940751
0.9518326003110276
0.9527835792230934
0.9537346638034693
0.9546858543604682
0.95563715119471
0.9565885545694321
0.9575400646968409
0.9584916817415764
0.9594434058331184
0.9603952370812074
0.9613471755894637
0.962299221464569
0.9632513748203368
0.9642036357773048
0.9651560044591735
0.9661084809876168
0.9670610654768458
0.9680137580289626
0.9689665509939944
0.9699194424642781
0.9708724325216367
0.9718255212565422
0.9727787087886876
0.9737319953164324
0.974685381011382
0.9756388660053428
0.976592450412101
0.9775461343497139
0.9784999179131568
0.9794538010176281
0.9804077836439701
0.9813618658151694
0.9823160475771251
0.9832703289896995
0.984224710120332
0.9851791910414494
0.9861337718279655
0.9870884525443099
0.9880432332404255
0.9889981135694399
0.9899530926463787
0.9909081696630686
0.9918633439560538
0.9928186150445856
0.9937739826441695
0.9947294466375438
0.995685007014313
0.9966406638043299
0.9975964170264839
0.9985522666632077
0.9995082126595511
