0
3.340765523905305e-05
6.372940132129831e-05
9.264021438436007e-05
0.0001201557688276657
0.0001466810154842922
0.000172624826025507
0.0001981299788141261
0.0002232301182642058
0.000247990670484791
0.0002725152401648766
0.0002968811709173635
0.0003211025395876951
0.0003451598992258406
0.0003690286308410329
0.0003927337041224921
0.0004163145316552806
0.0004397806343636745
0.0004631441842279051
0.0004864178105290059
0.0005096186890832856
0.0005327603942887202
0.0005558539084977969
0.0005789072255696098
0.0006019267216762122
0.0006249183136027962
0.0006478875127358631
0.0006708391544430895
0.0006937780219089648
0.0007167080706846255
0.0007396326050402915
0.0007625543815820181
0.0007854739275763752
0.0008083940620504401
0.0008313158047678121
0.0008542386525434525
0.0008771622521239161
0.0009000854339320155
0.0009230108213215189
0.0009459417044213621
0.000968880307279172
0.0009918279402116544
0.001014785973470703
0.00103775536444403
0.001060737002632346
0.001083732404395511
0.00110674196366192
0.001129766037338656
0.001152804872919018
0.001175858782304865
0.001198924883870165
0.001221996244424583
0.001245072243874735
0.001268152427483503
0.001291236913675931
0.001314326124566038
0.001337417560440308
0.001360507126938623
0.001383594115559497
0.001406679133043138
0.001429762808822188
0.00145284543594563
0.001475927525052406
0.001499009707519001
0.00152209256954751
0.001545176361887299
0.001568261575710055
0.001591348732386158
0.001614437987199005
0.001637529097099194
0.001660620455624078
0.001683712263817452
0.001706804938488685
0.001729898637892407
0.001752993494229508
0.001776089608667981
0.001799187291279934
0.001822286902634682
0.001845388598977374
0.001868492538714974
0.001891598954647404
0.001914708170779944
0.001937820125774345
0.001960932972461923
0.001984046513374949
0.002007160793390633
0.002030275882094875
0.002053391668027117
0.002076508002982632
0.002099624926644085
0.002122742382800114
0.002145860524243216
0.002168979569004361
0.002192099686249063
0.002215221071317957
0.002238343890676018
0.00226146732527051
0.002284591083821055
0.002307715294684756
0.002330839931627651
0.002353965068148242
0.002377090887239034
0.002400217746705594
0.002423345910957813
0.002446475581089265
0.002469606818658764
0.00249273989420298
0.002515874389491358
0.002539009785850886
0.00256214591290109
0.002585282455895376
0.00260841943646377
0.002631557005058921
0.002654695492327748
0.002677834670209134
0.002700974438270768
0.002724114780441165
0.002747255722365848
0.002770397376666194
0.002793539894078774
0.002816683453855431
0.002839828042420503
0.002862973526638053
0.002886119378246849
0.002909265673823385
0.002932412413519091
0.002955559634349295
0.002978707494634776
0.003001856203799398
0.003025005893920713
0.003048156685217946
0.003071308793752447
0.003094461713084831
0.00311761530948631
0.003140769506023777
0.00316392422418134
0.003187079311593529
0.003210234841581518
0.003233391010346753
0.003256547946701641
0.003279705311540957
0.003302863170851501
0.00332602153563859
0.003349180442719432
0.003372340015681088
0.003395500420585761
0.003418661779124071
0.003441824083091078
0.00346498713708481
0.003488150763735139
0.003511315013014517
0.003534479940336457
0.003557645675005767
0.003580812307274705
0.00360398004137489
0.003627148067688482
0.003650313593968596
0.003673474446825907
0.003696629378825732
0.003719779414755678
0.003742925443942302
0.003766068554245546
0.003789210776315968
0.003812354260430708
0.003835499116505871
0.003858646316156806
0.003881798369253496
0.003904959346734954
0.003928141186527955
0.003951359003831811
0.00397460517300543
0.003997886788744962
0.004021221453100778
0.004044606879748678
0.004068040449370396
0.004091490055089693
0.00411494383278712
0.004138399168981939
0.004161855007900509
0.004185310984718711
0.004208767288418236
0.004232224620045718
0.004255683157407053
0.004279143026235244
0.004302606127968723
0.004326075090528347
0.00434954781441735
0.004373028511479066
0.004396514874774408
0.004420007005345682
0.004443502599073568
0.004466999807486149
0.004490497493998819
0.00451399424836396
0.004537490459271422
0.004560985779306955
0.004584480750930069
0.004607975712462534
0.004631470881617358
0.004654966824668025
0.004678463574479922
0.004701961534006541
0.004725462299867134
0.004748967112943227
0.004772474953110851
0.004795986399875002
0.004819500680980957
0.004843015479108143
0.00486652863943298
0.004890039823775522
0.004913549703176636
0.004937058816247839
0.004960566868708686
0.004984074369133135
0.005007581812507408
0.005031089364800694
0.0050545972112331
0.005078105826688006
0.005101616556994531
0.005125128529372967
0.005148643107929737
0.005172161031830427
0.005195681636712437
0.005219203387738507
0.0052427229966972
0.005266240869997391
0.005289757808491205
0.005313273376039936
0.005336788113484931
0.005360302536894448
0.005383816946955618
0.00540733150381398
0.005430846313001697
0.005454361841241487
0.005477878869043026
0.005501397065308519
0.005524917758458673
0.005548442074557003
0.005571969040688923
0.005595497717568167
0.005619024333479493
0.005642549376090391
0.005666072780590551
0.005689595186437537
0.005713116963528588
0.005736638508289146
0.005760160093473678
0.005783681799461418
0.005807203795221347
0.005830726569370061
0.005854251161745075
0.005877777177782424
0.005901305729921462
0.005924838240541509
0.005948373673979952
0.005971907503571087
0.005995438812622429
0.006018968435888361
0.006042496878888739
0.006066024597737182
0.006089551718848166
0.006113078062414735
0.006136604149206897
0.006160130232298284
0.006183656456092613
0.006207183174897412
0.006230711825242865
0.00625424263974526
0.006277775125978744
0.006301312436830374
0.006324854680091248
0.00634840139434637
0.006371952176023267
0.006395506675874378
0.006419062418443049
0.006442619013350749
0.006466180765966336
0.0064897412363112
0.006513305066002213
0.00653687722380819
0.006560450479683876
0.0065840382423912
0.006607636042248344
0.006631243145745668
0.006654875625354617
0.006678522381026356
0.006702182903581076
0.006725875054901138
0.00674958861372793
0.00677331554929824
0.006797074894730626
0.006820877805398535
0.006844688777095024
0.006868526331658841
0.006892405100433657
0.006916331674145108
0.006940277799381667
0.00696425510899943
0.006988273347426248
0.007012337449254159
0.007036447876799848
0.00706059910657163
0.007084785756235504
0.007109010402674636
0.007133273440013477
0.007157577315901009
0.007181925610582368
0.007206320972571519
0.007230753783318723
0.007255219502538377
0.007279723450004782
0.007304271142251811
0.007328867636843823
0.007353505971045241
0.007378174063720688
0.007402878067734161
0.007427623673444671
0.007452415822760402
0.007477256777585059
0.00750212241406189
0.007527020847891302
0.00755195799258568
0.007576938589637659
0.007601966694858361
0.007627039182628003
0.007652138455764055
0.007677271388292385
0.007702443671993982
0.00772765991543821
0.0077529240777123
0.007778232018312271
0.007803567496250075
0.007828937111284547
0.00785434641739566
0.007879799877321726
0.007905301298278293
0.007930844704450707
0.007956415326212845
0.007982019485906176
0.008007662891980233
0.00803334992473337
0.008059084266851632
0.008084857798361393
0.008110657389026407
0.008136489059914294
0.008162358713758727
0.008188271009967657
0.008214229620593282
0.008240225913414707
0.00826624668425183
0.00829229792971865
0.008318385169403714
0.008344513716713632
0.008370687375084427
0.008396899482613287
0.008423134347184537
0.008449397807162501
0.008475695479822045
0.008502032342042116
0.008528412948990451
0.008554835887542425
0.008581280097913958
0.008607751218251839
0.008634254800937548
0.008660795905028483
0.008687379042509335
0.008714007880768754
0.008740660237804215
0.008767337919870319
0.00879404625685316
0.008820790354721502
0.008847574675467073
0.008874403339367311
0.008901263881138686
0.0089281478981449
0.008955060580853469
0.008982006943397463
0.00900899162630195
0.00903601866805704
0.009063087010196612
0.009090176697095968
0.009117292850219637
0.009144440269269352
0.009171623665205858
0.00919884723434501
0.009226114681039798
0.009253408925707932
0.009280727129265672
0.00930807416426784
0.009335454547598127
0.009362872622242072
0.009390332137084324
0.009417830093459405
0.009445349314975872
0.00947289472390137
0.009500470892926579
0.009528082071333401
0.00955573220753235
0.009583424626759617
0.009611144713419346
0.009638888039739835
0.009666659351790174
0.009694462879307097
0.00972230255734732
0.009750181982460001
0.00977810319942134
0.00980604458420028
0.00983401091239937
0.009862006637621669
0.009890035659418135
0.009918101614838465
0.009946207795979285
0.009974348322592292
0.01000251050502328
0.01003069895357078
0.01005891782788645
0.01008717074797491
0.0101154610999346
0.01014379194133298
0.01017215176997263
0.01020053449555504
0.01022894449615126
0.01025738566620356
0.01028586138566513
0.01031437483255428
0.01034292886458533
0.01037150832828276
0.01040011162487452
0.01042874290209288
0.01045740584381264
0.01048610363061001
0.01051483924534126
0.01054361535460536
0.01057241467087485
0.01060123843726745
0.01063009059264561
0.01065897463283482
0.01068789356168326
0.01071685016189091
0.01074584693535489
0.01077486594011322
0.01080390974983998
0.01083298211063783
0.010862086354511
0.0108912253218933
0.01092040159288176
0.01094961753354756
0.01097885570225084
0.0110081187402354
0.01103741020842907
0.01106673331023826
0.01109609076576829
0.01112548495673686
0.01115491813837537
0.01118437461480063
0.01121385578256662
0.01124336503875694
0.01127290546662185
0.01130247971168559
0.0113320900399486
0.01136173857546281
0.01139141251655742
0.01142111079341223
0.01145083667366628
0.01148059309408065
0.01151038265344296
0.01154020757175483
0.0115700698400217
0.01159996059483035
0.01162987520021441
0.0116598167588433
0.01168978808643932
0.01171979175003842
0.01174982996932275
0.01177990469442449
0.01181001174706895
0.01184014205956444
0.01187029856767073
0.01190048401442896
0.01193070087570431
0.01196095138579838
0.01199123750287408
0.01202156055629318
0.01205190620370103
0.01208227725444071
0.01211267631858196
0.01214310580789464
0.01217356792979934
0.01220406465982456
0.01223459781339457
0.01226515861451321
0.01229574397940724
0.01232635639812632
0.01235699819724647
0.01238767150421427
0.01241837831834661
0.01244912048367166
0.0124798965180098
0.01251069621915671
0.01254152200039651
0.01257237605568431
0.01260326046822071
0.01263417715421353
0.01266512799735994
0.01269611475501292
0.01272712886408023
0.01275816805656327
0.01278923441517399
0.01282032989256193
0.01285145637566138
0.01288261569992781
0.01291380965579696
0.01294503841734378
0.01297629103813758
0.01300756973214604
0.01303887634736494
0.01307021264974851
0.01310158039707206
0.01313298136100109
0.0131644172865054
0.01319588356440887
0.01322737461892191
0.01325889240759459
0.0132904385977476
0.01332201480785091
0.01335362273842245
0.01338526411899619
0.01341694065654637
0.01344864429138645
0.01348037331685818
0.01351212949748931
0.0135439143527419
0.0135757294218745
0.01360757634426877
0.01363945681241902
0.01367137249498179
0.0137033130521021
0.0137352793944564
0.01376727313785919
0.01379929567056165
0.01383134847194919
0.01386343314380134
0.01389555133286933
0.01392770391219373
0.01395988074403958
0.01399208355103632
0.01402431384429797
0.01405657293088459
0.01408886222704954
0.0141211832820642
0.01415353768851356
0.01418592574948547
0.01421833821496622
0.01425077667156144
0.01428324252595216
0.01431573705592082
0.0143482616196724
0.01438081769413796
0.0144134068250655
0.0144460297257388
0.01447867696582466
0.01451135001792404
0.01454405021536299
0.01457677884969446
0.01460953721868089
0.01464232674056603
0.01467514890879842
0.01470800518256901
0.01474088616687179
0.01477379269847373
0.01480672609982128
0.01483968768892416
0.01487267879681191
0.01490570082960822
0.0149387552692537
0.01497184360995558
0.01500495822058586
0.01503809835222091
0.01507126537047941
0.01510446065530849
0.01513768564565738
0.01517094178281182
0.01520423057244548
0.01523755354712141
0.01527090445944652
0.01530428134813674
0.01533768559591762
0.01537111858794329
0.01540458174173079
0.01543807647399901
0.01547160412148968
0.01550516597102125
0.01553875827666404
0.01557237664940855
0.01560602225833879
0.01563969626803654
0.01567339983508841
0.01570713405552148
0.01574089991634567
0.01577469825146126
0.0158085296867236
0.01584238753569781
0.0158762704732852
0.01591017932828936
0.01594411498815707
0.01597807833426219
0.01601207019186595
0.01604609130574975
0.01608014234905812
0.01611422392035647
0.01614833044783264
0.01618245989592166
0.01621661331193698
0.01625079190562129
0.01628499697538125
0.01631922985369192
0.01635349186567614
0.01638778430951374
0.01642210745163009
0.01645645339658783
0.01649082355477097
0.01652521947614003
0.01655964283649661
0.0165940953757296
0.01662857884106493
0.01666309492970615
0.01669764448862576
0.01673221979252997
0.01676682223770625
0.01680145320213201
0.0168361140941774
0.016870806357564
0.01690553139319802
0.01694029046702529
0.01697508462317969
0.01700990716101805
0.01704475782974698
0.01707963746290049
0.01711454676520301
0.01714948618810473
0.01718445581700358
0.01721945523662045
0.01725448340218356
0.01728953866459288
0.01732461885025385
0.01735972119457349
0.01739483709650518
0.01742991707589099
0.01746496205433742
0.01749997002998132
0.01753494335099575
0.0175698782659952
0.01760477835137246
0.01763963934622975
0.01767446432495718
0.01770925075791367
0.01774399972070767
0.01777871055205673
0.01781338225274363
0.01784801617809649
0.01788260975996563
0.01791716594400657
0.01795168136907849
0.01798615974014593
0.01802059789636368
0.01805499920030793
0.01808936202571565
0.01812368797207867
0.01815797916929414
0.0181922332138148
0.01822645538060028
0.01826064326140171
0.01829479869238958
0.01832892624659218
0.01836302315687695
0.01839709126776064
0.01843113444807345
0.01846515339559599
0.01849914592605909
0.01853311519606599
0.0185670636575779
0.01860099072760705
0.01863489603073333
0.01866878192618214
0.01870265007042062
0.01873650155747236
0.01877033678679905
0.01880415617245044
0.01883795942259249
0.01887174514281617
0.01890551416915935
0.01893926722261086
0.01897300493269847
0.01900672804466942
0.01904043720347309
0.0190741326573161
0.01910781341854415
0.01914147850742611
0.01917512868608988
0.01920876483690629
0.0192423878535266
0.01927599857862633
0.01930959789472366
0.0193431866588704
0.01937676344702506
0.01941032784593374
0.01944388064728735
0.0194774225631626
0.01951095414321175
0.01954447587461266
0.01957798819946753
0.01961149018273074
0.01964498106550647
0.01967846112935083
0.01971193084304809
0.01974539087142916
0.01977884153503233
0.01981228307132214
0.01984571570758566
0.01987913886175618
0.0199125521507097
0.01994595547230555
0.01997934915322989
0.02001273337892014
0.02004610828063635
0.02007947399147688
0.02011283077587741
0.02014617888848419
0.02017951867936701
0.02021284973663155
0.02024617124384216
0.02027948364598244
0.02031278741494534
0.0203460830059759
0.02037937076757934
0.02041265119852108
0.0204459248159804
0.02047919116871353
0.02051244957808204
0.020545700486843
0.02057894446655502
0.02061218201187077
0.0206454135561139
0.0206786395800137
0.02071185930930671
0.02074507275179406
0.02077828049569454
0.02081148290397959
0.02084468018816616
0.02087787264486562
0.02091106061527399
0.02094424352568861
0.0209774211093782
0.02101059373883791
0.02104376170749984
0.0210769252852242
0.0211100844239161
0.02114323926829279
0.02117638992800983
0.02120953644461082
0.02124267800565287
0.02127581481093447
0.02130894710723753
0.02134207509707114
0.02137519864022681
0.02140831781568139
0.02144143273846503
0.02147454351319439
0.02150765025423918
0.0215407530078875
0.02157385129148348
0.02160694517832703
0.02164003470570051
0.02167312003912768
0.02170620143642327
0.02173927917496281
0.02177235356854518
0.02180542467073174
0.02183849188611924
0.02187155562838112
0.02190461599718945
0.0219376731306116
0.02197072728985509
0.02200377878976483
0.02203682774607396
0.0220698735071352
0.02210291642653892
0.0221359567964457
0.02216899490057585
0.02220203085503186
0.02223506467681314
0.02226809645141436
0.02230112597787573
0.02233415293313906
0.0223671775502735
0.02240020005618171
0.02243322050262976
0.02246623883132566
0.02249925498567851
0.02253226886683103
0.02256528046749858
0.0225982897805315
0.02263129666164609
0.02266430101693204
0.0226973028431913
0.02273030230880361
0.02276329952941706
0.02279629430523793
0.02282928660925973
0.02286227660357137
0.02289526423652518
0.0229282495780966
0.02296123282029269
0.02299421431796571
0.02302719422113643
0.02306017210168499
0.02309314813954574
0.02312612252752711
0.02315909542716451
0.02319206689034185
0.02322503688374563
0.02325800544158759
0.02329097263501567
0.02332393864049092
0.0233569036066146
0.0233898676285488
0.02342283029379276
0.02345579182539289
0.02348875234487528
0.02352171200592567
0.02355467087498959
0.0235876288818055
0.02362058604384859
0.02365354228294539
0.02368649740055806
0.02371945134894061
0.02375240408490966
0.02378535551526879
0.02381830550873461
0.02385125398020478
0.02388420116489359
0.02391714721685917
0.02395009179656832
0.02398303452033785
0.02401597540766862
0.02404891454139461
0.0240818522338359
0.02411478880330272
0.02414772441416037
0.02418065902993687
0.02421359195150709
0.02424652336107199
0.02427945340732563
0.02431238255894255
0.0243453110474402
0.0243782390218469
0.02441116641237893
0.02444409272714837
0.02447701828386245
0.02450994327245923
0.02454286774870253
0.02457579187397002
0.02460871584903749
0.02464163972523737
0.02467456327457487
0.02470748656632639
0.02474040968189985
0.02477333268545989
0.02480625564481362
0.02483917858821203
0.02487210158578708
0.02490502454930226
0.02493794750751023
0.02497087048332993
0.02500379347829458
0.02503671647796062
0.02506963942455282
0.02510256231995209
0.02513548522823024
0.02516840823315856
0.02520133134301642
0.02523425417128473
0.02526717663851674
0.02530009875417676
0.02533302063872755
0.02536594248328883
0.025398864348261
0.02543178633110444
0.02546470802586387
0.02549762922868445
0.02553055014115063
0.02556347095934564
0.02559639182524277
0.02562931291179514
0.02566223434578969
0.02569515573406602
0.0257280768255899
0.02576099773280323
0.02579391859464104
0.02582683954156516
0.02585976079104443
0.02589268248085569
0.0259256047306631
0.02595852692750659
0.02599144911836529
0.02602437137737859
0.02605729377974192
0.02609021641067396
0.02612313938720172
0.02615606283741745
0.02618898679628459
0.02622191094546427
0.02625483531112515
0.0262877599272281
0.026320684817251
0.02635361002163291
0.0263865356447937
0.02641946178284825
0.02645238840444299
0.02648531521974379
0.02651824222760476
0.02655116944674864
0.02658409687531108
0.0266170245254865
0.02664995245186468
0.0266828807419733
0.02671580925087876
0.02674873770829742
0.02678166607407845
0.02681459433899919
0.02684752260570783
0.02688045101334271
0.02691337971640485
0.02694630862381032
0.02697923732825242
0.02701216584988713
0.02704509427959349
0.02707802269841064
0.02711095129431102
0.02714388018159852
0.02717680950942274
0.02720973915618366
0.02724266882323795
0.02727559862916706
0.02730852879870414
0.02734145973913868
0.02737439194674648
0.02740732584113638
0.02744026027480647
0.0274731958823143
0.02750613352756176
0.02753907330544752
0.02757201425334449
0.0276049571911781
0.02763790292085343
0.02767085214891311
0.02770380368447256
0.02773675800468934
0.0277697159743221
0.02780267832928601
0.02783564458589656
0.02786861460853955
0.02790158916519158
0.02793456883565086
0.02796755281805826
0.02800054144600279
0.02803353538682454
0.02806653519593378
0.02809953947456554
0.0281325492477615
0.02816556492923935
0.02819858675939355
0.02823161465137887
0.02826464775455067
0.0282976873782425
0.02833073415476628
0.02836378801062781
0.02839684931334027
0.0284299172748187
0.02846299201230844
0.0284960744096113
0.02852916501532088
0.02856226377094229
0.02859537085482073
0.02862848668267402
0.02866161016922763
0.028694742036583
0.02872788281183604
0.02876103262087532
0.02879419137575431
0.02882735939241314
0.02886053706623713
0.02889372428464007
0.02892692070137553
0.02896012660826492
0.02899334205355674
0.02902656703362182
0.02905980186734308
0.02909304698097422
0.0291263028361331
0.02915956887909032
0.02919284469597824
0.02922613050250083
0.029259426335292
0.02929273247294228
0.02932604936878101
0.02935937752874719
0.02939271683646559
0.02942606618927891
0.02945942585417052
0.02949279614199375
0.02952617723904313
0.02955956952617184
0.02959297352298874
0.02962638907252053
0.02965981493157481
0.02969325139093688
0.02972669881727959
0.02976015771527413
0.02979362837503555
0.02982711123884112
0.02986060575064094
0.02989411084126313
0.02992762681994187
0.02996115410726416
0.02999469332602537
0.03002824507859977
0.0300618096169606
0.03009538586808025
0.0301289729969105
0.03016257134611132
0.03019618138562811
0.03022980380707252
0.03026343928562169
0.03029708830477445
0.03033074940249167
0.03036442166502629
0.03039810546408839
0.03043180130705033
0.03046550994096623
0.03049923206076265
0.03053296829204379
0.03056671757253453
0.03060047823902612
0.03063425069819176
0.03066803550926954
0.03070183342782764
0.03073564514954773
0.03076947130259358
0.03080331206591323
0.03083716433417043
0.0308710285531182
0.03090490529601782
0.03093879530725274
0.03097269928538772
0.0310066178436263
0.03104055150084407
0.03107449816826471
0.031108456783964
0.0311424279122849
0.03117641227326663
0.03121041058456459
0.03124442345109623
0.03127845137805913
0.03131249467332644
0.03134654959006206
0.03138061681264979
0.03141469704098174
0.03144879097936785
0.03148289926466186
0.0315170224136286
0.03155116084860354
0.03158531338820242
0.03161947767427771
0.03165365453343593
0.03168784468273302
0.03172204877976907
0.0317562674019135
0.03179050100525287
0.03182474995958546
0.03185901203239547
0.03189328588900429
0.03192757236984391
0.03196187225112975
0.03199618617042058
0.03203051467067503
0.03206485817383596
0.03209921701860526
0.03213358833628386
0.03216797139519496
0.03220236698085657
0.03223677597835174
0.03227119902333495
0.03230563663326368
0.03234008921896014
0.03237455710213554
0.03240903719067947
0.03244352895553921
0.032478033129361
0.03251255055924419
0.03254708198097109
0.03258162792377431
0.03261618878963001
0.03265076489218206
0.03268535346400686
0.03271995360705824
0.03275456602099287
0.03278919147488403
0.0328238308067838
0.0328584845831896
0.03289315320081329
0.03292783695976992
0.03296253346369769
0.03299724131919879
0.03303196120723555
0.03306669383041132
0.03310143991967839
0.03313620023052995
0.0331709751888556
0.03320576508765923
0.03324056802622579
0.03327538205386832
0.03331020785342362
0.03334504612148653
0.03337989757704822
0.03341476291286674
0.03344964279199453
0.03348453755710306
0.03351944669686235
0.03355436682103172
0.03358929860669976
0.03362424276107275
0.03365919997981396
0.0336941709669137
0.03372915639800239
0.03376415671314641
0.03379917217026902
0.03383419943301725
0.03386923816071694
0.03390428905049735
0.03393935276380804
0.03397442996364323
0.03400952126235623
0.0340446272420717
0.03407974818523309
0.03411488204166509
0.0341500269734114
0.03418518365785303
0.03422035275645446
0.03425553488318433
0.03429073064486988
0.03432594057129018
0.03436116515158356
0.03439640412114358
0.03443165374013905
0.0344669146919542
0.0345021876553158
0.03453747326379387
0.034572772083246
0.03460808467188465
0.03464341150113475
0.03467875300460224
0.03471410675883063
0.03474947144256023
0.03478484776651965
0.03482023638650033
0.03485563789010474
0.03489105280665011
0.03492648164136605
0.03496192480662746
0.03499738269788426
0.03503285120669346
0.03506833092401818
0.0351038225323498
0.03513932665144678
0.03517484381742796
0.03521037451432045
0.03524591919422366
0.03528147822453849
0.03531705058993053
0.03535263363008141
0.0353882280684699
0.03542383455827574
0.03545945367574686
0.03549508591502178
0.03553073170965571
0.03556639146360895
0.03560206551199762
0.03563775159828751
0.03567344846536244
0.0357091568170471
0.03574487728095331
0.03578061039520082
0.03581635661496639
0.03585211632599797
0.03588788989550373
0.03592367764297871
0.03595947646822364
0.03599528609537275
0.0360311072173617
0.03606694044181206
0.03610278627622549
0.03613864514319053
0.03617451739597021
0.03621040335644825
0.03624630332629919
0.03628221366858398
0.03631813476146763
0.0363540672857243
0.03639001183692911
0.03642596890715458
0.03646193889737982
0.03649792213932053
0.03653391892042146
0.03656992946859525
0.03660594998761357
0.03664198115909182
0.03667802363232484
0.03671407800366533
0.03675014476141129
0.03678622429496664
0.03682231692338249
0.036858422921483
0.03689454235452535
0.03693067166931903
0.03696681150406279
0.03700296248823422
0.03703912519873198
0.03707530012986237
0.03711148767232516
0.03714768814129781
0.03718390180634828
0.03722012881352958
0.03725636558658772
0.03729261275952866
0.03732887091958897
0.03736514061635517
0.03740142234189818
0.03743771649809684
0.03747402340594877
0.03751034333540531
0.03754667653062402
0.03758301957323838
0.03761937287573715
0.03765573702261888
0.0376921125318822
0.03772849986832201
0.03776489944657653
0.03780131160059535
0.03783773660682938
0.03787417471087452
0.03791062305578138
0.03794708151016418
0.03798355066677762
0.03802003102303012
0.03805652302819853
0.03809302707580268
0.03812954351918929
0.03816607264762913
0.03820261471178509
0.03823916761117456
0.03827573046127863
0.03831230385209951
0.03834888830158656
0.03838548422276101
0.03842209199924794
0.03845871197950484
0.03849534447064005
0.03853198973487584
0.03856864663915126
0.03860531332572607
0.03864199038404881
0.03867867834413521
0.03871537761844339
0.03875208856731099
0.0387888115230629
0.03882554680746748
0.03886229469820359
0.03889905524305939
0.03893582538675965
0.03897260571907635
0.03900939677462942
0.03904619899401889
0.03908301271115493
0.03911983825060523
0.03915667591857581
0.03919352601323054
0.03923038880135268
0.03926726215560545
0.0393041454971379
0.03934103936627935
0.03937794422496927
0.03941486041874572
0.03945178824665328
0.03948872800751142
0.0395256799978584
0.03956264449295428
0.03959962089702481
0.03963660705712838
0.03967360352237463
0.03971061076990667
0.03974762918722301
0.03978465905088859
0.03982170063807585
0.03985875422536995
0.03989582010322728
0.03993289855457109
0.03996998728308208
0.04000708605348193
0.0400441953623269
0.04008131562015985
0.04011844713089366
0.04015559014267026
0.04019274491975611
0.04022991172907143
0.04026709086053949
0.04030428181410776
0.04034148249634634
0.04037869342280417
0.04041591502718253
0.04045314766044424
0.0404903915677047
0.04052764697768386
0.04056491414696375
0.04060219334003327
0.04063948486141393
0.04067678691017786
0.04071409886404886
0.04075142118911459
0.04078875426489507
0.04082609839045022
0.04086345376924816
0.04090082061610335
0.04093819918099459
0.04097558973651799
0.04101299254449637
0.04105040486665283
0.04108782720375654
0.04112525997105646
0.04116270349873438
0.0412001580444383
0.04123762379002009
0.04127510094134502
0.04131258974204421
0.04135009047752099
0.04138760248064995
0.0414251240845025
0.04146265575049349
0.04150019785052378
0.04153775067310947
0.04157531444659709
0.04161288933772547
0.04165047554511111
0.04168807331083524
0.04172568293133302
0.04176330302958033
0.04180093276290712
0.04183857255503642
0.04187622274224653
0.04191388358210812
0.04195155528217781
0.04198923800535219
0.04202693194313013
0.0420646373389371
0.04210235449846662
0.04214008153756656
0.04217781820839692
0.04221556490119397
0.0422533219213325
0.04229108950356866
0.0423288678417127
0.04236665710292963
0.04240445747289451
0.04244226919928915
0.04248009259670082
0.04251792552535932
0.04255576807195197
0.04259362060833624
0.0426314834256416
0.04266935675147429
0.04270724077936825
0.04274513569061886
0.04278304167249577
0.04282095898648968
0.04285888795670544
0.04289682650213716
0.04293477462484506
0.04297273262373483
0.0430107007031089
0.04304867899279639
0.04308666757781839
0.0431246665273794
0.04316267592212297
0.0432006958937649
0.04323872484070634
0.04327676242833939
0.04331480942610458
0.04335286676125284
0.04339093550937303
0.04342901687179048
0.04346711214907645
0.04350522272127343
0.04354334991851198
0.04358149456091686
0.04361965715868437
0.04365781986584175
0.04369596539816319
0.04373409403714951
0.04377221815204171
0.04380996740864939
0.04384743765077618
0.04388471506546451
0.0439217118826038
0.04395849880796623
0.04399515025610944
0.04403153501249386
0.04406777137989592
0.0441038561923495
0.0441397557723819
0.04417559830703167
0.04421132015776601
0.04424693691142562
0.04428253515708899
0.04431797787556466
0.04435337321700569
0.04438874070336735
0.04442401935876992
0.04445928607606141
0.04449454506749023
0.04452975575459616
0.04456496420555578
0.04460013334257324
0.04463527810626446
0.04467042849347878
0.04470558906933646
0.04474073425452251
0.04477586335675854
0.04481098438224953
0.04484610494203058
0.04488122142275958
0.04491633872309837
0.04495147766522838
0.04498661321174336
0.04502175932398922
0.04505691240108713
0.04509206237817862
0.04512724958021366
0.04516243526359569
0.04519763814120342
0.04523283258473579
0.04526803127982398
0.04530324784085206
0.04533846784157966
0.04537369138249441
0.04540890613522874
0.04544412558390572
0.04547934038726444
0.04551456027876872
0.04554977826373646
0.04558499715939866
0.04562020204158055
0.04565539835551207
0.04569059345268562
0.04572578951392457
0.04576099133262512
0.04579617690586237
0.04583135305903765
0.04586652175825157
0.04590168848435663
0.04593685903183028
0.04597202100077512
0.04600717915518512
0.04604232373823201
0.0460774602273749
0.04611259199509504
0.04614772036629829
0.04618284989272545
0.04621796654413012
0.04625307444206139
0.0462881734169337
0.0463232666545387
0.04635835938790155
0.04639344120530351
0.04642851832918041
0.04646358553203731
0.04649864503410146
0.04653369840925092
0.04656874227385886
0.04660378273012964
0.04663881326391788
0.04667383734927922
0.04670885529014873
0.04674386522980262
0.04677887077605138
0.04681386298351024
0.04684884846434818
0.04688382760042394
0.04691880146620461
0.04695376924649925
0.04698872440386673
0.04702367330360423
0.04705861160764733
0.04709354410392742
0.04712847303359681
0.04716339431922778
0.04719831021787323
0.04723321105552553
0.04726810402371309
0.04730298907594589
0.04733787073994102
0.04737274968466412
0.0474076160667217
0.04744247546633228
0.0474773217074345
0.04751216085655884
0.04754699533390985
0.04758182527030098
0.04761665190484324
0.04765146247268474
0.04768626388525798
0.04772105424711198
0.04775584008656607
0.04779062543471045
0.04782540003704784
0.04786016852817145
0.04789492108863797
0.04792966426721596
0.04796439950963127
0.0479991308252654
0.04803386153914552
0.04806857954776003
0.04810328886370237
0.04813798450418946
0.04817267198599544
0.04820735634130246
0.04824203436896674
0.04827670965456599
0.04831136712624308
0.04834601332911885
0.04838064718724212
0.04841527700019991
0.04844990592874238
0.04848452749971056
0.04851914167052909
0.04855373886890706
0.04858832509628151
0.04862290357643975
0.0486574777110212
0.04869204958050454
0.04872661234115452
0.04876116561672027
0.04879570419308762
0.04883023247865807
0.04886475702256681
0.04889927469167117
0.04893378779087737
0.04896828794191584
0.04900277656302456
0.04903725372821884
0.04907172375248085
0.04910619119811387
0.04914065237145446
0.04917510712184391
0.0492095466892563
0.04924397398569071
0.04927839256177641
0.04931280585357516
0.04934721653164503
0.04938162131399749
0.04941601781126111
0.04945039846257624
0.04948476639465696
0.04951912752898958
0.04955348245199353
0.04958783574011012
0.04962218394006995
0.04965652254945929
0.04969084705085942
0.0497251590135549
0.04975946543680778
0.04979376463535807
0.04982806088845393
0.04986235104279563
0.04989663065884927
0.04993089938560701
0.04996515636794666
0.0499994076547504
0.05003365320317264
0.05006789509940088
0.05010213033931287
0.05013635369977482
0.05017056705531874
0.05020477123479394
0.05023897045487007
0.05027316640926387
0.05030735784060879
0.05034154379079003
0.0503757178106307
0.05040988412469437
0.0504440416010917
0.05047819461385925
0.05051234546618517
0.05054649124977283
0.05058063461760581
0.0506147658402119
0.05064889081595114
0.05068300661096739
0.05071711760235319
0.050751226495424
0.05078533005099309
0.0508194309393303
0.05085352312528829
0.05088760931269076
0.05092168765275038
0.05095576157134587
0.05098983425850447
0.05102390049642856
0.05105796322431283
0.05109201866635005
0.05112606891735984
0.05116011407318653
0.05119415573906269
0.05122819644084524
0.05126223109457115
0.05129626177134252
0.0513302871614125
0.05136430806621706
0.05139832656312406
0.05143234263046884
0.05146635791050107
0.05150036989861367
0.05153437775925353
0.05156838088332867
0.05160238035841273
0.05163637968742871
0.0516703773551704
0.05170437486635648
0.05173837136046254
0.05177236383482597
0.05180635236265278
0.05184033786484412
0.05187432332073187
0.05190830852622107
0.05194229438673426
0.05197628202348314
0.05201026604283249
0.05204424776728447
0.05207822703673341
0.05211220616842603
0.0521461856920965
0.05218016568732971
0.05221414840574144
0.05224812943635207
0.05228211147759659
0.05231609198924886
0.05235007221931178
0.05238405314599062
0.05241803472113214
0.05245201967617139
0.05248600428543654
0.05251999058209982
0.05255397747674709
0.05258796451936121
0.0526219529537249
0.05265594223778323
0.05268993513495239
0.05272392837623858
0.0527579240491801
0.05279192214556074
0.05282592088334651
0.052859921797092
0.05289392342540342
0.05292792876656555
0.05296193558236747
0.05299594565621057
0.05302995987472239
0.05306397510356779
0.05309799300723988
0.05313201154881989
0.05316603402678089
0.0532000589442069
0.0532340871332162
0.05326812175906911
0.05330215754832005
0.05333619641674447
0.05337023586256682
0.05340427946433768
0.05343832665899816
0.0534723770721483
0.05350643527131359
0.05354049462709888
0.05357455763885963
0.05360862127363991
0.05364268902303192
0.05367676239476022
0.05371083886308341
0.05374492445017313
0.05377901100018626
0.05381310125345391
0.05384719221213927
0.05388128731197549
0.05391539075601862
0.05394949709183793
0.05398361205850544
0.05401772952679535
0.05405185068791954
0.05408597355840985
0.0541201004600805
0.05415423776670455
0.05418837779076795
0.05422252568707053
0.05425667802491629
0.05429083421557541
0.05432499327006983
0.0543591561908174
0.05439333070115354
0.05442750769585139
0.05446169168988734
0.05449588135636808
0.05453007525554502
0.05456427335890872
0.05459847506583977
0.05463268752896119
0.05466690285818752
0.05470112452377296
0.05473535227938512
0.05476958427563253
0.0548038218875115
0.05483806279061997
0.0548723137115989
0.05490656665079954
0.05494082557402832
0.05497509025962129
0.05500935916036122
0.05504363482068491
0.05507791342033978
0.05511220056544159
0.05514648956594137
0.05518078425125648
0.05521508438168613
0.05524938867398446
0.05528370115131261
0.05531801640368245
0.05535234037439
0.0553866663574344
0.05542099778783999
0.05545533579502658
0.05548967795279162
0.0555240310290896
0.05555838701682014
0.05559275125018898
0.05562712099021058
0.05566149591205944
0.05569587977302784
0.05573026775954088
0.05576466812159385
0.05579907351492216
0.05583348640867485
0.05586790811804847
0.05590233468555104
0.0559367702885241
0.05597120987217478
0.05600566111473692
0.05604011907112381
0.05607458410711913
0.05610905799724863
0.05614353636449359
0.05617802169232908
0.05621251093729483
0.05624701151557555
0.0562815195677279
0.05631603456792864
0.05635055764594599
0.05638508491356287
0.05641961767701906
0.05645415435787624
0.05648870208692167
0.05652325814987282
0.05655782095729541
0.0565923916374853
0.05662696623431546
0.05666154570808828
0.05669612897666965
0.05673072293434576
0.05676532504256877
0.05679993364227381
0.05683454961140773
0.05686916925299199
0.05690379296460065
0.05693842020904686
0.0569730576027427
0.05700770165532815
0.05704235184982547
0.05707700821982762
0.05711166754326025
0.05714633008560936
0.05718099583037688
0.05721567101558669
0.05725035072724205
0.05728503606129731
0.05731972651302224
0.05735441927424522
0.05738911470560077
0.05742381303268727
0.05745852005873077
0.05749323011377065
0.05752794548826195
0.05756266469362085
0.05759738571520957
0.05763210882289305
0.0576668346368683
0.05770156862684206
0.05773630510588589
0.05777104667168408
0.05780579082388821
0.05784053632884608
0.0578752833284323
0.05791003288870128
0.05794479019266174
0.05797954971970655
0.05801431404437182
0.05804907921237817
0.05808384518253872
0.05811861182690753
0.05815338089780527
0.05818815726414927
0.0582229354602789
0.05825771788099975
0.05829249945027388
0.05832728134435882
0.05836206316843721
0.05839684730207532
0.05843163827156724
0.05846643062061694
0.05850122649208291
0.05853602013299601
0.0585708134454388
0.05860560602733564
0.05864040074252055
0.05867520112641803
0.05871000232478289
0.05874480601619195
0.05877960679241112
0.05881440669225061
0.05884920562477605
0.05888400638631783
0.05891881109152233
0.05895361615993874
0.05898842254039927
0.0590232262046396
0.05905802910110838
0.05909283069980546
0.05912763338668332
0.05916243810212187
0.05919724252444138
0.05923204775691904
0.05926685094537795
0.05930165415440708
0.05933645607506664
0.05937125788300869
0.05940605998025131
0.05944086091855359
0.0594756620324557
0.05951046202019769
0.0595452624831082
0.05958006088606525
0.05961485808486232
0.05964965364212116
0.05968444762017423
0.05971924135678289
0.05975403479930428
0.05978882914869817
0.05982362003208366
0.05985840862059282
0.05989319348394144
0.05992797697275757
0.05996276026204889
0.05999754340608227
0.06003232771534853
0.060067108363201
0.06010188592754382
0.06013665937323204
0.06017143078492539
0.06020620098547888
0.06024097088983988
0.06027574175335808
0.06031050919220552
0.06034527456104003
0.06038003586717636
0.06041479508368575
0.06044955201961389
0.06048430692753556
0.0605190611299005
0.0605538119778723
0.0605885615948515
0.06062330885793272
0.06065805416676531
0.06069279553440683
0.06072753314034654
0.06076226660659836
0.06079699724077332
0.06083172718984602
0.06086645572929823
0.06090118294736131
0.06093590515833394
0.06097062279892782
0.06100533411368401
0.06104004248867429
0.06107475038151999
0.06110945694884496
0.06114416262840891
0.06117886363003092
0.06121356003840069
0.06124824949509119
0.06128293511220259
0.06131761953711339
0.06135230175403612
0.06138698273652696
0.06142165986462986
0.0614563334471916
0.06149100158910314
0.06152566528064074
0.06156032610313888
0.06159498266396535
0.06162963745672238
0.06166429012539015
0.06169894068932576
0.0617335876728921
0.06176823020849986
0.0618028690202976
0.06183750274411411
0.06187213450972945
0.06190676434414315
0.06194139278030408
0.06197601899154671
0.06201064074723443
0.06204525836628857
0.06207987089658685
0.06211448162475382
0.06214909122717143
0.06218369951765798
0.06221830606304036
0.06225290819113205
0.06228750668271348
0.06232210051613645
0.06235669277165353
0.06239128401957302
0.06242587363801302
0.06246046133339623
0.0624950450649628
0.06252962643673418
0.06256420363482634
0.06259877925601738
0.06263335218831724
0.06266792250474133
0.06270248067394578
0.0627369968828433
0.06277150306619061
0.06280602178047608
0.06284057019960128
0.06287517090757268
0.06290981491438913
0.06294452328215978
0.0629792959025383
0.06301409898662741
0.06304895530566408
0.06308385580896163
0.06311878573216062
0.06315377176931018
0.06318880041100931
0.06322386047106342
0.06325898005372117
0.06329413644059258
0.06332932664005708
0.06336457918061301
0.06339986345979881
0.06343518469834876
0.06347056617976979
0.0635059783259046
0.06354143103123658
0.06357694000799285
0.06361247957259399
0.06364806400771719
0.06368370101921791
0.0637193685361863
0.06375508606038986
0.06379085157172923
0.06382664728022451
0.06386249745534897
0.06389839225346587
0.06393431955806084
0.06397030560352118
0.06400633010640519
0.06404239281173039
0.06407851493275732
0.06411466882377433
0.06415086714947565
0.06418711755842696
0.06422339913904707
0.06425973197987955
0.06429611036058358
0.06433252040922639
0.06436898669546817
0.06440549328819498
0.06444203860629914
0.06447864088267984
0.0645152751508026
0.0645519562217044
0.06458868533496986
0.06462544556033356
0.06466225918336801
0.0646991162005499
0.06473601015057757
0.06477296347836071
0.06480994925634061
0.06484698138550397
0.06488406248185312
0.06492117543495088
0.06495834184419809
0.06499555238336231
0.06503280216918728
0.06507010975184577
0.06510745021992138
0.06514483941866667
0.06518227615716689
0.06521974686217191
0.0652572738748632
0.06529484128940594
0.06533245359619416
0.06537011735726599
0.06540781373809391
0.06544556275594761
0.06548335684938532
0.06552119228813062
0.06555908334976665
0.06559700721068841
0.06563498188510092
0.06567300288971491
0.06571106324372673
0.0657491819295362
0.06578733373199426
0.06582553489649441
0.06586378387426528
0.06590207179253008
0.06594041908690403
0.0659787998656801
0.06601722989852141
0.06605570833934241
0.0660942267730546
0.06613280405185493
0.06617141510868153
0.06621007664296207
0.06624878607982797
0.06628753814786763
0.06632634658070607
0.06636518926112997
0.06640408486258947
0.06644302654473405
0.06648201334814113
0.06652105392941558
0.06656013080130892
0.06659926759375936
0.06663844246949918
0.06667766489155597
0.06671693897074514
0.0667562538285985
0.06679562829916777
0.06683503756473701
0.06687450012570474
0.06691400936447871
0.06695356408040319
0.0669931738030569
0.06703282235429066
0.06707253394196844
0.06711228073749562
0.06715207865200752
0.06719192626600147
0.06723175011007355
0.06727154054510821
0.06731131095876969
0.06735105311374871
0.06739077404999239
0.06743047001205038
0.06747013287015122
0.06750976792992061
0.06754937017025929
0.06758895518098713
0.06762850897861246
0.06766804083281923
0.06770754863392379
0.06774702513864972
0.06778647658604581
0.06782589447526556
0.06786529620990367
0.06790466747621808
0.0679440169190353
0.06798334162705891
0.06802263798708061
0.06806190982066537
0.06810114552714358
0.06814036369892454
0.06817955593721536
0.06821872837313576
0.06825787447675548
0.06829699224030948
0.06833608714819342
0.06837514769516134
0.06841419182712759
0.06845320756648182
0.06849220477753901
0.06853117783765661
0.068570124355877
0.06860904932718091
0.06864794181956814
0.06868681899993233
0.0687256631740641
0.06876448624083555
0.0688032911276515
0.06884207285678151
0.06888083412702142
0.06891956154223636
0.0689582721533224
0.06899695186743915
0.06903561276427783
0.06907425095599258
0.0691128651458527
0.06915146397122285
0.06919003305450126
0.06922858627045399
0.06926710537393303
0.06930560506576773
0.06934407844360517
0.06938252668605865
0.06942096179029905
0.06945937128669749
0.06949776609999558
0.0695361256396589
0.06957446345690464
0.06961277853258083
0.06965107076976867
0.06968934710618868
0.06972759457524469
0.06976582773205713
0.06980403317570072
0.06984222183357727
0.06988038147407202
0.06991851602223742
0.06995663553157386
0.0699947282391985
0.07003280887901507
0.07007086243159469
0.07010889938302339
0.07014690796341473
0.07018489359872938
0.07022285889584218
0.07026079748769769
0.0702987217881407
0.07033662245666637
0.07037450956192963
0.07041236829797046
0.07045020546757617
0.07048802131772899
0.07052581142639652
0.07056358794610308
0.07060133916307956
0.07063907636406748
0.07067678958232533
0.07071448414604339
0.07075215795047088
0.07078980721301217
0.07082744202849532
0.07086504846281484
0.07090263947884108
0.07094021079485527
0.07097776677470913
0.071015298330598
0.07105280649728006
0.07109030047751701
0.07112776796730878
0.07116522237494945
0.0712026544021284
0.07124007052475992
0.0712774660548007
0.0713148415615153
0.07135219595629355
0.07138952466914228
0.07142683799770286
0.07146413156119012
0.07150141140502483
0.07153867337659636
0.07157591667522085
0.07161314125258281
0.07165034198282662
0.07168752904450269
0.07172468927642234
0.0717618340441416
0.07179896454657331
0.07183607934878532
0.07187318088954468
0.07191026096930223
0.0719473250378892
0.07198436365714711
0.07202138737523246
0.07205839111296236
0.0720953803012738
0.07213235684620575
0.07216931575402651
0.07220626346773568
0.07224318823379018
0.07228009866041081
0.07231698173634052
0.07235384821219465
0.07239069801697172
0.07242753175337009
0.07246435504515072
0.0725011582220401
0.0725379508637097
0.07257471947316597
0.07261147494278583
0.07264820424972536
0.07268491654132754
0.07272161267256237
0.07275829044544756
0.07279495852736313
0.07283160640847029
0.07286824290434103
0.0729048571886081
0.07294145646590325
0.0729780366988842
0.07301459942312044
0.07305114916951345
0.07308767872293501
0.07312419692430268
0.07316069757844307
0.07319718567537452
0.07323365554639905
0.07327010982364646
0.07330654954316329
0.07334297096160321
0.07337938250958369
0.07341577317061267
0.07345215118820331
0.07348851177169774
0.0735248587848378
0.07356119052238592
0.073597506116722
0.07363381210117323
0.07367009935932343
0.07370637620277667
0.073742637245655
0.07377888616729324
0.0738151194051329
0.07385133781983753
0.0738875410374913
0.07392372640835021
0.07395990115445797
0.07399605519797019
0.07403219691447054
0.07406832443492309
0.0741044397529842
0.07414054336680094
0.07417663178195551
0.07421270879938625
0.07424876742279288
0.07428481506275138
0.07432084462226447
0.07435686228014055
0.07439286772370886
0.07442886024816045
0.07446484314991308
0.07450081005948039
0.0745367666089374
0.07457270382904838
0.07460862891061204
0.07464453817212427
0.0746804359917186
0.07471632363584096
0.07475219751473706
0.07478806184641096
0.07482390903510804
0.0748597455487728
0.07489556169379509
0.07493136556580733
0.07496715543931143
0.07500293345269118
0.0750387036391777
0.07507445960857988
0.07511020675084326
0.07514593644529452
0.07518165514448226
0.07521735643731563
0.07525304695581575
0.07528872561269882
0.07532439201867108
0.07536005017133902
0.07539569325203814
0.07543132769559009
0.07546694394226663
0.07550254938096211
0.07553814027960863
0.07557372038785769
0.07560929213074245
0.07564485075807517
0.07568040251777439
0.07571593851460992
0.07575146499119724
0.07578697564680223
0.07582247567774358
0.07585796389301344
0.07589344067957125
0.07592891017379662
0.07596436682344482
0.07599981615797138
