0
0.001056442818410646
0.001799867369171267
0.002500482235256184
0.003173899154891933
0.003805363195847703
0.0044202340230997
0.005031364461501972
0.005631221204318145
0.006221006500702328
0.006810174417354253
0.007399211653257509
0.007984124047568675
0.008570112463028868
0.009155668515598727
0.009740384120423436
0.01032397619735964
0.01090436241304626
0.01148606339535319
0.01206191986476766
0.01263707568100501
0.01321163819854907
0.01378257342242266
0.0143536857264175
0.01492350388181878
0.01549124838944767
0.01605914989633283
0.01662603633793353
0.01719143577404099
0.01775707424132963
0.0183217538904639
0.01888534551455419
0.0194492467392548
0.02001221398433306
0.0205744469772077
0.02113703087365615
0.02169911509899376
0.02226066820093082
0.02282245107378014
0.02338390173022032
0.02394496398234231
0.02450617215891797
0.02506746063439335
0.02562842265209746
0.026189416494245
0.02675073141881122
0.02731178065506358
0.02787284706306685
0.02843415279433377
0.0289956390366609
0.02955710337892165
0.03011861843600824
0.03068027837819811
0.03124219516802774
0.03180432313161492
0.03236661728175751
0.03292914200566954
0.0334916868221169
0.03405440522368317
0.03461738289191667
0.03518054568018899
0.03574378935020214
0.03630723115053704
0.03687088928687006
0.03743470560497834
0.0379986318616249
0.03856268864668796
0.03912685322316604
0.03969111482334352
0.04025544721426182
0.04081982100213296
0.04138422555115683
0.0419486668769842
0.04251314458207688
0.04307766121122669
0.04364217408020107
0.04420666865086142
0.04477114997881022
0.0453356055968888
0.04590009026107196
0.04646457691888595
0.04702903635791682
0.04759346983770393
0.04815790210487504
0.04872238296372876
0.0492868315380391
0.04985126825189185
0.05041570983483675
0.05098018960433318
0.05154467834078676
0.05210915946735522
0.05267365319379375
0.05323818760383031
0.05380276340146278
0.05436734105133413
0.05493192986072083
0.05549655490137025
0.05606124171979544
0.05662593658365736
0.05719064521621028
0.05775537902568925
0.05832015887747606
0.05888497363256499
0.05944979995092067
0.06001464577490884
0.06057952590069037
0.06114445979339507
0.06170940611119682
0.0622743664906868
0.06283935053973098
0.06340437379835917
0.06396943236846789
0.06453450412731303
0.06509959375805459
0.06566471094093657
0.06622987285539343
0.06679505552987887
0.0673602528086287
0.06792547072339705
0.06849072177270536
0.06905601424278565
0.06962131798159114
0.07018663807717901
0.07075198289363596
0.07131736595175038
0.07188276946867696
0.07244818636576325
0.0730136216595805
0.07357908520368418
0.07414458319161996
0.07471009067578303
0.07527561219434356
0.07584115443149662
0.07640672868850612
0.07697231683028538
0.07753791612228152
0.07810353155653244
0.07866917076733404
0.07923483947059175
0.07980051713010335
0.08036620678001959
0.08093191298345181
0.08149764409530573
0.08206340212122731
0.08262916798947015
0.0831949452536597
0.08376073723452804
0.08432655366470686
0.08489239256304652
0.08545823748447502
0.08602409224436269
0.08658996155456325
0.08715585159950313
0.08772176115255861
0.08828767338172026
0.08885359327336702
0.089419527202838
0.08998548767367433
0.0905514489442299
0.09111741494105954
0.0916833889882496
0.09224938186990615
0.09281539151887622
0.0933814036513014
0.09394742385403919
0.09451345751510569
0.09507951547225144
0.09564558189695423
0.09621165407314489
0.09677773755779802
0.09734384097748655
0.09790996648242425
0.098476097456606
0.09904223795176381
0.09960839407347107
0.1001745756520374
0.1007407721284539
0.1013069764333142
0.101873193161334
0.1024394286066269
0.1030056927266591
0.1035719643807892
0.1041382448064853
0.1047045393019449
0.1052708550572663
0.1058371889339031
0.1064035294797611
0.1069698800161389
0.107536246350148
0.1081026367102735
0.1086690356996552
0.1092354417956033
0.1098018591330982
0.1103682931023862
0.1109347486286366
0.1115012088511191
0.1120676763349172
0.1126341557772493
0.1132006537693338
0.1137671669314903
0.1143336850410199
0.1149002111657418
0.1154667502248149
0.1160333098241078
0.1165998801010481
0.1171664552332444
0.1177330390328314
0.118299636457455
0.118866255641758
0.1194328778037542
0.1199995053505297
0.1205661430215223
0.1211327964687709
0.1216994635723136
0.1222661340006045
0.1228328109002549
0.1233994992009879
0.1239662058297395
0.1245329187202822
0.1250996352879364
0.1256663593464192
0.1262330971708676
0.1267998479303271
0.1273666011212918
0.1279333595187024
0.1285001278868853
0.1290669119183173
0.1296337007130931
0.1302004928155382
0.1307672915394639
0.1313341022713486
0.1319009271561357
0.1324677538650895
0.1330345848409838
0.1336014238547729
0.1341682772697136
0.1347351385244334
0.1353020029161612
0.1358688731803296
0.1364357538346406
0.1370026509779712
0.1375695522506016
0.1381364578228455
0.1387033706181215
0.1392702962057331
0.1398372386830016
0.1404041846177322
0.1409711358856465
0.1415380960292009
0.1421050707968824
0.1426720584322507
0.1432390501139907
0.1438060480803453
0.1443730565304099
0.1449400817403869
0.1455071140102736
0.1460741507881106
0.1466411947351137
0.1472082510059603
0.1477753224836115
0.1483423971139184
0.1489094766502581
0.1494765644846704
0.1500436660464129
0.1506107757932382
0.1511778889106796
0.1517450075856193
0.1523121358069649
0.152879279133991
0.1534464255004909
0.1540135756005664
0.1545807320651104
0.1551478996067471
0.1557150791762917
0.1562822613754797
0.1568494477531102
0.1574166411610718
0.157983847128618
0.1585510617269484
0.1591182791900927
0.159685501421784
0.1602527317564174
0.160819975818817
0.16138722561373
0.1619544782686181
0.162521736200287
0.1630890035097987
0.1636562842636169
0.1642235668850014
0.1647908528509323
0.1653581448797014
0.1659254484550637
0.1664927614666357
0.1670600770118371
0.1676273970495379
0.1681947250739016
0.168762066729718
0.1693294152429833
0.1698967668982395
0.1704641239492795
0.1710314912033866
0.1715988735578143
0.1721662586817081
0.1727336480782244
0.1733010447461125
0.1738684540504701
0.1744358736958732
0.1750032968266751
0.175570725214129
0.1761381628146801
0.1767056147451554
0.1772730718087559
0.1778405326993737
0.1784079998684879
0.1789754776286182
0.1795429649525978
0.180110455281141
0.1806779501477158
0.1812454526500457
0.1818129672473941
0.1823804847020145
0.1829480053770538
0.1835155312064646
0.1840830659354689
0.1846506094706776
0.1852181554313861
0.1857857049944419
0.186353260505132
0.1869208260536385
0.1874883974008567
0.1880559715216509
0.1886235497834834
0.1891911347187288
0.1897587308045126
0.1903263311354925
0.1908939343640193
0.1914615420941969
0.1920291572508146
0.1925967848269787
0.1931644151145655
0.1937320481770275
0.1942996859204275
0.1948673318811978
0.195434988058524
0.1960026461532532
0.1965703072178196
0.1971379733669027
0.1977056489633624
0.1982733316857086
0.1988410163857337
0.1994087046169382
0.1999763991677473
0.2005441050164048
0.2011118143056828
0.2016795258519616
0.2022472415871213
0.202814965407782
0.2033826988548985
0.203950434292259
0.2045181729335961
0.2050859171720692
0.2056536715538469
0.2062214321710487
0.2067891954290188
0.2073569629109211
0.2079247378885913
0.2084925248825309
0.2090603145452032
0.2096281073383505
0.2101959053397241
0.2107637122764589
0.2113315271581736
0.2118993446661772
0.2124671660939748
0.213034994027375
0.2136028324951324
0.2141706744275031
0.2147385194119612
0.2153063689450055
0.2158742260225811
0.2164420920955409
0.2170099603783742
0.2175778318516324
0.2181457082904781
0.2187135931341157
0.2192814834562584
0.2198493761086985
0.2204172721843488
0.2209851737753829
0.2215530846248501
0.2221209984264696
0.2226889145932353
0.2232568344302684
0.2238247603229132
0.2243926953404275
0.2249606317836807
0.2255285705895725
0.2260965133644845
0.2266644631565841
0.2272324194616215
0.2278003773671082
0.228368337843851
0.2289363026764129
0.2295042756405297
0.2300722526264201
0.2306402313622402
0.2312082131752592
0.2317762004588031
0.2323441968538933
0.232912194355682
0.2334801940285781
0.2340481974902702
0.2346162080493033
0.2351842254659815
0.235752244781516
0.2363202670502467
0.2368882942966618
0.237456330334969
0.2380243717593572
0.2385924156406219
0.2391604632247758
0.2397285172634264
0.2402965816225616
0.2408646493363258
0.2414327199376471
0.2420007949702625
0.2425688777900202
0.2431369689228519
0.243705062438131
0.2442731593759531
0.2448412617058074
0.2454093728152558
0.2459774884299076
0.2465456065151414
0.2471137282642235
0.2476818561511398
0.2482499912305839
0.2488181279446694
0.2493862671755457
0.249954410348137
0.2505225603967041
0.2510907126436469
0.2516588665509972
0.2522270232324988
0.252795184549865
0.2533633515776689
0.2539315193704262
0.2544996890120408
0.2550678617760038
0.2556360398406579
0.2562042218745623
0.2567724049731742
0.2573405902471433
0.2579087791283471
0.2584769742676584
0.259045172688448
0.2596133726753526
0.2601815752824186
0.2607497820578255
0.2613179960917588
0.2618862132779178
0.2624544322775506
0.2630226541867783
0.2635908809694491
0.2641591160680043
0.2647273524122192
0.2652955908106369
0.2658638325030202
0.2664320801066096
0.2670003338580435
0.2675685890726562
0.2681368467312255
0.2687051083214565
0.2692733769564837
0.2698416490777351
0.2704099228933943
0.2709781995586655
0.2715464811704511
0.2721147696954183
0.272683059478665
0.2732513514081771
0.2738196467275695
0.2743879481846099
0.2749562543313269
0.275524562181823
0.2760928727687688
0.2766611876729671
0.2772295098485693
0.2777978351446611
0.2783661624881765
0.27893449302073
0.2795028288648378
0.2800711725519271
0.2806395178272946
0.2812078655174768
0.2817762167840595
0.2823445742866095
0.2829129373173014
0.2834813021798402
0.2840496697779465
0.2846180415336022
0.2851864202233677
0.2857548020449348
0.2863231857108061
0.2868915723366005
0.287459963751347
0.2880283611872454
0.2885967598818026
0.2891651606361698
0.2897335645720482
0.290301974050639
0.2908703868928633
0.2914388011453132
0.2920072177747309
0.292575638167783
0.2931440648381394
0.29371249312102
0.2942809229973653
0.2948493556070572
0.2954177926710587
0.2959862351108328
0.2965546786986402
0.2971231242227114
0.2976915728216058
0.2982600267550065
0.2988284847399135
0.2993969441472632
0.2999654058974068
0.3005338712931662
0.3011023429103324
0.3016708171757648
0.3022392930488431
0.3028077716070958
0.3033762544882668
0.3039447433288291
0.3045132333096923
0.3050817251617992
0.3056502200284938
0.306218720129049
0.3067872239088352
0.3073557290520937
0.3079242364751766
0.3084927474498662
0.3090612643338226
0.3096297827922286
0.3101983027586269
0.3107668253260058
0.3113353521127974
0.3119038834909899
0.3124724159563624
0.3130409502561433
0.3136094875371344
0.3141780298567316
0.3147465754456166
0.3153151224131873
0.315883671630884
0.3164522242750694
0.3170207827014277
0.3175893438241252
0.318157906495579
0.3187264716900155
0.3192950408379973
0.3198636167452862
0.3204321939690462
0.3210007729233289
0.32156935466193
0.3221379411330804
0.3227065331164493
0.3232751263422072
0.3238437215071229
0.3244123196710847
0.3249809231018501
0.3255495305238535
0.3261181391352436
0.3266867498555706
0.327255363976451
0.3278239837640765
0.328392604238384
0.3289612260469562
0.3295298502702543
0.3300984786326946
0.3306671092387101
0.3312357406408505
0.3318043737148846
0.3323730097572082
0.3329416498212274
0.3335102902082224
0.3340789317606626
0.3346475755828703
0.3352162231114282
0.3357848725974648
0.3363535228459816
0.33692217477537
0.3374908296071993
0.3380594891055045
0.3386281494879806
0.3391968112134507
0.33976547514654
0.3403341426795146
0.3409028150985717
0.3414714886476102
0.3420401638806448
0.3426088417593612
0.3431775238037832
0.3437462104087135
0.3443148983612825
0.344883588278761
0.3454522811832165
0.3460209788228784
0.3465896800559676
0.3471583827466227
0.3477270875770048
0.3482957956438925
0.3488645088006643
0.349433224219849
0.3500019409597843
0.3505706598230273
0.3511393819640751
0.3517081084653958
0.352276835714856
0.3528455642300831
0.3534142949750779
0.3539830292389465
0.3545517657309106
0.3551205028893956
0.3556892414140628
0.3562579823803378
0.3568267271154256
0.3573954729407899
0.3579642194792289
0.3585329676312979
0.3591017186341972
0.3596704733512712
0.3602392284995018
0.360807984766727
0.3613767432212507
0.3619455052437963
0.362514270559059
0.3630830367649153
0.3636518045633713
0.3642205750358782
0.3647893501021238
0.3653581281508187
0.3659269074374643
0.3664956887604484
0.3670644735154943
0.3676332637084226
0.3682020556645405
0.3687708491355742
0.3693396450301765
0.3699084450622447
0.3704772494663714
0.371046055123945
0.3716148626413109
0.3721836731302355
0.3727524882861428
0.3733213059081416
0.3738901248642312
0.3744589458884341
0.3750277703548409
0.37559659893812
0.3761654284787448
0.3767342594789433
0.3773030928365487
0.3778719300207231
0.3784407691798493
0.3790096093554968
0.37957845119567
0.380147295762349
0.3807161443186711
0.3812849935494786
0.3818538438895922
0.3824226961143774
0.3829915514273514
0.3835604097373543
0.3841292688428456
0.3846981292151535
0.3852669916912932
0.3858358575884445
0.3864047260372035
0.3869735952536757
0.3875424657167439
0.3881113382651772
0.3886802098235251
0.3892490768980271
0.3898179408180024
0.3903868044269038
0.3909556702571476
0.3915245403915065
0.3920934181847688
0.3926623070633189
0.3932312143298999
0.3938001536722299
0.3943691459111263
0.3949382175363096
0.3955074014308995
0.3960767475179189
0.396646333792154
0.3972163211893855
0.3977869588565002
0.398358603332896
0.3989322180751853
0.399509304927136
