0
7.755179386770324e-05
0.0001528888913593866
0.0002272239197036677
0.0003000065720682519
0.0003713422696599239
0.0004418153881916488
0.000511707793288048
0.0005808900200573939
0.0006494763032736065
0.0007175678721207216
0.0007853178882191454
0.0008528028039541971
0.0009200481284697116
0.0009870598701162392
0.001053850943169526
0.001120445277822131
0.00118687318699419
0.001253161934262104
0.00131933392903774
0.001385406627002583
0.001451395689322425
0.001517314976763304
0.001583177217629308
0.001648994200732562
0.001714774868722837
0.00178052927368386
0.001846273379658044
0.001912019976448279
0.00197777832757897
0.002043545011900711
0.002109316353719696
0.002175092971703329
0.002240875743989898
0.002306665463985368
0.002372467435493531
0.002438287071700465
0.002504128758309817
0.00256999659879596
0.002635895271481515
0.002701830622894072
0.002767784791443411
0.002833755307141477
0.002899744743765529
0.002965755948305637
0.003031780456381214
0.003097810310664982
0.0031638459139147
0.003229886041187179
0.003295928835875787
0.003361974377635528
0.003428023077569032
0.003494075661711977
0.003560127406050682
0.003626178100491186
0.003692228609452188
0.003758278840063209
0.003824329921834738
0.003890383352168294
0.003956441240315677
0.004022505358340026
0.004088570858843666
0.004154637424658308
0.004220705777981947
0.004286776786994019
0.004352850901575886
0.004418928844804411
0.004485010415883575
0.004551094975269841
0.004617182788687306
0.004683274021504219
0.004749368573263121
0.004815466458005307
0.004881567171830931
0.004947670268558737
0.00501377610732487
0.005079884953730014
0.005145996778641593
0.005212111328921293
0.005278227155284638
0.005344344574676235
0.005410463834322702
0.005476585640032903
0.005542710375943677
0.005608838115469549
0.005674967380671271
0.005741098098970682
0.005807230483872869
0.005873365188583514
0.005939502590586945
0.006005642659107949
0.006071784390950594
0.00613792756940746
0.006204072438132154
0.00627021959004795
0.006336369371733592
0.006402521535747811
0.006468675446640899
0.006534830773239779
0.006600987679046968
0.006667146629606365
0.006733308017713433
0.006799471706578934
0.006865636955810095
0.006931803451548624
0.006997971422712702
0.007064141350026139
0.007130313557089709
0.007196487810524559
0.007262663500896422
0.007328840291215964
0.00739501827215812
0.007461197830169773
0.007527379541240657
0.007593563579294108
0.007659749303685183
0.007725936171024066
0.007792124382400398
0.007858314312365078
0.007924506205862701
0.007990699716281314
0.008056894277309457
0.008123089716802331
0.008189286176141843
0.008255483982272403
0.008321683689073113
0.008387885729178665
0.008454089762702741
0.008520294888731669
0.008586501271508255
0.008652709157979797
0.008718918606530509
0.00878512935188654
0.008851340625477776
0.008917552628654736
0.008983765518435808
0.009049979601269079
0.009116195363372945
0.009182413288409925
0.0092486334896624
0.009314854670150835
0.009381076917773392
0.009447300471366452
0.009513525149525316
0.0095797509073878
0.009645976930104782
0.009712203624566918
0.009778431092826839
0.009844659633857106
0.009910889681801448
0.009977121711240588
0.01004335590257316
0.0101095909422116
0.01017582690961297
0.01024206403435673
0.01030830202540685
0.0103745408782447
0.01044078000495694
0.01050701973554683
0.0105732601523662
0.01063950154235312
0.0107057442912631
0.01077198885605498
0.01083823537426618
0.01090448263715837
0.01097073072651491
0.01103697983564754
0.01110322965985172
0.01116948020443411
0.01123573101840162
0.01130198237360002
0.01136823434225472
0.01143448718497085
0.01150074125471339
0.01156699697120162
0.01163325444310852
0.01169951257138847
0.01176577144741069
0.01183203121014949
0.01189829158486281
0.0119645525791197
0.01203081382890223
0.01209707556785223
0.01216333786447216
0.01222960095190152
0.01229586515776466
0.01236213085819856
0.01242839814093954
0.01249466600642924
0.01256093455070727
0.01262720384699285
0.0126934736885798
0.01275974406210218
0.01282601467790312
0.0128922857364332
0.01295855730416688
0.01302482959138037
0.01309110290409956
0.01315737758499236
0.01322365368632956
0.01328993030016378
0.01335620753082208
0.01342248538448611
0.01348876371999644
0.0135550425092277
0.01362132153575958
0.01368760096615373
0.01375388086573233
0.01382016142712441
0.01388644293765693
0.01395272570843357
0.014019009753738
0.01408529425575022
0.01415157931639599
0.01421786490113749
0.01428415091867326
0.01435043732983169
0.01441672397505433
0.01448301099110697
0.01454929844267475
0.01461558650762368
0.01468187545424483
0.01474816556408266
0.01481445681578765
0.01488074847917381
0.01494704064757666
0.01501333325750787
0.01507962625952603
0.01514591959913893
0.01521221317189715
0.01527850708574758
0.0153448014084332
0.01541109630215423
0.01547739201032819
0.01554368879837503
0.01560998661122655
0.01567628479689556
0.0157425834409693
0.01580888245442747
0.01587518182550396
0.01594148148572498
0.01600778138056489
0.01607408158657824
0.01614038217990354
0.01620668330996847
0.01627298519545563
0.01633928808279571
0.01640559188880377
0.01647189603446632
0.01653820059298487
0.01660450546032656
0.01667081065638747
0.01673711610543535
0.01680342179065298
0.01686972776707533
0.01693603410820075
0.0170023409534477
0.01706864849621687
0.01713495697082866
0.01720126626509671
0.01726757587136463
0.0173338858419878
0.01740019606057662
0.01746650658212319
0.01753281732266191
0.01759912829904915
0.01766543955022355
0.01773175114690991
0.01779806322092026
0.01786437594551607
0.01793068954145863
0.01799700386695189
0.01806331848795209
0.01812963343078415
0.01819594856477325
0.0182622639822853
0.01832857959239792
0.01839489542526272
0.01846121152123768
0.0185275279490873
0.01859384483334509
0.01866016232808612
0.01872648063958247
0.01879279959497992
0.01885911882955594
0.01892543834150866
0.0189917580044797
0.01905807793669441
0.01912439803940805
0.01919071835691614
0.01925703892692453
0.01932335981368529
0.01938968113241191
0.01945600302497046
0.01952232568511199
0.01958864890864359
0.01965497239784423
0.01972129610714748
0.01978761994804768
0.01985394405006854
0.01992026830803023
0.01998659277668168
0.02005291748921077
0.02011924250277117
0.02018556792244166
0.02025189388616763
0.02031822057369118
0.02038454775074906
0.02045087516802188
0.02051720276662691
0.02058353048572135
0.02064985845856163
0.02071618657513051
0.02078251489899567
0.02084884345875375
0.02091517230657635
0.020981501540557
0.02104783129315737
0.02111416173011459
0.0211804925846139
0.02124682365437802
0.02131315486871018
0.02137948619541602
0.02144581777211687
0.02151214948227707
0.021578481391488
0.0216448135306667
0.02171114595424086
0.02177747874846353
0.02184381203925495
0.02191014597861778
0.02197648026996585
0.02204281475082854
0.02210914933736339
0.02217548402832072
0.02224181896687548
0.02230815403491272
0.02237448929679729
0.02244082478127988
0.02250716054522107
0.02257349666458418
0.02263983326034274
0.02270617046971176
0.02277250796368921
0.0228388456263524
0.02290518336409672
0.02297152120284399
0.02303785928951157
0.02310419750517699
0.02317053591278146
0.02323687453571139
0.02330321343262555
0.02336955267252579
0.02343589237265408
0.02350223265802842
0.02356857316006649
0.02363491381333517
0.02370125451559198
0.02376759531715592
0.02383393636871333
0.02390027754582264
0.02396661891181408
0.02403296048685007
0.02409930232965957
0.02416564450373705
0.02423198712472033
0.02429833028909715
0.0243646736128093
0.02443101706661547
0.02449736056051379
0.0245637041587787
0.02463004799805522
0.02469639197153748
0.02476273612734094
0.02482908048781721
0.02489542510795787
0.0249617700496188
0.02502811542339003
0.02509446126533917
0.02516080725084517
0.02522715333869642
0.02529349946618027
0.025359845705825
0.02542619217045286
0.02549253878278326
0.02555888556856962
0.02562523255641887
0.02569157979355663
0.02575792734290891
0.02582427531007596
0.0258906236856893
0.02595697218579715
0.02602332075535386
0.02608966936268575
0.02615601808997824
0.02622236703226657
0.02628871612725365
0.02635506539117054
0.02642141485832628
0.02648776456952923
0.0265541145883752
0.02662046501085741
0.02668681578731931
0.02675316667412567
0.02681951760206337
0.02688586857083094
0.02695221967029036
0.02701857097114375
0.0270849224261504
0.02715127404567817
0.02721762586747714
0.02728397792956068
0.02735033029586575
0.02741668305629685
0.02748303609775606
0.0275493892397341
0.02761574240514795
0.0276820956171274
0.02774844897046133
0.02781480251696255
0.02788115621503758
0.02794751007344637
0.02801386413202652
0.02808021842747159
0.02814657302485449
0.02821292800852772
0.02827928320518767
0.02834563849452459
0.02841199379435912
0.02847834914697966
0.02854470465076285
0.0286110603366841
0.02867741616924743
0.02874377216081565
0.02881012834814371
0.02887648476783214
0.02894284148854404
0.02900919858833874
0.02907555583397829
0.02914191314915261
0.02920827047679127
0.02927462786945731
0.02934098542459954
0.0294073431495026
0.02947370101600412
0.02954005904312959
0.02960641726173481
0.02967277571045551
0.02973913445567669
0.02980549357074066
0.0298718527718659
0.02993821201811869
0.03000457128149376
0.03007093062487854
0.03013729014460348
0.03020364982061272
0.03027000963453521
0.03033636961000333
0.03040272977379084
0.03046909016782521
0.03053545085306636
0.03060181184907678
0.03066817292330165
0.0307345340232213
0.03080089514583579
0.03086725636270683
0.0309336177708841
0.03099997930702215
0.03106634097589939
0.03113270280515353
0.03119906482092791
0.03126542706873446
0.0313317896078365
0.03139815240202715
0.03146451526666535
0.03153087814005316
0.0315972410435208
0.03166360405292036
0.03172996724864921
0.03179633056763289
0.03186269401748579
0.03192905762657181
0.0319954214219146
0.03206178545143831
0.03212814977332306
0.0321945142872767
0.03226087886313529
0.03232724343964857
0.03239360805711285
0.03245997279293905
0.03252633770393349
0.03259270273724471
0.0326590679035972
0.03272543322777854
0.03279179873787468
0.0328581644852359
0.03292453052504338
0.03299089668721601
0.03305726289380143
0.03312362910554153
0.03318999537305423
0.033256361772305
0.03332272833380642
0.03338909501440537
0.03345546183055989
0.0335218288031701
0.03358819596227307
0.03365456335744516
0.03372093104802625
0.03378729879799586
0.03385366657488684
0.03392003436468532
0.0339864022240788
0.03405277022826136
0.03411913838231677
0.03418550665081345
0.03425187505389192
0.03431824361189674
0.03438461235941563
0.03445098134276298
0.03451735057446929
0.03458371986308745
0.03465008916255737
0.03471645848300476
0.03478282788486937
0.034849197445985
0.0349155671312714
0.03498193692913662
0.03504830686122709
0.0351146769488944
0.03518104723008587
0.03524741775152498
0.03531378846564113
0.03538015923266109
0.03544652999856571
0.03551290079508626
0.03557927168622361
0.03564564274337208
0.03571201390685424
0.03577838518560626
0.03584475659883772
0.03591112816950325
0.03597749993922883
0.03604387195219885
0.03611024409468792
0.03617661627398693
0.03624298845274977
0.03630936067609052
0.03637573300780871
0.03644210549422852
0.03650847808478091
0.03657485079230983
0.03664122363378364
0.03670759663445497
0.0367739698352462
0.03684034328353229
0.03690671679840564
0.03697309033670409
0.03703946388467136
0.03710583749079392
0.03717221121912977
0.03723858509339562
0.03730495906918498
0.03737133316213282
0.03743770738922401
0.03750408177900832
0.03757045637066557
0.03763683118747543
0.03770320604591833
0.03776958091452771
0.03783595580163596
0.03790233075905264
0.03796870585290835
0.03803508107031324
0.03810145638883666
0.03816783182504419
0.03823420739657434
0.03830058313618187
0.03836695908373418
0.03843333520209526
0.03849971136326397
0.03856608752191729
0.03863246370765905
0.03869883997587127
0.03876521639685784
0.03883159291344168
0.0388979695330902
0.03896434627050928
0.03903072314573221
0.03909710019500584
0.03916347745691109
0.03922985483222369
0.03929623223574533
0.03936260963772129
0.03942898707950888
0.03949536461685468
0.03956174229970865
0.03962812007517667
0.03969449795493508
0.03976087595282946
0.03982725409151438
0.03989363240642233
0.03996001093915941
0.04002638952717449
0.04009276813293031
0.04015914674851562
0.04022552541750526
0.04029190419716823
0.04035828311217492
0.04042466211930051
0.04049104123104982
0.04055742046221665
0.04062379983841231
0.04069017939392081
0.04075655914363459
0.0408229389269507
0.04088931871682321
0.040955698524769
0.04102207839800309
0.04108845839581024
0.04115483850663837
0.04122121870876809
0.04128759901584733
0.04135397944387943
0.04142036002282061
0.04148674078847679
0.04155312169507813
0.04161950263501775
0.04168588356972762
0.04175226453142303
0.04181864557049476
0.04188502675193694
0.04195140801888889
0.04201778937965706
0.04208417084619121
0.04215055243712459
0.04221693418457845
0.04228331612411516
0.04234969815126146
0.04241608019915601
0.04248246224872462
0.04254884433823981
0.04261522651908909
0.04268160883350342
0.04274799123187749
0.04281437372501797
0.04288075632520288
0.04294713905335546
0.04301352194036957
0.04307990502425994
0.04314628814332961
0.04321267127366338
0.04327905441601313
0.0433454376111997
0.04341182091167657
0.04347820433202233
0.04354458783679581
0.04361097143684679
0.04367735514545263
0.04374373898751224
0.04381012299453796
0.04387650715780625
0.04394289134895552
0.04400927554089735
0.04407565975335521
0.04414204403065014
0.04420842842940956
0.04427481292326378
0.04434119750220897
0.04440758217692821
0.04447396696313287
0.04454035189025089
0.04460673698913652
0.04467312219497952
0.04473950742398451
0.04480589264957575
0.04487227790521487
0.04493866323773947
0.0450050487002715
0.04507143424053513
0.04513781986741608
0.04520420559117879
0.04527059143004949
0.04533697741304537
0.04540336357429976
0.04546974979087912
0.04553613602034828
0.04560252225611394
0.04566890853477507
0.04573529490470621
0.04580168139480413
0.04586806796311738
0.04593445461872905
0.04600084137321361
0.04606722824732825
0.04613361527017419
0.0462000024588083
0.04626638967020251
0.04633277688627887
0.04639916411776099
0.04646555140424199
0.04653193879557612
0.04659832628929277
0.04666471386128938
0.04673110152107572
0.04679748928193944
0.04686387716921813
0.04693026521279611
0.04699665337187194
0.04706304155438238
0.04712942973266204
0.04719581793480278
0.04726220620364233
0.04732859459749943
0.04739498306577239
0.04746137161400814
0.04752776025117958
0.04759414899319165
0.0476605378667178
0.04772692690230161
0.04779331600717382
0.04785970512592865
0.04792609424711142
0.04799248340395774
0.04805887264151733
0.04812526199590962
0.04819165142312979
0.04825804093112854
0.048324430529862
0.04839082023741334
0.04845721008062471
0.04852360008797446
0.04858999011802325
0.04865638015477364
0.04872277020362759
0.0487891603003567
0.04885555049105462
0.04892194078377025
0.04898833114977033
0.04905472159732072
0.04912111213794032
0.04918750279394313
0.04925389359292665
0.04932028451282618
0.04938667545350605
0.04945306639141576
0.04951945734920906
0.04958584836598416
0.04965223949478389
0.04971863070181569
0.04978502198314784
0.04985141334682788
0.04991780480703654
0.04998419638862284
0.05005058811974462
0.05011697992846733
0.05018337175151733
0.05024976357454099
0.05031615542785024
0.05038254735353729
0.05044893939149719
0.05051533149740823
0.05058172367861075
0.05064811594379099
0.05071450830954616
0.05078090080033751
0.05084729344640962
0.05091368612209744
0.05098007880528939
0.05104647149767876
0.05111286423230127
0.05117925705233498
0.05124564997236994
0.05131204296109534
0.05137843602574406
0.0514448291766702
0.05151122243392327
0.0515776158233832
0.05164400933533553
0.05171040286524132
0.05177679639386714
0.0518431899397321
0.05190958353891322
0.05197597724033346
0.05204237102052475
0.05210876487025939
0.05217515879676094
0.05224155281293813
0.05230794694213036
0.05237434121057156
0.05244073555896084
0.05250712992109432
0.05257352428243066
0.05263991867055576
0.05270631312491415
0.05277270768746365
0.05283910231388784
0.05290549701103911
0.05297189178666468
0.05303828665601741
0.05310468164186864
0.05317107677347636
0.05323747193901708
0.05330386711225209
0.05337026229295473
0.05343665751195952
0.05350305280997571
0.05356944820559189
0.05363584366609529
0.05370223919782108
0.05376863481027399
0.05383503052178586
0.053901426356684
0.05396782231153457
0.05403421828208373
0.05410061425216561
0.05416701023784556
0.05423340627280142
0.05429980240323795
0.05436619861108398
0.05443259488451086
0.05449899122992955
0.05456538765933196
0.05463178419476594
0.05469818086092058
0.05476457760529756
0.05483097436240857
0.05489737111838827
0.0549637678987615
0.05503016474078206
0.05509656168651123
0.05516295869279807
0.05522935576591455
0.05529575291285477
0.05536215014784347
0.0554285474924321
0.05549494497432245
0.05556134249129291
0.05562774001552392
0.05569413754608128
0.05576053511206088
0.05582693275206796
0.05589333048589677
0.05595972828119299
0.05602612614369917
0.05609252408227828
0.05615892211401153
0.05622532026202284
0.05629171852591356
0.05635811680421374
0.05642451508243308
0.05649091337513581
0.05655731171411336
0.05662371014319772
0.05669010864686529
0.05675650721267751
0.0568229058465257
0.05688930455965353
0.05695570337286823
0.05702210230969755
0.05708850132132274
0.05715490034468906
0.05722129936708113
0.05728769841251084
0.05735409751640121
0.05742049671941281
0.05748689598007461
0.05755329530414052
0.0576196946980189
0.0576860941751598
0.05775249375587181
0.05781889346671977
0.05788529321070787
0.05795169296120753
0.05801809271768184
0.05808449250781601
0.05815089236845689
0.05821729231880383
0.05828369232777535
0.05835009240052898
0.05841649254542216
0.05848289277875783
0.0585492931225507
0.05861569357564105
0.05868209404205337
0.05874849450818721
0.05881489498820202
0.05888129551258564
0.05894769612330811
0.05901409680476399
0.0590804975454892
0.05914689835084364
0.05921329923157625
0.05927970020745241
0.05934610130106405
0.05941250246452421
0.05947890363818321
0.05954530481106155
0.05961170600618497
0.05967810725743878
0.05974450860306114
0.05981091000372155
0.05987731146474962
0.05994371299215744
0.06001011459883555
0.06007651630405263
0.06014291813346042
0.06020931999233647
0.06027572185691527
0.06034212372760683
0.06040852563094812
0.06047492760226552
0.06054132965851323
0.06060773177086645
0.06067413394407565
0.06074053618611027
0.06080693851279165
0.06087334094519904
0.0609397434790843
0.06100614602559256
0.06107254857137401
0.06113895113080485
0.06120535373342113
0.06127175641965177
0.06133815917193086
0.06140456198094177
0.06147096485160117
0.06153736779431314
0.06160377082784517
0.06167017397415834
0.06173657718428742
0.06180298040286987
0.06186938362115235
0.06193578686156659
0.06200219015671889
0.06206859354169034
0.0621349969794931
0.06220140047498821
0.06226780403394547
0.06233420766886282
0.06240061139843558
0.06246701524657963
0.06253341911817871
0.06259982299435676
0.0626662268773585
0.06273263079281019
0.06279903477518027
0.06286543883725035
0.06293184295326389
0.06299824712760611
0.06306465136801744
0.06313105569011171
0.06319746011403864
0.06326386463031325
0.06333026915857361
0.06339667368534099
0.06346307822589907
0.06352948280920173
0.06359588747437123
0.0636622922004655
0.06372869698114343
0.06379510182087607
0.06386150672987351
0.06392791172608112
0.06399431683093114
0.06406072199246209
0.06412712716057492
0.06419353232888006
0.06425993751958163
0.06432634276422312
0.06439274809408729
0.06445915347481794
0.0645255589108077
0.0645919644078015
0.0646583699780182
0.064724775639785
0.06479118141427778
0.06485758720681258
0.06492399300266963
0.06499039880621807
0.06505680464222409
0.06512321054470033
0.06518961652174958
0.06525602255047316
0.06532242863506914
0.06538883478325645
0.0654552410105624
0.06552164733647393
0.06558805374492933
0.06565446016528503
0.0657208665834431
0.06578727301584543
0.06585367949100061
0.06592008604643455
0.06598649265737751
0.06605289932092491
0.06611930604128453
0.06618571282853931
0.06625211969978846
0.06631852667617529
0.06638493370016903
0.06645134073028081
0.06651774776163757
0.06658415481619478
0.06665056192452862
0.06671696911362668
0.06678337635185372
0.06684978364317673
0.06691619099338708
0.06698259841450495
0.06704900592457003
0.06711541354128193
0.06718182116975947
0.06724822880011072
0.06731463643925414
0.06738104411128519
0.06744745185023437
0.06751385965887946
0.06758026751710818
0.06764667542896372
0.06771308340227836
0.06777949145267106
0.06784589959904924
0.06791230781732015
0.06797871604598249
0.06804512427272262
0.06811153251475127
0.06817794080008611
0.06824434916486145
0.06831075757982928
0.06837716604549153
0.06844357456604197
0.06850998315150109
0.06857639181822187
0.06864280058722824
0.06870920939430201
0.06877561820734683
0.06884202702276912
0.06890843586234419
0.06897484475578801
0.06904125372501208
0.0691076627416146
0.06917407180928804
0.06924048093397077
0.06930689012795205
0.06937329940880566
0.06943970878643306
0.06950611817333989
0.06957252756077838
0.06963893695801911
0.06970534638915345
0.06977175588794994
0.06983816544972429
0.06990457505951611
0.06997098472105642
0.07003739444238352
0.07010380423910942
0.07017021412946306
0.07023662408114058
0.07030303404086329
0.07036944399972644
0.07043585397543402
0.07050226399540981
0.07056867409456025
0.07063508423878648
0.07070149443199852
0.07076790467849023
0.07083431498831234
0.07090072537697127
0.07096713586554035
0.07103354638147705
0.07109995690186609
0.07116636742648416
0.07123277797678243
0.07129918858192541
0.07136559925836618
0.07143200998085759
0.07149842075256095
0.07156483157968596
0.07163124247497407
0.07169765345550949
0.07176406451987989
0.07183047559332408
0.07189688666606182
0.07196329774969895
0.07202970886857217
0.07209612005607774
0.07216253129939296
0.07222894258944486
0.07229535392967962
0.07236176532838866
0.07242817680065539
0.07249458836478355
0.07256099998085526
0.07262741160275189
0.07269382322475657
0.07276023486525483
0.07282664655122086
0.07289305831192391
0.07295947011649882
0.07302588196838328
0.07309229387215037
0.0731587058380255
0.0732251178815285
0.07329153002158216
0.07335794217824615
0.07342435433751227
0.07349076650294739
0.07355717869562792
0.07362359094529575
0.07369000326012656
0.0737564156194821
0.07382282802658824
0.0738892404879215
0.07395565301677837
0.07402206562984792
0.07408847831431366
0.07415489100827551
0.07422130370035755
0.0742877164046913
0.07435412914597145
0.07442054195652062
0.07448695481630542
0.0745533677216539
0.07461978067587034
0.07468619368748067
0.07475260677101563
0.07481901994499118
0.0748854331599387
0.07495184637967292
0.07501825960077153
0.07508467284217932
0.07515108613044097
0.07521749948885696
0.07528391288992102
0.0753503263368402
0.07541673983451787
0.07548315339338699
0.07554956702911679
0.07561598075634357
0.07568239449144826
0.0757488082272047
0.07581522197082616
0.07588163574368274
0.07594804957594244
0.07601446346757816
0.07608087740235078
0.07614729138338423
0.07621370541765804
0.07628011951906948
0.07634653370386113
0.07641294794687249
0.07647936219738621
0.07654577644688075
0.07661219071075967
0.07667860501359715
0.07674501938710356
0.07681143380374873
0.07687784826472518
0.07694426277351263
0.07701067733885179
0.07707709197459678
0.07714350669967791
0.07720992145284782
0.07727633621018432
0.07734275097077024
0.07740916575378673
0.07747558058551016
0.07754199548270889
0.0776084104215332
0.07767482540476343
0.07774124043776154
0.07780765553173842
0.07787407070208066
0.07794048594999736
0.07800690120554175
0.07807331646059205
0.07813973172514947
0.07820614702115358
0.07827256237862458
0.07833897778765164
0.07840539323895625
0.07847180873546242
0.07853822428458676
0.07860463989991701
0.07867105559800093
0.07873747134378552
0.07880388709476639
0.07887030284584629
0.07893671861352358
0.07900313442221581
0.07906955029941742
0.07913596621656847
0.07920238217673702
0.07926879818385058
0.07933521424702558
0.07940163038023189
0.07946804660062266
0.07953446283641046
0.07960087907444503
0.07966729531816694
0.07973371158658775
0.07980012790706839
0.07986654428708756
0.07993296070757915
0.07999937717135314
0.08006579368424073
0.0801322102582992
0.08019862690866693
0.08026504362289091
0.08033146034547151
0.0803978770663452
0.08046429379855734
0.08053071056471234
0.08059712739408995
0.08066354426808421
0.08072996118354789
0.08079637814334663
0.08086279515528323
0.08092921223248374
0.08099562939201976
0.08106204658706423
0.08112846378612676
0.08119488098674517
0.08126129820626182
0.08132771546894683
0.08139413279546272
0.08146055016094721
0.08152696756829841
0.08159338502192587
0.08165980253149432
0.0817262201112328
0.08179263777207996
0.08185905543994873
0.08192547310808314
0.08199189078381339
0.08205830848695193
0.08212472624533632
0.08219114405659841
0.08225756190737007
0.0823239798003671
0.0823903977420879
0.08245681574517483
0.0825232338246862
0.08258965195485148
0.08265607009106585
0.08272248822672325
0.0827889063763204
0.0828553245624848
0.08292174281422968
0.08298816110388395
0.08305457943403304
0.08312099780791871
0.08318741623371043
0.08325383472401461
0.0833202532964083
0.08338667188983137
0.08345309048628244
0.0835195090866242
0.08358592770844649
0.08365234637679016
0.0837187651039252
0.08378518386930646
0.0838516026754408
0.08391802152736795
0.0839844404357686
0.08405085941472838
0.08411727846013663
0.08418369751263756
0.08425011656409089
0.08431653562515037
0.08438295471650874
0.08444937386566119
0.08451579306000792
0.08458221229344946
0.08464863156847233
0.0847150508921309
0.08478147027691385
0.08484788973837354
0.08491430923933516
0.08498072874320538
0.08504714824685639
0.08511356776609449
0.08517998732342272
0.08524640694078744
0.08531282659418686
0.0853792462870782
0.08544566602346791
0.08551208581246311
0.08557850567002588
0.08564492561333635
0.08571134558765064
0.08577776558120333
0.08584418558095443
0.08591060559616956
0.08597702564588114
0.08604344570007225
0.08610986575646798
0.08617628577433872
0.08624270574983339
0.08630912570058506
0.08637554566030552
0.08644196566436102
0.0865083857388194
0.08657480594642614
0.08664122642453839
0.08670764730359803
0.08677406866867354
0.08684049054760608
0.08690691288431486
0.08697333565821519
0.08703975672895763
0.08710617442362666
0.08717258864641018
0.08723899940411226
0.08730540684272876
0.08737181134027829
0.08743821359611259
0.0875046143878032
0.08757101434400877
0.08763741334386935
0.08770381198054636
0.08777021073175681
0.08783660973590089
0.08790300943926828
0.08796941095554683
0.08803581423874188
0.08810222000028856
0.08816863036926187
0.0882350502116068
0.0883014820644514
0.08836792360780132
0.08843438032621136
0.0885008532505159
0.08856734169261946
0.08863384792496334
0.08870036960300409
0.08876690544714019
0.08883345398964058
0.08890001192259037
0.08896657473331974
0.0890331403051383
0.08909970707710428
0.08916627481839237
0.0892328431532146
0.08929941168187305
0.08936598043774599
0.08943254931751211
0.0894991182002583
0.08956568708702949
0.08963225597766625
0.08969882472645016
0.08976539319324199
0.08983196138953715
0.08989852915280915
0.08996509663642649
0.09003166367692644
0.0900982304462582
0.09016479685593366
0.09023136301329439
0.09029792891005044
0.09036449457527146
0.09043106004422123
0.09049762529933521
0.09056419037581025
0.09063075523543444
0.09069731986126378
0.09076388426058786
0.09083044832492404
0.0908970121518628
0.09096357553516757
0.09103013860446907
0.09109670119938608
0.09116326341988905
0.09122982517220792
0.09129638655166603
0.09136294747341442
0.09142950809025123
0.09149606826898819
0.09156262821410766
0.09162918778945034
0.09169574715459634
0.09176230628776415
0.09182886523696665
0.09189542406061355
0.09196198274230552
0.0920285413523806
0.09209509986994005
0.09216165833881577
0.09222821675169358
0.09229477512573839
0.09236133344246358
0.09242789171039477
0.09249444986022737
0.09256100789795918
0.09262756578028972
0.0926941234310637
0.09276068091317256
0.09282723805674675
0.09289379493617914
0.09296035146131568
0.09302690765376211
0.09309346349259214
0.09316001897863245
0.09322657411544998
0.09329312893490668
0.09335968341311218
0.09342623765376161
0.0934927915779496
0.09355934533149027
0.09362589884769694
0.09369245221415393
0.09375900545942309
0.09382555859841091
0.09389211168556788
0.09395866471957678
0.09402521774394929
0.09409177077778001
0.09415832381613615
0.09422487690551498
0.09429143000958319
0.09435798317041809
0.09442453637572427
0.09449108964717998
0.09455764302755841
0.09462419649337679
0.09469075018176445
0.09475730400872837
0.09482385805932068
0.09489041235100298
0.09495696687088354
0.09502352167248083
0.09509007670194378
0.09515663200504267
0.09522318753252353
0.09528974329231772
0.09535629927263099
0.09542285543915723
0.09548941182279323
0.09555596834663473
0.09562252508514676
0.09568908191810814
0.09575563893888651
0.09582219604528913
0.09588875332018461
0.09595531067501351
0.09602186818487821
0.09608842577050572
0.0961549835002647
0.09622154130252564
0.09628809923837398
0.0963546572447404
0.0964212153736444
0.09648777357100471
0.09655433188134199
0.09662089025817504
0.09668744874075204
0.09675400728923692
0.09682056594192658
0.09688712466204678
0.09695368349788244
0.0970202424038096
0.09708680144796927
0.09715336056640303
0.09721991985429547
0.09728647922743706
0.09735303879595676
0.09741959845989812
0.09748615832023363
0.0975527183022081
0.09761927848206667
0.09768583879749597
0.09775239931031991
0.09781895994581
0.0978855207770353
0.09795208169725424
0.09801864276455929
0.09808520390242892
0.09815176513720784
0.09821832643118991
0.09828488778103014
0.09835144918340818
0.09841801061213525
0.09848457209137122
0.09855113357918947
0.09861769507679903
0.09868425653621414
0.09875081794185357
0.09881737921811881
0.09888394037609327
0.09895050139076772
0.09901706227546235
0.0990836230147993
0.09915018364792266
0.09921674414839969
0.09928330457990554
0.09934986491008665
0.09941642518238056
0.09948298540549123
0.09954954559472762
0.09961610577202255
0.09968266593477686
0.09974922610298227
0.09981578629364921
0.0998823464936056
0.09994890673685301
0.100015466990211
0.1000820272886136
0.1001485875976379
0.100215147950397
0.1002817083141693
0.1003482687211445
0.1004148291393083
0.1004813895999614
0.1005479500718784
0.1006145105854012
0.1006810711101111
0.1007476316736974
0.1008141922476149
0.1008807528491636
0.10094731345826
0.1010138740705723
0.1010804346787319
0.1011469952679713
0.101213555832915
0.1012801163730595
0.1013466768784882
0.10141323735584
0.1014797977946702
0.1015463582035159
0.1016129185719121
0.101679478908543
0.1017460392019627
0.1018125994616504
0.1018791596743103
0.1019457198515027
0.102012279978579
0.1020788400692969
0.1021454001095619
0.1022119601140951
0.1022785200721435
0.1023450799972813
0.1024116398852928
0.1024781997467591
0.1025447595857322
0.1026113194074204
0.1026778792232075
0.1027444390272549
0.1028109988352177
0.1028775586501515
0.1029441184732914
0.1030106783177804
0.1030772381717861
0.1031437980543063
0.1032103579473065
0.1032769178750736
0.1033434778145492
0.1034100377994868
0.1034765977974262
0.103543157844476
0.1036097179132924
0.1036762780321275
0.1037428381774593
0.1038093983719689
0.1038759585873783
0.1039425188500538
0.104009079124314
0.104075639434348
0.1041421997558001
0.1042087601069697
0.1042753204696417
0.1043418808590658
0.1044084412596033
0.1044750016784287
0.1045415621061156
0.1046081225325338
0.1046746829495539
0.1047412433496367
0.1048078037256794
0.1048743640790368
0.1049409243999184
0.1050074846978622
0.1050740449652543
0.1051406052150079
0.1052071654456854
0.1052737256669405
0.10534028588526
0.1054068460968168
0.1054734063150731
0.1055399665404133
0.1056065267749626
0.1056730870236821
0.1057396472826339
0.1058062075578464
0.1058727678445974
0.105939328157295
0.1060058884836222
0.1060724488596753
0.1061390092629642
0.106205569719807
0.1062721302459451
0.1063386908284719
0.1064052515091377
0.1064718122482257
0.1065383730949048
0.1066049340014904
0.1066714950098431
0.1067380560764305
0.1068046172312782
0.1068711784415248
0.1069377397224728
0.1070043010555004
0.1070708624421075
0.1071374238779257
0.1072039853462669
0.1072705468628999
0.1073371083926654
0.1074036699573034
0.1074702315338955
0.1075367931338499
0.1076033547456792
0.107669916375612
0.1077364780175302
0.1078030396750848
0.1078696013444009
0.1079361630259912
0.1080027247187102
0.1080692864181422
0.1081358481280387
0.1082024098407182
0.1082689715634582
0.1083355332890119
0.1084020950252621
0.1084686567665337
0.1085352185189375
0.1086017802792004
0.1086683420507725
0.1087349038314523
0.1088014656239308
0.108868027429851
0.1089345892489754
0.1090011510997065
0.1090677129675966
0.1091342748865311
0.1092008368411152
0.1092673988475743
0.1093339609192661
0.1094005230432911
0.1094670852363932
0.1095336474809213
0.1096002097804018
0.1096667721296499
0.1097333345088124
0.1097998969288781
0.1098664593613462
0.1099330218203203
0.1099995842912137
0.1100661467756332
0.1101327092714643
0.1101992717693069
0.1102658342639656
0.1103323967491656
0.1103989592103802
0.110465521654362
0.1105320840637459
0.1105986464515315
0.1106652088040765
0.1107317711367239
0.1107983334351561
0.1108648957149706
0.1109314579637582
0.1109980201948051
0.111064582396769
0.1111311445813766
0.1111977067371844
0.111264268875716
0.1113308309858946
0.1113973930792605
0.1114639551473915
0.1115305172004335
0.1115970792342009
0.111663641257101
0.1117302032697011
0.111796765278224
0.1118633272869688
0.1119298892947357
0.1119964513115383
0.112063013330811
0.1121295753609871
0.1121961374003828
0.1122626994515926
0.1123292615174295
0.1123958235957428
0.1124623856943557
0.1125289478057143
0.1125955099402897
0.1126620720875724
0.1127286342567432
0.1127951964383875
0.1128617586378261
0.1129283208496203
0.1129948830754684
0.1130614453135899
0.1131280075617627
0.1131945698216165
0.113261132083898
0.1133276943494204
0.113394256612292
0.1134608188687955
0.1135273811191531
0.113593943358385
0.1136605055899053
0.1137270678090543
0.1137936300201953
0.1138601922194026
0.1139267544106385
0.1139933165901764
0.1140598787614819
0.1141264409204414
0.1141930030706883
0.1142595652078166
0.1143261273362569
0.1143926894523869
0.1144592515613877
0.1145258136618963
0.1145923757590235
0.1146589378538671
0.1147254999483237
0.1147920620479595
0.1148586241481414
0.1149251862588197
0.114991748371188
0.1150583104947759
0.1151248726232997
0.1151914347640497
0.1152579969197607
0.115324559090925
0.1153911213003174
0.1154576835304654
0.1155242458085415
0.1155908081328201
0.1156573705047312
0.1157239329320518
0.1157904954078191
0.1158570579319773
0.1159236205048396
0.1159901831049096
0.1160567457428369
0.1161233083952616
0.1161898710715259
0.116256433759887
0.1163229964601114
0.1163895591723768
0.1164561218894038
0.1165226846158932
0.1165892473429319
0.1166558100699491
0.1167223727938417
0.1167889355096353
0.1168554982192422
0.1169220609153312
0.1169886236041151
0.1170551862803141
0.1171217489501216
0.1171883116110664
0.1172548742687189
0.1173214369233758
0.1173879995781905
0.1174545622361774
0.1175211248951062
0.1175876875637424
0.1176542502338676
0.1177208129152442
0.117787375598972
0.1178539382940421
0.117920500991222
0.1179870637005034
0.1180536264190445
0.1181201891529574
0.1181867519218397
0.1182533147122656
0.1183198775508974
0.1183864404402986
0.1184530033792918
0.1185195663900178
0.1185861294511454
0.1186526925872175
0.1187192557729226
0.1187858190182479
0.1188523823123271
0.1189189456415839
0.1189855090093832
0.1190520723933616
0.1191186358001932
0.1191851992194572
0.119251762649532
0.1193183260915648
0.1193848895355896
0.1194514529870096
0.1195180164397279
0.1195845798946947
0.1196511433496396
0.1197177068021242
0.1197842702529494
0.1198508336994675
0.1199173971439608
0.1199839605839905
0.1200505240219912
0.1201170874558667
0.1201836508874023
0.1202502143143795
0.1203167777383421
0.1203833411564472
0.1204499045710291
0.1205164679789268
0.120583031383679
0.12064959478306
0.1207161581811787
0.1207827215773693
0.1208492849742706
0.1209158483739398
0.120982411775087
0.1210489751841834
0.1211155385954602
0.1211821020184725
0.1212486654448472
0.1213152288839032
0.1213817923322726
0.1214483557945331
0.1215149192733546
0.1215814827666996
0.121648046280964
0.1217146098096759
0.1217811733572804
0.1218477369183988
0.1219143004935496
0.1219808640813895
0.1220474276776795
0.1221139912862305
0.1221805548986535
0.1222471185180442
0.1223136821378778
0.1223802457552111
0.1224468093679871
0.1225133729702396
0.1225799365636495
0.1226465001456733
0.122713063718908
0.1227796272812649
0.1228461908374493
0.1229127543834437
0.1229793179249726
0.1230458814565117
0.1231124449834002
0.1231790084985753
0.1232455720056921
0.1233121354991613
0.1233786989798059
0.1234452624452864
0.1235118258944967
0.1235783893285418
0.1236449527472695
0.1237115161531909
0.1237780795500443
0.123844642937495
0.1239112063216647
0.1239777697010806
0.1240443330814438
0.1241108964641505
0.1241774598487592
0.124244023242459
0.1243105866389572
0.124377150047983
0.1244437134659115
0.124510276898797
0.1245768403565226
0.1246434038312497
0.1247099673424549
0.124776530872001
0.1248430944367607
0.124909658018758
0.1249762216276151
0.1250427852516944
0.1251093488930394
0.1251759125475178
0.1252424762102527
0.1253090398836108
0.1253756035589337
0.1254421672376863
0.1255087309165722
0.1255752945922888
0.125641858264019
0.1257084219289846
0.1257749855885931
0.1258415492414018
0.1259081128904773
0.1259746765331569
0.1260412401736916
0.126107803809255
0.1261743674431885
0.1262409310735365
0.1263074947019887
0.1263740583263588
0.1264406219482106
0.1265071855646746
0.1265737491785178
0.1266403127870297
0.1267068763938793
0.1267734399976925
0.1268400036018556
0.1269065672066523
0.1269731308130807
0.1270396944233235
0.1271062580355881
0.1271728216539901
0.1272393852751572
0.12730594890873
0.1273725125479506
0.1274390762030991
0.1275056398861314
0.127572203588007
0.1276387673363465
0.1277053311142251
0.127771894938957
0.1278384587997116
0.1279050227072081
0.1279715866405849
0.1280381506111779
0.1281047145986029
0.1281712786073876
0.1282378426302316
0.1283044066629948
0.1283709707066718
0.128437534752637
0.1285040988027859
0.1285706628543785
0.1286372269050128
0.1287037909541615
0.1287703549998562
0.1288369190420458
0.1289034830803891
0.1289700471164254
0.1290366111484476
0.1291031751794295
0.1291697392073302
0.1292363032343521
0.1293028672587019
0.1293694312816334
0.1294359953005702
0.1295025593172231
0.1295691233292177
0.129635687339255
0.1297022513450831
0.1297688153500789
0.1298353793533833
0.1299019433576503
0.129968507363342
0.1300350713708957
0.1301016353817349
0.1301681993946982
0.1302347634130703
0.1303013274348484
0.1303678914701785
0.1304344555212997
0.1305010195897255
0.1305675837041646
0.1306341478516882
0.130700712048228
0.1307672763032455
0.1308338406094506
0.1309004049766355
0.1309669693939847
0.1310335338562475
0.1311000983650999
0.1311666628930187
0.1312332274459977
0.1312997920133472
0.1313663565910339
0.131432921178133
0.1314994857670821
0.1315660503530983
0.1316326149302305
0.1316991794988648
0.1317657440482333
0.1318323085841588
0.1318988730999155
0.1319654376035514
0.1320320020878459
0.1320985665627487
0.1321651310210582
0.1322316954704756
0.1322982599070809
0.1323648243347602
0.1324313887500158
0.1324979531558745
0.1325645175473704
0.1326310819287887
0.1326976462956826
0.1327642106532407
0.1328307749983481
0.1328973393361782
0.1329639036671401
0.133030467993854
0.1330970323194814
0.1331635966430264
0.1332301609682333
0.1332967252968836
0.1333632896284159
0.1334298539719116
0.1334964183226139
0.1335629826880606
0.1336295470813737
0.133696111491834
0.1337626759453831
0.1338292404190367
0.1338958049339765
0.1339623694679986
0.1340289340320684
0.1340954986117471
0.1341620632105009
0.1342286278228895
0.1342951924431697
0.1343617570704496
0.1344283216935635
0.134494886306974
0.1345614509004926
0.1346280154670785
0.1346945800113231
0.1347611445254281
0.1348277090164791
0.1348942734842868
0.1349608379298264
0.1350274023609715
0.1350939667737033
0.1351605311778394
0.1352270955681284
0.1352936599512995
0.1353602243260185
0.1354267886937587
0.1354933530522367
0.1355599174022
0.1356264817385949
0.1356930460653881
0.1357596103767699
0.1358261746790327
0.135892738967957
0.1359593032498982
0.136025867522354
0.1360924317911242
0.136158996057345
0.1362255603211491
0.1362921245860274
0.1363586888522733
0.1364252531210131
0.1364918173979433
0.1365583816792376
0.1366249459741432
0.1366915102918763
0.1367580746264049
0.1368246390060026
0.1368912034089076
0.1369577678581152
0.137024332336465
0.1370908968607668
0.1371574614054317
0.1372240259798746
0.1372905905696026
0.1373571551753155
0.1374237197944579
0.1374902844164762
0.1375568490388399
0.1376234136545322
0.1376899782629523
0.1377565428564876
0.1378231074381621
0.137889672004958
0.1379562365625887
0.1380228011077035
0.138089365647641
0.1381559301795962
0.1382224947099891
0.1382890592408007
0.1383556237714179
0.1384221883047336
0.1384887528447161
0.1385553173875999
0.1386218819364889
0.1386884464873191
0.138755011036719
0.1388215755816356
0.1388881401209432
0.138954704650644
0.1390212691739599
0.139087833687827
0.1391543981968047
0.1392209626993679
0.1392875271996773
0.1393540916982834
0.1394206561954791
0.1394872206948101
0.1395537851967316
0.1396203497024208
0.1396869142211447
0.139753478755187
0.1398200433054619
0.1398866078984104
0.1399531725134882
0.1400197371751956
0.1400863018720057
0.1401528666161786
0.140219431389895
0.1402859962041613
0.1403525610363856
0.1404191258908488
0.1404856907596505
0.1405522556352887
0.1406188205163521
0.1406853853970588
0.1407519502758234
0.1408185151508569
0.140885080023504
0.140951644892997
0.1410182097610146
0.1410847746290994
0.1411513394965724
0.141217904366817
0.1412844692392174
0.1413510341149059
0.1414175989965029
0.1414841638815627
0.14155072877443
0.1416172936707577
0.1416838585747897
0.1417504234821427
0.1418169883946842
0.1418835533101535
0.1419501182258383
0.1420166831406156
0.1420832480532744
0.1421498129631665
0.1422163778710245
0.1422829427769576
0.1423495076816458
0.1424160725863891
0.1424826374905777
0.1425492023975817
0.1426157673078797
0.142682332223503
0.1427488971530801
0.1428154621036693
0.1428820270717786
0.1429485920857894
0.1430151571257004
0.1430817222128271
0.1431482873324851
0.1432148524994639
0.1432814176875398
0.1433479829072176
0.1434145481425318
0.1434811133939015
0.1435476786578046
0.1436142439249934
0.1436808091929843
0.1437473744498805
0.143813939685257
0.1438805049006186
0.1439470700852815
0.1440136352483169
0.1440802003814914
0.1441467654984261
0.1442133305932588
0.1442798956732982
0.1443464607432638
0.1444130258029057
0.144479590859145
0.144546155910673
0.1446127209605123
0.1446792860095676
0.1447458510545619
0.1448124160876155
0.1448789811025808
0.1449455461016278
0.1450121110734609
0.1450786760284991
0.1451452409581507
0.1452118058719537
0.1452783707697606
0.1453449356543108
0.1454115005321616
0.1454780654001528
0.1455446302656038
0.1456111951284843
0.1456777599905695
0.1457443248552462
0.1458108897256559
0.1458774546015415
0.1459440194907911
0.1460105844025385
0.1460771493306907
0.1461437143021429
0.1462102792941498
0.1462768443313543
0.1463434093885154
0.1464099744804909
0.1464765395892204
0.1465431047171032
0.1466096698579189
0.146676235000017
0.1467428001320748
0.1468093652520113
0.1468759303485406
0.1469424954310911
0.1470090604882038
0.147075625531717
0.1471421905554372
0.1472087555661148
0.1472753205640102
0.1473418855514081
0.1474084505330616
0.1474750155061333
0.147541580476291
0.1476081454427485
0.1476747104078692
0.1477412753737227
0.147807840338879
0.147874405305421
0.1479409702709401
0.1480075352352844
0.1480741001968965
0.1481406651536458
0.1482072301063836
0.1482737950524308
0.1483403599943462
0.1484069249304669
0.1484734898636479
0.1485400547939542
0.1486066197236549
0.148673184656146
0.1487397495919279
0.1488063145339104
0.1488728794904904
0.1489394444756641
0.1490060094797015
0.1490725745286801
0.1491391396041619
0.149205704726049
0.1492722698742504
0.1493388350621195
0.1494054002676915
0.1494719654959892
0.149538530738887
0.1496050959902063
0.1496716612491819
0.1497382265082153
0.149804791757325
0.1498713569937487
0.1499379222063804
0.1500044874015614
0.1500710525735133
0.1501376177330187
0.1502041828750051
0.1502707480075788
0.1503373131353504
0.1504038782571419
0.1504704433795198
0.1505370085050833
0.1506035736416858
0.1506701387847836
0.1507367039417097
0.1508032691147556
0.1508698343015497
0.1509363994991645
0.1510029647081809
0.1510695299206948
0.1511360951382935
0.1512026603579557
0.1512692255775482
0.1513357907988756
0.1514023560204961
0.1514689212454799
0.1515354864720539
0.1516020517022302
0.1516686169359813
0.1517351821734072
0.1518017474161081
0.1518683126637334
0.1519348779255748
0.1520014431985231
0.1520680084884269
0.1521345738212264
0.1522011391783872
0.1522677045821964
0.1523342700343816
0.1524008355360583
0.1524674010847075
0.1525339666820951
0.1526005323029008
0.1526670979499962
0.1527336636093642
0.1528002292662534
0.1528667949090288
0.1529333605409746
0.1529999261542254
0.1530664917559143
0.1531330573375284
0.1531996229073853
0.153266188455837
0.1533327539927111
0.1533993195082134
0.1534658850126019
0.1535324505004802
0.1535990159781113
0.1536655814463452
0.1537321469081243
0.153798712367636
0.1538652778242553
0.1539318432809064
0.1539984087407391
0.154064974205161
0.1541315396661148
0.1541981051038578
0.1542646704993342
0.1543312358651111
0.1543978011877162
0.1544643664847493
0.1545309317525017
0.1545974969988661
0.1546640622334172
0.1547306274571777
0.1547971926754848
0.1548637578951353
0.154930323118753
0.154996888355031
0.1550634536125372
0.1551300188865521
0.1551965842008575
0.1552631495343274
0.1553297149088093
0.1553962803030645
0.1554628457406882
0.1555294111997904
0.1555959767036625
0.1556625422331564
0.1557291078085613
0.1557956734051448
0.1558622390348952
0.1559288046676871
0.1559953702568447
0.1560619357754005
0.1561285012487987
0.1561950666643037
0.1562616320376051
0.1563281973842558
0.1563947626978781
0.1564613279924682
0.1565278932764845
0.1565944585511066
0.1566610238198525
0.1567275890892009
0.1567941543609897
0.1568607196341393
0.1569272849056749
0.1569938501692507
0.1570604154231245
0.1571269806683232
0.1571935459073023
0.1572601111453975
0.1573266763858394
0.1573932416310263
0.1574598068838587
0.1575263721537633
0.1575929374609949
0.1576595027886081
0.1577260681541586
0.157792633537519
0.1578591989415791
0.1579257643594938
0.1579923297825384
0.1580588952190965
0.1581254606737674
0.158192026149533
0.1582585916714156
0.1583251572693975
0.1583917229269326
0.1584582886964041
0.1585248545332453
0.1585914204485872
0.1586579864200303
0.1587245523539411
0.1587911182471808
0.1588576840877738
0.1589242498890047
0.1589908156461491
0.1590573813639529
0.1591239470216963
0.1591905125986538
0.1592570780863029
0.1593236434604742
0.1593902087554209
0.1594567739560457
0.1595233390833085
0.1595899041620504
0.1596564692028907
0.1597230342061019
0.1597895991903877
0.1598561641684878
0.1599227291508284
0.1599892941383485
0.1600558591411724
0.1601224241824755
0.1601889892713642
0.1602555544079683
0.1603221195979547
0.160388684823897
0.1604552500355362
0.1605218152298471
0.1605883804122427
0.1606549455915295
0.1607215107759333
0.1607880759674644
0.1608546411777463
0.1609212064313413
0.1609877717626383
0.1610543371548934
0.1611209026628456
0.1611874682376176
0.1612540338751154
0.1613205995511362
0.1613871652361506
0.1614537309196655
0.1615202966069496
0.1615868623029579
0.1616534280195785
0.1617199937827542
0.161786559620658
0.1618531255203756
0.1619196915342457
0.1619862574991366
0.1620528233061604
0.1621193889966197
0.16218595459475
0.1622525200984942
0.1623190855401435
0.1623856509402191
0.1624522163151668
0.1625187816735162
0.1625853470158538
0.1626519123585627
0.1627184777072957
0.1627850430629234
0.1628516083661923
0.1629181735768632
0.1629847387143839
0.1630513038072535
0.1631178688587919
0.1631844338816648
0.1632509988969273
0.1633175639143899
0.1633841289415461
0.1634506939846535
0.1635172590567497
0.1635838241825647
0.163650389424212
0.1637169547533973
0.1637835200275501
0.16385008521616
0.1639166503445262
0.1639832154387318
0.1640497805203784
0.1641163456097272
0.1641829107102164
0.1642494758227201
0.1643160409635565
0.1643826061610823
0.1644491714759219
0.164515737024822
0.1645823027362086
0.1646488686846432
0.1647154346459591
0.164782000568716
0.1648485664704738
0.164915132362872
0.1649816982571912
0.165048264154955
0.1651148300680566
0.1651813960213551
0.1652479620641064
0.1653145279544516
0.1653810935736047
0.1654476589748493
0.1655142242198435
0.1655807893221717
0.1656473543110854
0.1657139192290023
0.1657804841164323
0.1658470489862723
0.1659136138575227
0.1659801787446619
0.1660467436593465
0.1661133086113348
0.1661798736582378
0.1662464388099447
0.1663130037806951
0.1663795685662442
0.1664461332070866
0.1665126977605962
0.1665792622687964
0.1666458267634219
0.1667123912554042
0.1667789557542484
0.1668455202848246
0.1669120848604291
0.1669786495074487
0.1670452142620019
0.1671117791734376
0.167178344271746
0.1672449092147952
0.1673114740499845
0.1673780388128392
0.1674446035335276
0.1675111682359397
0.1675777329504574
0.1676442976868012
0.1677108624470562
0.1677774272479504
0.1678439921331376
0.1679105571702696
0.1679771224973789
0.1680436879866908
0.168110253309186
0.1681768185002208
0.1682433835893156
0.1683099486051739
0.1683765135603427
0.1684430784838775
0.1685096433989766
0.1685762083308659
0.1686427732971157
0.1687093383602924
0.1687759035588009
0.1688424689198892
0.1689090340260235
0.1689755988711568
0.1690421634928687
0.169108727953271
0.1691752923160438
0.1692418566226884
0.1693084208986073
0.1693749851745975
0.1694415494677267
0.1695081138398098
0.1695746784349507
0.1696412433425898
0.1697078085238099
0.1697743743233101
0.1698409408563958
0.1699075079295097
0.1699740756309951
0.1700406429965013
0.1701072101018292
0.1701737770215078
0.1702403438490187
0.1703069107308559
0.1703734778653624
0.1704400451990464
0.1705066134265892
0.1705731833265452
0.1706397542295125
0.1707063273457413
0.1707729018803117
0.1708394778746845
0.1709060565138077
0.170972635465361
0.1710392181919362
0.1711058020772073
0.1711723884638098
0.1712389823221657
0.1713055771787583
0.1713721773016276
0.1714387883428405
0.1715054025488507
0.1715720233594672
0.1716386566376812
0.1717052981434535
0.1717719451185514
0.1718386036993602
0.1719052781676076
0.1719719628004232
0.1720386552122209
0.1721053613704998
0.1721720841184052
0.1722388245465076
0.1723055766636938
0.1723723407760861
0.1724391195698006
0.1725059143050544
0.1725727255250022
0.1726395528769368
0.1727063956986391
0.1727732512545061
0.1728401206290356
0.1729070046218312
0.1729739035432488
0.1730408176585008
0.1731077474058585
0.1731746927581923
0.1732416511600151
0.1733086235521515
0.173375610573853
0.1734426127457038
0.1735096306946526
0.1735766649558388
0.1736437122102542
0.1737107735022123
0.1737778495594545
0.1738449409027363
0.1739120481070874
0.1739791717677155
0.1740463088047768
0.1741134598206841
0.1741806255659548
0.174247806593369
0.1743150034324781
0.1743822167138368
0.174449444266622
0.1745166855170268
0.1745839413108528
0.1746512122433704
0.174718498856434
0.1747858017965468
0.1748531202768724
0.1749204520623836
0.1749877981475272
0.1750551591880342
0.175122535734245
0.1751899284181552
0.1752573379885117
0.1753247602830639
0.1753921965741814
0.1754596476087038
0.1755271139554515
0.1755945962150278
0.1756620952199184
0.1757296078732069
0.1757971341693707
0.1758646749621383
0.1759322308451752
0.1759998023946295
0.1760673903130772
0.1761349932702898
0.1762026092031762
0.1762702392564374
0.1763378841162153
0.1764055443568406
0.1764732206502156
0.1765409134745604
0.1766086184768953
0.1766763371393654
0.1767440702986599
0.1768118185407691
0.176879582486014
0.1769473630349016
0.1770151565495681
0.1770829630433582
0.1771507836619782
0.1772186190694512
0.1772864698628001
0.1773543367550246
0.1774222182778678
0.1774901120443904
0.1775580193933695
0.177625941211613
0.1776938781090703
0.1777618307620354
0.1778298001518812
0.1778977811052988
0.1779657749692209
0.1780337829225287
0.1781018056189524
0.1781698436671095
0.1782378978696593
0.1783059643758048
0.1783740428782067
0.1784421345494731
0.1785102403659918
0.1785783609588883
0.1786464970225873
0.1787146464830111
0.1787828070670769
0.1788509801293446
0.1789191668049928
0.1789873679882444
0.1790555843943915
0.1791238169821057
0.1791920613484957
0.1792603178805953
0.1793285877592674
0.1793968720531226
0.1794651714569771
0.1795334867128285
0.179601817301147
0.1796701594248249
0.1797385143335614
0.1798068831813504
0.1798752666820593
0.1799436655151749
0.1800120806633882
0.1800805070709361
0.1801489453998467
0.1802173967466811
0.1802858621847762
0.1803543424116511
0.1804228381877094
0.1804913465598446
0.1805598659127273
0.1806283975098232
0.1806969423700279
0.1807655014976338
0.1808340756575525
0.1809026650170664
0.1809712644571281
0.1810398754681732
0.1811084991846404
0.1811771366310606
0.1812457887275908
0.1813144563326271
0.1813831365511086
0.1814518276762422
0.1815205309804354
0.1815892474760814
0.1816579782372827
0.1817267240800983
0.1817954860458545
0.1818642584935031
0.1819330425643446
0.1820018393951674
0.1820706500471856
0.1821394754372879
0.1822083164592702
0.1822771719022346
0.1823460383630509
0.1824149171081949
0.1824838091835954
0.1825527156256407
0.1826216372311446
0.1826905750438227
0.182759524885632
0.1828284863570896
0.1828974605770401
0.1829664486066706
0.1830354513166318
0.1831044695640328
0.1831735025310157
0.1832425461963942
0.1833116018134673
0.1833806703862978
0.1834497529442894
0.1835188503270894
0.1835879635520477
0.1836570873860517
0.1837262221943039
0.1837953691210882
0.1838645291127541
0.1839337032322299
0.18400289240194
0.1840720949474526
0.1841413074665311
0.1842105312880364
0.1842797674856587
0.1843490169725612
0.1844182809001688
0.1844875603477226
0.1845568506398558
0.1846261515123424
0.1846954641860478
0.1847647896766498
0.1848341290133109
0.1849034832659839
0.1849728531252929
0.1850422328048857
0.1851116236944767
0.1851810269121008
0.1852504434060488
0.1853198743464775
0.1853893208068473
0.1854587810925566
0.185528251924884
0.1855977345467151
0.1856672299872145
0.185736739299907
0.1858062634997802
0.1858758037161785
0.185945355873935
0.1860149191201892
0.1860844945885448
0.1861540832368247
0.1862236862197216
0.1862933045408977
0.1863629387930493
0.1864325833269565
0.1865022394111039
0.1865719080946186
0.1866415903782454
0.1867112873153851
0.1867809999894177
0.186850726261945
0.1869204632763782
0.1869902122060834
0.1870599740392469
0.1871297498606927
0.1871995406918348
0.1872693476774519
0.1873391662121182
0.1874089959053427
0.1874788378511814
0.1875486929853094
0.1876185624729157
0.1876884473808302
0.1877583478929906
0.1878282587285733
0.1878981811218275
0.1879681161030473
0.1880380646735977
0.1881080279284039
0.1881780069882915
0.188247999711078
0.1883180031736581
0.1883880185229216
0.1884580467361434
0.1885280888982171
0.1885981460975024
0.1886682194800833
0.1887383046425664
0.1888084009361366
0.1888785094353641
0.1889486310710663
0.1890187670062976
0.1890889183503294
0.1891590858137343
0.1892292635405937
0.1892994527498334
0.1893696544660163
0.1894398696739376
0.1895100995198497
0.1895803451394286
0.189650605179354
0.1897208758558911
0.1897911583118186
0.1898614535277322
0.1899317625706698
0.1900020865755922
0.1900724266930004
0.1901427795249113
0.1902131433537858
0.1902835192555931
0.190353908165945
0.1904243112206354
0.1904947295717131
0.1905651643497075
0.1906356101461034
0.1907060672550454
0.1907765367074233
0.1908470194459805
0.1909175166796642
0.1909880295423779
0.1910585581835573
0.1911290972471782
0.1911996478892748
0.1912702111018828
0.1913407878975738
0.1914113794631376
0.1914819869523753
0.1915526086789514
0.1916232411341548
0.1916938854146716
0.1917645424750051
0.1918352133884608
0.1919058993572774
0.1919766015237578
0.192047316398693
0.1921180422814223
0.1921887802210667
0.1922595311588641
0.1923302962301782
0.1924010766294755
0.1924718734786453
0.192542681594885
0.1926135009578671
0.1926843325838187
0.1927551774248219
0.1928260366774182
0.1928969115300806
0.1929678027664618
0.1930387043208978
0.1931096173376193
0.1931805428040226
0.1932514816964389
0.1933224352894427
0.1933934047352422
0.1934643892858443
0.1935353844217458
0.1936063912331993
0.1936774106748613
0.1937484437725396
0.1938194918057479
0.1938905559214874
0.1939616339567052
0.1940327228101792
0.194103823532547
0.1941749370690625
0.194246064507758
0.1943172071020841
0.1943883659822114
0.1944595376760889
0.1945307203795157
0.1946019151168818
0.1946731228419691
0.1947443446931944
0.1948155819174614
0.1948868356241072
0.1949581011607173
0.1950293778808927
0.1951006667855043
0.1951719688353223
0.1952432852302315
0.1953146171960535
0.1953859658125115
0.1954573253363457
0.1955286962129624
0.1956000794202641
0.1956714759245378
0.1957428870075021
0.1958143138518345
0.1958857571656203
0.1959572109044622
0.1960286761532123
0.1961001538636507
0.1961716450049744
0.1962431509335878
0.1963146727931064
0.1963862103206949
0.1964577584407118
0.1965293182049116
0.1966008905524907
0.1966724764924374
0.1967440773717484
0.1968156943246082
0.1968873261968804
0.1969589687878397
0.1970306231299206
0.1971022901705324
0.197173970954155
0.1972456668147475
0.1973173788763339
0.1973891052088865
0.1974608423667898
0.1975325913659837
0.1976043531610144
0.1976761288263352
0.1977479196873931
0.1978197268563014
0.1978915477458804
0.1979633795528242
0.1980352232782718
0.1981070798831941
0.1981789504688234
0.1982508363545017
0.1983227386386499
0.1983946541720558
0.1984665806998201
0.1985385192096717
0.1986104706661683
0.1986824362148831
0.1987544171526845
0.1988264145586483
0.1988984247585995
0.1989704460192239
0.1990424793141163
0.1991145256094374
0.1991865860844725
0.1992586620228069
0.1993307544874752
0.199402859399063
0.1994749754277636
0.1995471035354696
0.1996192446901999
0.1996914000997842
0.1997635710376269
0.19983575855275
0.1999079582890473
0.1999801691897673
0.2000523922063244
0.2001246283075178
0.2001968787239758
0.2002691447197742
0.2003414273316444
0.2004137220284075
0.2004860279221584
0.2005583459554086
0.2006306770976315
0.2007030225959778
0.2007753837087314
0.2008477614629108
0.2009201512540738
0.200992552262956
0.2010649654255139
0.2011373917122626
0.2012098323807579
0.2012822886868015
0.2013547616506002
0.2014272466957872
0.201499742968212
0.2015722514001748
0.2016447729667185
0.2017173089270175
0.2017898605356811
0.2018624288068789
0.2019350092862443
0.2020076009848532
0.2020802048323393
0.2021528218061952
0.2022254531617173
0.2022981001574644
0.2023707638042556
0.2024434398616681
0.2025161271159988
0.2025888264952835
0.2026615389774348
0.2027342658075633
0.202807008254918
0.2028797673292468
0.2029525391040913
0.2030253220402104
0.2030981170641993
0.2031709251506605
0.2032437475268833
0.2033165854804295
0.2033894400221421
0.2034623076238698
0.2035351863339737
0.2036080770785372
0.203680980825325
0.2037538987770904
0.2038268322486219
0.2038997822549483
0.2039727457584721
0.2040457203030628
0.2041187068154744
0.204191706256306
0.2042647197947328
0.2043377487791692
0.2044107942318816
0.2044838536932249
0.2045569241129286
0.2046300064207924
0.204703101572132
0.2047762106945073
0.2048493351753578
0.2049224760461197
0.2049956315155644
0.2050687978447281
0.2051419759692137
0.2052151668394286
0.2052883715596359
0.2053615915076595
0.2054348277498884
0.2055080792934628
0.2055813415834226
0.2056546155647539
0.205727902183208
0.2058012025194848
0.2058745179302886
0.2059478495222821
0.2060211972307911
0.2060945555573015
0.2061679254586652
0.2062413078763604
0.2063147038646272
0.2063881147556951
0.2064615417036467
0.2065349856059843
0.2066084400751147
0.2066819059925591
0.2067553842952229
0.2068288760071607
0.2069023824351961
0.206975904785695
0.2070494439822124
0.2071229947396446
0.2071965568068271
0.2072701311149742
0.2073437186685096
0.2074173207257608
0.2074909385555138
0.2075645731002748
0.207638220313857
0.2077118786869028
0.2077855491425987
0.2078592326693755
0.2079329304649953
0.2080066438662659
0.2080803738376799
0.2081541176810904
0.2082278725229964
0.2083016392768031
0.2083754189126711
0.2084492125931824
0.2085230216593011
0.2085968471301578
0.2086706877930026
0.2087445392766724
0.2088184024947221
0.2088922783929913
0.2089661681036464
0.2090400729414702
0.2091139939950178
0.2091879316530761
0.2092618799333331
0.2093358397655702
0.2094098120829055
0.2094837979624822
0.2095577986871044
0.2096318154232449
0.2097058490519291
0.2097798942880134
0.2098539508750409
0.2099280197371654
0.2100021018932146
0.2100761985792914
0.210150311066227
0.2102244402674911
0.2102985826452988
0.2103727361517267
0.2104469017017168
0.2105210802785284
0.2105952730680409
0.2106694813869837
0.2107437062063879
0.2108179458549382
0.2108921963957069
0.2109664587328256
0.211040733824824
0.2111150228233304
0.2111893270136159
0.2112636474592478
0.2113379845126139
0.2114123321994648
0.21148669142959
0.2115610631324025
0.2116354484043092
0.2117098484860965
0.2117842645584528
0.2118586974804685
0.2119331423780422
0.212007598559217
0.2120820669394721
0.2121565485381341
0.2122310445502431
0.2123055562679911
0.2123800846063838
0.212454626848571
0.2125291800924174
0.2126037452435927
0.2126783232748818
0.2127529153595594
0.2128275227651193
0.2129021465139659
0.2129767862340879
0.2130514366573726
0.213126098680659
0.213200773260452
0.213275461511791
0.2133501646533984
0.213424883843625
0.2134996199091891
0.2135743676823824
0.2136491267563874
0.2137238980545435
0.2137986826073776
0.2138734815992605
0.2139482962890734
0.2140231275858998
0.2140979728331456
0.2141728290677657
0.2142476971969674
0.2143225781988894
0.2143974732356774
0.2144723835470128
0.2145473101650731
0.2146222531612712
0.2146972068097699
0.2147721720024372
0.2148471497030485
0.2149221410083052
0.2149971470970992
0.2150721691647687
0.2151472080333056
0.2152222593399898
0.215297321858854
0.2153723965134441
0.2154474843143845
0.2155225864278283
0.21559770408681
0.2156728382358735
0.2157479874269776
0.2158231474783428
0.2158983192982859
0.2159735038666895
0.2160487022947732
0.2161239157702198
0.2161991453931674
0.2162743919311622
0.2163496498381459
0.216424919118986
0.2165002007364245
0.21657549572277
0.216650805223849
0.216726130447074
0.2168014722698337
0.2168768282284712
0.216952195176254
0.2170275740489316
0.2171029658193142
0.2171783715985767
0.2172537925682091
0.2173292297737457
0.2174046839421145
0.2174801488053167
0.2175556251615997
0.2176311139744856
0.2177066162727925
0.2177821331823908
0.2178576658857879
0.2179332152236605
0.2180087781994261
0.2180843522328569
0.2181599382621863
0.2182355372560895
0.2183111503059709
0.2183867785701091
0.2184624230763245
0.2185380843381224
0.2186137562102201
0.2186894396127889
0.2187651354966134
0.2188408448733835
0.2189165688529
0.2189923085938086
0.2190680649320754
0.2191438348288821
0.2192196157783952
0.2192954087090739
0.2193712145787131
0.2194470344530473
0.2195228694553672
0.2195987206346878
0.2196745886834749
0.2197504673184816
0.219826357434854
0.2199022599700381
0.2199781759156343
0.2200541063605975
0.2201300524356662
0.2202060150023102
0.2202819915067912
0.2203579789816585
0.2204339783415222
0.2205099905267669
0.2205860165722385
0.2206620575565309
0.2207381145839355
0.220814188351671
0.2208902733447353
0.2209663696921866
0.2210424783169559
0.2211186001889709
0.2211947363666468
0.2212708879508443
0.2213470558526245
0.2214232385789463
0.2214994321191068
0.2215756373694226
0.2216518552475328
0.2217280867474787
0.2218043329352759
0.2218805949022656
0.2219568734084582
0.2220331643075524
0.2221094663529004
0.2221857804467018
0.2222621075296738
0.2223384486173162
0.2224148047630556
0.2224911769741701
0.2225675654511785
0.2226439645029558
0.2227203750027336
0.2227967978488158
0.2228732339938554
0.2229496844714463
0.2230261503432358
0.2231026324623877
0.2231791286656228
0.2232556357070544
0.2233321544572774
0.2234086858094755
0.2234852307269987
0.2235617902394
0.2236383653936088
0.2237149569116861
0.2237915605362736
0.2238681752255262
0.2239448018490982
0.2240214413144923
0.2240980945923218
0.2241747626805233
0.2242514465816788
0.2243281467993187
0.2244048574201857
0.224481579277344
0.2245583132297104
0.2246350601846924
0.2247118211156266
0.2247885970201772
0.2248653887827733
0.2249421951638234
0.2250190120714428
0.2250958403256561
0.2251726807673966
0.2252495342956519
0.2253264018780712
0.2254032844926237
0.2254801829234509
0.2255570944842734
0.2256340166109084
0.2257109501037295
0.2257878957804295
0.2258648545229758
0.2259418272739861
0.2260188149729823
0.2260958183296896
0.2261728336035643
0.2262498593741029
0.2263268964128383
0.2264039455102237
0.2264810075072838
0.2265580833056949
0.2266351737896757
0.2267122796167361
0.2267893964960074
0.2268665236453324
0.2269436617894167
0.2270208116674111
0.2270979740676561
0.2271751498343764
0.2272523397769442
0.2273295445384725
0.2274067599627196
0.2274839852144429
0.2275612209479564
0.2276384678276852
0.2277157265613971
0.2277929979053044
0.2278702825651306
0.2279475812130502
0.2280248907287361
0.228102209344909
0.2281795376217056
0.2282568761236236
0.2283342254331552
0.2284115861720652
0.2284889589708079
0.228566344375226
0.2286437416495502
0.2287211469052012
0.2287985606061747
0.2288759831724116
0.2289534150230763
0.2290308565879721
0.2291083083472531
0.2291857707651657
0.229263244178308
0.2293407266397618
0.2294182159295476
0.2294957123703332
0.2295732161891595
0.2296507275567698
0.2297282466202739
0.2298057735579055
0.2298833086456289
0.2299608521524762
0.2300384036341095
0.2301159599255718
0.2301935213053207
0.2302710879428252
0.230348659915258
0.2304262372517301
0.2305038199634921
0.2305814081743078
0.2306590020561355
0.2307366007941709
0.2308142019359599
0.2308918055646494
0.2309694119244472
0.231047021627268
0.2311246350790181
0.2312022525487865
0.2312798741640435
0.2313574980500591
0.2314351209626488
0.2315127436067967
0.2315903666440957
0.2316679906497605
0.2317456162908892
0.2318232441262502
0.2319008746829254
0.2319785079320847
0.2320561436814564
0.2321337783986693
0.2322114116632507
0.2322890439250307
0.2323666754829781
0.2324443067853813
0.2325219379538199
0.2325995690003823
0.2326771999265298
0.2327548307401778
0.2328324616391337
0.2329100901462751
0.2329877166655192
0.2330653414089555
0.233142964461967
0.2332205858753282
0.2332982058094337
0.2333758245391482
0.2334534421540469
0.2335310580740795
0.2336086710753268
0.2336862813207092
0.233763888940989
0.2338414940451614
0.2339190968035073
0.2339966974162842
0.23407429588572
0.2341518919837254
0.2342294853296179
0.2343070753104681
0.2343846621237978
0.2344622459653675
0.234539827034009
0.2346174056724144
0.2346949818729412
0.2347725555446809
0.2348501267080233
0.2349276943824816
0.2350052587745886
0.235082820101962
0.2351603785544641
0.2352379344358513
0.2353154877680191
0.235393038527827
0.2354705868140494
0.2355481319894908
0.2356256739477503
0.2357032129033849
0.2357807490558144
0.2358582826576766
0.235935813759576
0.2360133423417622
0.2360908685004584
0.2361683919058612
0.2362459122133344
0.236323429648896
0.2364009444110595
0.2364784566991636
0.2365559666459389
0.2366334741948285
0.2367109794361191
0.2367884822680719
0.2368659821736903
0.2369434793755934
0.2370209740628134
0.2370984664158929
0.2371759566245729
0.2372534445954023
0.2373309304168673
0.2374084141693466
0.2374858951944379
0.2375633737029306
0.2376408498794909
0.2377183238819985
0.2377957959144232
0.2378732659167424
0.2379507339495078
0.2380282001541163
0.2381056639404955
0.238183125412807
0.2382605847477048
0.2383380420930838
0.2384154976466646
0.2384929514194579
0.2385704034110096
0.2386478537430625
0.2387253020378541
0.2388027482195176
0.2388801924481158
0.2389576348602693
0.2390350756473418
0.2391125148717859
0.2391899524764367
0.239267388573478
0.2393448230564613
0.2394222556147341
0.2394996863920561
0.2395771155232594
0.2396545431872724
0.2397319694954368
0.2398093943655542
0.2398868178841626
0.2399642401475087
0.2400416606963648
0.2401190796236607
0.2401964970634204
0.2402739131792053
0.2403513280683161
0.2404287417510296
0.2405061542597834
0.2405835656596342
0.2406609757211773
0.2407383843106681
0.24081579155552
0.2408931976241432
0.2409706026009001
0.2410480065893559
0.2411254095627412
0.2412028115577762
0.2412802125431694
0.2413576122046657
0.2414350106329455
0.2415124080244981
0.2415898044530309
0.2416672000587597
0.2417445948255568
0.2418219887442636
0.2418993818376758
0.2419767738545758
0.2420541647755002
0.2421315547718559
0.2422089439367347
0.2422863323995991
0.2423637201893841
0.2424411072480936
0.2425184935905609
0.2425958791537801
0.242673263754417
0.2427506475344377
0.2428280306021837
0.2429054130689347
0.2429827949788637
0.2430601762944674
0.2431375570200976
0.2432149372080536
0.2432923166090646
0.2433696953091509
0.2434470734049317
0.2435244509827406
0.2436018280867977
0.2436792047318023
0.2437565808837956
0.2438339565994466
0.2439113318271638
0.2439887064525543
0.2440660805757986
0.2441434542609864
0.2442208275469128
0.2442982004683211
0.2443755730124143
0.2444529452187864
0.2445303171538871
0.2446076886211562
0.2446850596804699
0.244762430384137
0.2448398007676304
0.2449171708339663
0.2449945406349723
0.2450719101979344
0.2451492795791303
0.2452266487344924
0.2453040175733867
0.2453813861456782
0.2454587544551199
0.2455361225237574
0.2456134904071277
0.245690858170285
0.2457682258304521
0.2458455933552301
0.2459229607150339
0.2460003278991104
0.2460776949187035
0.2461550617821238
0.2462324285422248
0.2463097952526844
0.2463871619255459
0.2464645285339556
0.2465418950513474
0.2466192614967813
0.2466966279431234
0.2467739943261443
0.2468513606855595
0.2469287270380199
0.2470060933751879
0.2470834597208816
0.2471608261069497
0.2472381925414326
0.2473155590159622
0.2473929255317039
0.2474702920478474
0.2475476585739681
0.2476250251282938
0.2477023917211718
0.2477797583630699
0.2478571250741863
0.2479344918834478
0.2480118588167981
0.2480892259102177
0.2481665930857917
0.2482439603094922
0.2483213275949189
0.2483986949518939
0.2484760624023842
0.2485534299823632
0.2486307977100939
0.2487081655928748
0.2487855336131523
0.248862901671905
0.2489402697717912
0.249017637920761
0.2490950061381434
0.249172374448116
0.249249742853795
0.2493271112470822
0.2494044796277115
0.2494818479668261
0.2495592162250581
0.2496365843577935
0.2497139523209382
0.249791320130206
0.2498686878105215
0.2499460553953131
0.2500234229003632
0.2501007903062061
0.2501781576091509
0.250255524809156
0.2503328919486778
0.250410258997219
0.2504876259990834
0.2505649929867268
0.2506423599663584
0.250719726898974
0.2507970937398432
0.2508744604947486
0.2509518271212671
0.2510291936397636
0.2511065600678792
0.2511839264248071
0.2512612926765042
0.2513386588029189
0.2514160247837146
0.2514933906329948
0.2515707563391535
0.2516481219343132
0.2517254874670967
0.2518028529816501
0.2518802184885273
0.251957583988706
0.2520349495071505
0.2521123151019959
0.2521896808039452
0.2522670466097076
0.2523444125655368
0.2524217787311918
0.2524991451520835
0.2525765118691032
0.2526538786736311
0.2527312455815574
0.2528086126195754
0.2528859798478508
0.2529633473390374
0.2530407151657676
0.2531180834029285
0.2531954521833861
0.2532728216241688
0.253350191803908
0.2534275622250474
0.2535049329262842
0.2535823039652161
0.2536596753987685
0.253737047297654
0.2538144197749361
0.2538917929304389
0.2539691668904163
0.2540465410925953
0.2541239155886525
0.2542012903980029
0.2542786655114713
0.2543560409968188
0.2544334169414486
0.254510793443752
0.2545881701113083
0.2546655469216652
0.2547429238905483
0.2548203010263459
0.2548976783770822
0.254975055996727
0.2550524337759845
0.2551298116052783
0.2552071895015466
0.2552845674807152
0.2553619455274316
0.255439323560146
0.255516701579953
0.2555940795895086
0.2556714575750194
0.2557488355378514
0.255826213492343
0.2559035914202203
0.2559809693354674
0.2560583472402935
0.2561357251527014
0.2562131030899589
0.2562904810656257
0.2563678590844624
0.2564452371318183
0.2565226151524415
0.2565999931598547
0.256677371147956
0.2567547491270875
0.2568321271038273
0.2569095050757034
0.2569868830406923
0.2570642610110195
0.2571416389789463
0.2572190169514506
0.2572963949443646
0.257373772979357
0.2574511510775738
0.2575285292502835
0.2576059075032079
0.257683285845797
0.257760664292822
0.2578380428723779
0.2579154216209357
0.2579928003957279
0.258070179199842
0.2581475580381316
0.2582249369209984
0.2583023158638401
0.2583796947743565
0.2584570736616033
0.2585344525311718
0.2586118313949571
0.2586892102761413
0.2587665891913431
0.2588439681677696
0.2589213472231743
0.2589987263937086
0.2590761057256149
0.2591534852208985
0.2592308647761472
0.259308244387259
0.2593856240542975
0.2594630037888794
0.2595403836205875
0.2596177635524267
0.2596951435344013
0.259772523513489
0.2598499034477009
0.2599272832567232
0.2600046629536636
0.2600820425571299
0.2601594220949641
0.2602368016021793
0.2603141810972739
0.2603915606048688
0.2604689401637174
0.2605463197905956
0.2606236995032241
0.2607010793115201
0.2607784592317457
0.2608558393007515
0.2609332195530545
0.26101059998999
0.2610879804558383
0.2611653609559243
0.2612427414960176
0.261320122056926
0.2613975025562741
0.2614748830084128
0.2615522633959137
0.2616296437267888
0.2617070240147867
0.2617844042999329
0.2618617846306817
0.2619391650369228
0.2620165455441507
0.2620939261977079
0.2621713070515019
0.2622486880421951
0.2623260691418063
0.2624034503512919
0.2624808316691675
0.2625582131157603
0.2626355946907806
0.262712976397857
0.2627903582691308
0.2628677402179934
0.2629451221761378
0.2630225040203726
0.263099885778327
0.2631772674656026
0.2632546490970014
0.2633320307130367
0.2634094123402898
0.2634867940171298
0.263564175732892
0.2636415574980097
0.2637189393326511
0.2637963212757313
0.2638737033867958
0.2639510857192747
0.264028468289448
0.2641058511114962
0.2641832340423044
0.2642606170233639
0.264338000060604
0.264415383164423
0.2644927662018881
0.2645701491424647
0.2646475319415605
0.2647249146290078
0.2648022972391791
0.2648796797956783
0.2649570623597366
0.2650344449641003
0.2651118276172447
0.2651892103451488
0.2652665931630992
0.2653439760745653
0.2654213590861981
0.2654987422169617
0.2655761254859155
0.265653508889559
0.2657308924279826
0.2658082761213896
0.2658856600039334
0.2659630438547356
0.2660404275491927
0.2661178111032294
0.2661951945258485
0.2662725778327441
0.2663499610474152
0.2664273442037017
0.2665047273458456
0.2665821105053595
0.2666594937031578
0.2667368769329863
0.2668142602459457
0.2668916436839506
0.2669690272939331
0.2670464111350317
0.2671237952531903
0.2672011794492275
0.2672785637231679
0.2673559480785437
0.2674333325281947
0.2675107170701549
0.2675881016176233
0.2676654860106989
0.2677428702591299
0.2678202543794657
0.2678976383875185
0.2679750223089457
0.2680524062049932
0.2681297901229504
0.2682071740674693
0.2682845580497311
0.2683619420834918
0.268439326194056
0.2685167103959351
0.2685940947308635
0.2686714792435032
0.2687488639650417
0.2688262488859767
0.2689036340162908
0.268981019328991
0.2690584046719869
0.2691357900003047
0.2692131752213555
0.2692905603377881
0.2693679453609343
0.269445330294107
0.2695227151483895
0.2696000999342495
0.2696774847060003
0.2697548695164546
0.2698322544027202
0.2699096393891554
0.2699870245166443
0.270064409785943
0.2701417951563875
0.2702191806371687
0.2702965662257745
0.2703739519255484
0.2704513377424025
0.2705287236757611
0.2706061097330246
0.2706834959327313
0.2707608820436395
0.2708382680182984
0.2709156538740327
0.2709930396205849
0.2710704252713129
0.2711478108805965
0.2712251964997708
0.2713025821511198
0.2713799678313938
0.2714573535447801
0.2715347393274424
0.271612125202937
0.2716895112106292
0.2717668974007837
0.271844283820531
0.2719216704861177
0.2719990574128385
0.272076444442987
0.2721538315267386
0.2722312186704602
0.2723086058035921
0.2723859927400749
0.2724633795048605
0.2725407661262442
0.2726181526343361
0.2726955390459952
0.2727729254057052
0.2728503117719283
0.2729276981730117
0.2730050846122674
0.2730824710968072
0.2731598576423836
0.2732372442638782
0.2733146309813053
0.2733920178308492
0.2734694048395805
0.2735467920018377
0.2736241793022005
0.2737015667577751
0.2737789542900488
0.2738563416618233
0.2739337288672412
0.2740111159222074
0.2740885028401013
0.2741658896411874
0.2742432763483473
0.2743206629907192
0.2743980496218698
0.2744754362800718
0.2745528229804598
0.2746302097261036
0.2747075965603409
0.2747849835327434
0.2748623706897829
0.2749397580824073
0.2750171455997874
0.275094533208087
0.2751719209057248
0.2752493086952343
0.2753266965740039
0.2754040845458268
0.2754814724194467
0.2755588601515307
0.2756362477516675
0.2757136352298166
0.2757910226001623
0.2758684099189848
0.2759457972464861
0.2760231845916493
0.2761005719604876
0.2761779593619954
0.276255346827855
0.2763327343834222
0.2764101220511761
0.2764875098643995
0.2765648978634453
0.2766422860795176
0.2767196745115423
0.2767970631827908
0.2768744520133111
0.2769518408818915
0.2770292297999665
0.2771066186479476
0.2771840073649094
0.2772613959563511
0.2773387844497532
0.277416172880234
0.2774935613087464
0.2775709497308942
0.2776483382063453
0.2777257267467437
0.2778031153556835
0.2778805040460577
0.2779578928248597
0.2780352817139695
0.2781126707354045
0.2781900598883845
0.2782674491692733
0.2783448385724327
0.2784222280982485
0.2784996177698491
0.2785770074404219
0.2786543969601445
0.2787317863406743
0.2788091755872144
0.2788865647132386
0.2789639537457132
0.2790413427339611
0.2791187317183389
0.2791961207267965
0.2792735097704884
0.2793508988383717
0.279428287969794
0.2795056772021977
0.2795830665690129
0.2796604561122131
0.2797378458795315
0.2798152358746365
0.2798926259269194
0.2799700160360192
0.2800474062092957
0.2801247964259445
0.280202186445885
0.2802795762880567
0.2803569659745826
0.2804343555208702
0.2805117449441956
0.2805891342955904
0.2806665236362546
0.2807439130110936
0.2808213024117953
0.2808986918625872
0.2809760814038582
0.2810534710444959
0.2811303465751044
0.2812067309096589
0.2812823755572366
0.2813572539484099
0.2814317386471435
0.281505520637547
0.2815787604887414
0.2816516894382217
0.2817241051161072
0.281796124603573
0.2818679502857344
0.281939304131871
0.2820103532459896
0.2820813382830061
0.2821520000094062
0.2822224535578596
0.2822928950306553
0.2823630297970511
0.2824330674320625
0.2825031292995173
0.2825730444146639
0.2826428914040064
0.2827127485283232
0.282782491641242
0.2828521996193304
0.2829219472998115
0.2829917081658856
0.2830614395274796
0.2831311964575457
0.283200988529028
0.2832707762546721
0.2833405781535352
0.2834103884359743
0.2834802158192532
0.2835500812990481
0.2836199964213472
0.2836899336326275
0.2837599213743338
0.2838299175282514
0.2838999312055249
0.2839699822375407
0.284040089452156
0.2841102540256496
0.2841804583652237
0.2842507084727945
0.2843210037100894
0.2843913379498478
0.2844617026751968
0.2845320923035083
0.2846025033970381
0.2846729330258249
0.2847433809446628
0.2848138487683176
0.2848843391435637
0.2849548540276738
0.285025395280983
0.2850959571539763
0.2851665374461792
0.2852371363326399
0.2853077531547164
0.2853783870216576
0.2854490380688536
0.2855197082845565
0.2855903971378977
0.2856610999634789
0.2857318179002695
0.2858025464260881
0.2858732880853619
0.2859440490067964
0.2860148083871416
0.2860855516702898
0.2861562974947435
0.2862270465148619
0.2862978053997491
0.2863685900798737
0.2864393830339672
0.286510175435074
0.286580963263846
0.2866517540268724
0.2867225588227559
0.2867933796381271
0.2868642133508265
0.2869350433811997
0.2870058675288434
0.2870766886520326
0.2871475184336413
0.2872183610066287
0.2872892248107951
0.2873600978310543
0.287430970063453
0.2875018399861687
0.2875727130506146
0.2876435980272303
0.2877145040766084
0.2877854334507073
0.2878563631604675
0.2879272869132073
0.2879982142608308
0.2880691526190001
0.2881401056433683
0.2882110755279482
0.2882820454187485
0.2883530084612989
0.2884239714042585
0.2884949379906469
0.2885659143482869
0.2886369101971305
0.2887079148721193
0.2887789224964476
0.288849932440999
0.2889209464565336
0.288991963734321
0.2890629821917378
0.2891340016974236
0.289205022162004
0.2892760435171433
0.2893470657320329
0.2894180885751085
0.2894891117731095
0.2895601352209369
0.2896311579793138
0.2897021800754682
0.289773201549333
0.2898442224446091
0.2899152426592447
0.2899862624298856
0.2900572823884089
0.2901283033609032
0.2901993257904222
0.2902703483622571
0.2903413710637396
0.2904123939676698
0.2904834171741184
0.290554440858473
0.290625465294673
0.2906964907578854
0.2907675174874595
0.2908385458446244
0.2909095762874103
0.2909806072476739
0.291051638722495
0.2911226707203171
0.2911937032746416
0.2912647364699016
0.2913357704375031
0.2914068052737183
0.2914778401535377
0.291548874827296
0.2916199093519636
0.2916909437071968
0.291761977903165
0.2918330118935776
0.2919040457418952
0.2919750798423002
0.2920461147529184
0.2921171507305358
0.2921881880865282
0.292259225750215
0.2923302635568051
0.2924013014952478
0.2924723395523269
0.2925433777966475
0.2926144164208247
0.29268545566729
0.2927564959392562
0.2928275376362294
0.2928985796015588
0.2929696213113064
0.2930406628199048
0.2931117040294301
0.2931827449367817
0.2932537856573086
0.2933248263754314
0.293395867335433
0.2934669083892381
0.2935379497436554
0.2936089917068896
0.2936800344099237
0.2937510778883863
0.2938221222451387
0.2938931674533049
0.2939642135894074
0.2940352609043072
0.2941063097148506
0.2941773602437623
0.294248411284038
0.2943194624788156
0.2943905138187319
0.2944615653191462
0.2945326170307828
0.2946036689199109
0.2946747209220439
0.2947457726415956
0.294816824091691
0.2948878753806764
0.2949589265969249
0.2950299778311759
0.2951010292099984
0.2951720809302341
0.2952431332390792
0.2953141864716037
0.2953852409462489
0.2954562964617881
0.2955273524952592
0.2955984091341899
0.2956694664940201
0.2957405246496485
0.2958115836917322
0.2958826437071467
0.2959537048351916
0.2960247668199747
0.296095829295334
0.2961668922994612
0.2962379558712642
0.2963090200304078
0.29638008486887
0.2964511504807081
0.296522216947643
0.2965932843519298
0.296664352209093
0.2967354205268611
0.2968064892149622
0.2968775580317416
0.2969486266036381
0.2970196945066515
0.2970907614763034
0.2971618275669726
0.2972328930821124
0.297303958443309
0.2973750240063537
0.2974460892378605
0.2975171534524714
0.2975882169843115
0.2976592803285037
0.2977303437604594
0.297801407576258
0.2978724723894206
0.2979435387821089
0.2980146058381947
0.2980856736233871
0.2981567425632274
0.2982278134388309
0.2982988844057992
0.2983699556644477
0.2984410283396225
0.2985121034507874
0.2985831821474397
0.2986542643777568
0.298725348106236
0.2987964336500474
0.2988675207844509
0.2989386091143692
0.2990096976515918
0.299080785345994
0.2991518704478818
0.2992229519193972
0.299294030014112
0.2993651052847406
0.2994361788557279
0.2995072510272043
0.2995783202956873
0.2996493875266379
0.299720453824072
0.2997915203472264
0.2998625874046536
0.2999336547939254
0.300004721994048
0.3000757894496463
0.300146857822724
0.3002179273557851
0.300288997996054
0.3003600687964866
0.3004311403973574
0.3005022146997618
0.300573293671945
0.300644377004916
0.3007154618175152
0.3007865494248375
0.3008576403237516
0.3009287344560508
0.3009998310826668
0.3010709296058459
0.3011420285170494
0.3012131257608857
0.3012842188248432
0.3013553075568001
0.3014263926223314
0.3014974755101229
0.3015685550688685
0.3016396309951099
0.3017107045227178
0.3017817769259759
0.3018528495161618
0.3019239216359449
0.3019949925188263
0.3020660630436194
0.3021371339404412
0.3022082062238105
0.3022792809050075
0.3023503555297237
0.3024214300543072
0.3024925057561571
0.3025635844967832
0.302634668333753
0.3027057532831809
0.3027768405435264
0.3028479319787416
0.3029190281217389
0.3029901283049669
0.3030612315248422
0.3031323364971106
0.303203442005996
0.3032745477466373
0.3033456493428048
0.3034167466470366
0.3034878403405769
0.3035589320439592
0.3036300187489122
0.303701101535539
0.3037721816157694
0.3038432604711856
0.3039143393047233
0.3039854159011496
0.3040564911436248
0.3041275662277413
0.3041986416230705
0.3042697185275037
0.3043407977641304
0.3044118768181656
0.3044829556026712
0.3045540354125049
0.3046251181156605
0.3046962035922204
0.3047672905104883
0.3048383802085052
0.3049094749098799
0.3049805749972868
0.305051678714064
0.3051227850676875
0.3051938943969135
0.3052650053730418
0.3053361167471614
0.3054072272819274
0.3054783337537179
0.3055494367644016
0.3056205359068622
0.3056916296515469
0.3057627193498086
0.3058338062110819
0.3059048918948711
0.3059759766150043
0.3060470590186362
0.3061181400719212
0.3061892209547838
0.3062603021793354
0.3063313845115445
0.3064024682020293
0.3064735521816123
0.3065446360186725
0.3066157206732012
0.3066868082117732
0.3067578959936411
0.3068289853627987
0.3069000779515918
0.3069711760831118
0.307042278154273
0.3071133825478084
0.3071844904987738
0.3072556021548632
0.3073267168573453
0.3073978337430833
0.3074689509536136
0.3075400666430153
0.3076111785551738
0.3076822851402122
0.3077533864345647
0.3078244836779879
0.3078955781774913
0.3079666716129948
0.3080377616505393
0.3081088491111986
0.3081799351945353
0.3082510212186073
0.3083221075317738
0.3083931934637
0.308464279159873
0.3085353656737342
0.3086064533952405
0.3086775428504169
0.3087486326459307
0.3088197228562483
0.3088908148485916
0.3089619108332159
0.3090330120255737
0.3091041150067023
0.3091752211579709
0.3092463319895126
0.3093174473840035
0.3093885664380434
0.3094596878429737
0.3095308101689699
0.3096019321201188
0.3096730503175624
0.309744163142921
0.3098152706790222
0.3098863741043566
0.3099574749888852
0.3100285731273628
0.3100996670428404
0.310170758279101
0.3102418482330215
0.3103129382077824
0.310384027198905
0.310455115101673
0.3105262029638083
0.3105972921175996
0.3106683831608784
0.310739475748037
0.3108105681151982
0.3108816610120926
0.3109527561069744
0.3110238559185489
0.3110949576600269
0.3111660617730005
0.3112371698298465
0.3113082834995392
0.3113794023077222
0.3114505242291336
0.3115216493344363
0.3115927762505554
0.3116639035367724
0.3117350300690523
0.3118061518565076
0.3118772689678363
0.3119483822917714
0.3120194934351505
0.3120905992829424
0.3121617013041103
0.3122328009116656
0.312303899711715
0.3123749985327156
0.3124460954500152
0.3125171915770055
0.3125882875157694
0.3126593849179644
0.3127304842808711
0.3128015840353172
0.3128726835588265
0.3129437836450594
0.313014886751658
0.3130859922309827
0.3131570992918908
0.3132282097449551
0.3132993254895638
0.3133704465552658
0.313441570487202
0.3135126981595703
0.3135838299304193
0.313654964952069
0.3137261011128646
0.3137972374061592
0.3138683686602118
0.3139394948281919
0.3140106171880268
0.314081735532789
0.314152848164659
0.3142239566219304
0.3142950623836938
0.3143661670082034
0.3144372695967056
0.3145083697598162
0.3145794685906555
0.314650567229135
0.3147216662121309
0.3147927657356046
0.3148638649827308
0.3149349647755538
0.3150060655148498
0.315077167231256
0.3151482702224139
0.315219373217658
0.3152904774071542
0.3153615848045747
0.3154326971862746
0.3155038115632675
0.3155749282861839
0.3156460485938564
0.315717171929761
0.3157882969196515
0.3158594208218737
0.3159305389388162
0.3160016518706482
0.3160727613335224
0.3161438644660718
0.3162149617346589
0.3162860549280764
0.3163571455701425
0.316428234806206
0.3164993200284308
0.3165704027229872
0.3166414839535492
0.3167125649200166
0.3167836460986895
0.3168547264700508
0.3169258061414216
0.3169968863036313
0.3170679677184685
0.3171390510168742
0.3172101347161776
0.3172812184899151
0.3173523035993704
0.31742339193866
0.3174944843892808
0.3175655782683655
0.3176366748772995
0.3177077754945596
0.317778880555303
0.3178499892572642
0.3179211007140663
0.3179922142868329
0.3180633291251556
0.3181344448474345
0.3182055612920179
0.3182766780183446
0.3183477944885936
0.3184189098712727
0.3184900245727154
0.318561139626194
0.3186322557058862
0.3187033721324573
0.3187744889760708
0.3188456056507319
0.3189167244741676
0.3189878455968912
0.3190589677722605
0.3191300955359997
0.3192012276327571
0.3192723640176392
0.3193435091761684
0.3194146612022384
0.3194858207066517
0.3195569908781069
0.3196281715147012
0.3196993615818873
0.3197705623201179
0.3198417736057482
0.3199129946729301
0.3199842242418095
