-4.993749999999999
-4.98125
-4.96875
-4.95625
-4.94375
-4.931249999999999
-4.91875
-4.90625
-4.89375
-4.88125
-4.868749999999999
-4.85625
-4.84375
-4.83125
-4.81875
-4.806249999999999
-4.79375
-4.78125
-4.76875
-4.75625
-4.743749999999999
-4.73125
-4.71875
-4.70625
-4.69375
-4.681249999999999
-4.66875
-4.65625
-4.64375
-4.63125
-4.618749999999999
-4.60625
-4.59375
-4.58125
-4.56875
-4.556249999999999
-4.54375
-4.53125
-4.51875
-4.50625
-4.493749999999999
-4.48125
-4.46875
-4.45625
-4.44375
-4.431249999999999
-4.418749999999999
-4.40625
-4.39375
-4.38125
-4.368749999999999
-4.356249999999999
-4.34375
-4.33125
-4.31875
-4.306249999999999
-4.293749999999999
-4.28125
-4.26875
-4.25625
-4.243749999999999
-4.231249999999999
-4.21875
-4.20625
-4.19375
-4.181249999999999
-4.168749999999999
-4.15625
-4.14375
-4.13125
-4.118749999999999
-4.106249999999999
-4.09375
-4.08125
-4.06875
-4.056249999999999
-4.043749999999999
-4.03125
-4.01875
-4.00625
-3.993749999999999
-3.98125
-3.96875
-3.95625
-3.94375
-3.931249999999999
-3.91875
-3.90625
-3.89375
-3.88125
-3.868749999999999
-3.85625
-3.84375
-3.83125
-3.81875
-3.806249999999999
-3.79375
-3.78125
-3.76875
-3.75625
-3.743749999999999
-3.73125
-3.71875
-3.70625
-3.69375
-3.681249999999999
-3.66875
-3.65625
-3.64375
-3.63125
-3.618749999999999
-3.60625
-3.59375
-3.58125
-3.56875
-3.556249999999999
-3.54375
-3.53125
-3.51875
-3.50625
-3.493749999999999
-3.48125
-3.46875
-3.45625
-3.44375
-3.431249999999999
-3.41875
-3.40625
-3.39375
-3.38125
-3.368749999999999
-3.35625
-3.34375
-3.33125
-3.31875
-3.306249999999999
-3.29375
-3.28125
-3.26875
-3.25625
-3.243749999999999
-3.23125
-3.21875
-3.20625
-3.19375
-3.181249999999999
-3.16875
-3.15625
-3.14375
-3.13125
-3.118749999999999
-3.10625
-3.09375
-3.08125
-3.06875
-3.056249999999999
-3.04375
-3.03125
-3.01875
-3.00625
-2.99375
-2.98125
-2.96875
-2.95625
-2.94375
-2.93125
-2.91875
-2.90625
-2.89375
-2.88125
-2.86875
-2.85625
-2.84375
-2.83125
-2.81875
-2.80625
-2.79375
-2.78125
-2.76875
-2.75625
-2.74375
-2.73125
-2.71875
-2.70625
-2.69375
-2.68125
-2.66875
-2.65625
-2.64375
-2.63125
-2.618749999999999
-2.60625
-2.59375
-2.58125
-2.56875
-2.556249999999999
-2.54375
-2.53125
-2.51875
-2.50625
-2.493749999999999
-2.48125
-2.46875
-2.45625
-2.44375
-2.431249999999999
-2.41875
-2.40625
-2.39375
-2.38125
-2.368749999999999
-2.35625
-2.34375
-2.33125
-2.31875
-2.306249999999999
-2.29375
-2.28125
-2.26875
-2.25625
-2.243749999999999
-2.23125
-2.21875
-2.20625
-2.19375
-2.181249999999999
-2.16875
-2.15625
-2.14375
-2.13125
-2.118749999999999
-2.10625
-2.09375
-2.08125
-2.06875
-2.056249999999999
-2.04375
-2.03125
-2.01875
-2.00625
-1.993749999999999
-1.98125
-1.96875
-1.95625
-1.94375
-1.931249999999999
-1.91875
-1.90625
-1.89375
-1.88125
-1.868749999999999
-1.85625
-1.84375
-1.83125
-1.81875
-1.806249999999999
-1.79375
-1.78125
-1.76875
-1.75625
-1.743749999999999
-1.73125
-1.71875
-1.70625
-1.69375
-1.681249999999999
-1.66875
-1.65625
-1.64375
-1.63125
-1.618749999999999
-1.60625
-1.59375
-1.58125
-1.56875
-1.556249999999999
-1.54375
-1.53125
-1.51875
-1.50625
-1.493749999999999
-1.48125
-1.46875
-1.45625
-1.44375
-1.431249999999999
-1.41875
-1.40625
-1.39375
-1.38125
-1.368749999999999
-1.35625
-1.34375
-1.33125
-1.31875
-1.306249999999999
-1.29375
-1.28125
-1.26875
-1.25625
-1.243749999999999
-1.23125
-1.21875
-1.20625
-1.19375
-1.181249999999999
-1.16875
-1.15625
-1.14375
-1.13125
-1.118749999999999
-1.10625
-1.09375
-1.08125
-1.06875
-1.056249999999999
-1.04375
-1.03125
-1.01875
-1.00625
-0.9937499999999995
-0.9812499999999993
-0.96875
-0.9562499999999998
-0.9437499999999996
-0.9312499999999995
-0.9187499999999993
-0.90625
-0.8937499999999998
-0.8812499999999996
-0.8687499999999995
-0.8562499999999993
-0.84375
-0.8312499999999998
-0.8187499999999996
-0.8062499999999995
-0.7937499999999993
-0.78125
-0.7687499999999998
-0.7562499999999996
-0.7437499999999995
-0.7312499999999993
-0.71875
-0.7062499999999998
-0.6937499999999996
-0.6812499999999995
-0.6687499999999993
-0.65625
-0.6437499999999998
-0.6312499999999996
-0.6187499999999995
-0.6062499999999993
-0.59375
-0.5812499999999998
-0.5687499999999996
-0.5562499999999995
-0.5437499999999993
-0.53125
-0.5187499999999998
-0.5062499999999996
-0.4937499999999995
-0.4812499999999993
-0.46875
-0.4562499999999998
-0.4437499999999996
-0.4312499999999995
-0.4187499999999993
-0.40625
-0.3937499999999998
-0.3812499999999996
-0.3687499999999995
-0.3562499999999993
-0.34375
-0.3312499999999998
-0.3187499999999996
-0.3062499999999995
-0.2937499999999993
-0.28125
-0.2687499999999998
-0.2562499999999996
-0.2437499999999995
-0.2312499999999993
-0.2187499999999991
-0.2062499999999998
-0.1937499999999996
-0.1812499999999995
-0.1687499999999993
-0.1562499999999991
-0.1437499999999998
-0.1312499999999996
-0.1187499999999995
-0.1062499999999993
-0.09374999999999911
-0.08124999999999982
-0.06874999999999964
-0.05624999999999947
-0.04374999999999929
-0.03124999999999911
-0.01874999999999982
-0.006249999999999645
0.006250000000000533
0.01875000000000071
0.03125000000000089
0.04375000000000018
0.05625000000000036
0.06875000000000053
0.08125000000000071
0.09375000000000089
0.1062500000000002
0.1187500000000004
0.1312500000000005
0.1437500000000007
0.1562500000000009
0.1687500000000002
0.1812500000000004
0.1937500000000005
0.2062500000000007
0.2187500000000009
0.2312500000000002
0.2437500000000004
0.2562500000000005
0.2687500000000007
0.2812500000000009
0.2937500000000002
0.3062500000000004
0.3187500000000005
0.3312500000000007
0.3437500000000009
0.3562500000000002
0.3687500000000004
0.3812500000000005
0.3937500000000007
0.4062500000000009
0.4187500000000002
0.4312500000000004
0.4437500000000005
0.4562500000000007
0.4687500000000009
0.4812500000000002
0.4937500000000004
0.5062500000000005
0.5187500000000007
0.5312500000000009
0.5437500000000002
0.5562500000000004
0.5687500000000005
0.5812500000000007
0.5937500000000009
0.6062500000000002
0.6187500000000004
0.6312500000000005
0.6437500000000007
0.6562500000000009
0.6687500000000002
0.6812500000000004
0.6937500000000005
0.7062500000000007
0.7187500000000009
0.7312500000000002
0.7437500000000004
0.7562500000000005
0.7687500000000007
0.7812500000000009
0.7937500000000002
0.8062500000000004
0.8187500000000005
0.8312500000000007
0.8437500000000009
0.8562500000000002
0.8687500000000004
0.8812500000000005
0.8937500000000007
0.9062500000000009
0.9187500000000002
0.9312500000000004
0.9437500000000005
0.9562500000000007
0.9687500000000009
0.9812500000000002
0.9937500000000004
1.006250000000001
1.018750000000001
1.031250000000001
1.04375
1.05625
1.068750000000001
1.081250000000001
1.093750000000001
1.10625
1.11875
1.131250000000001
1.143750000000001
1.156250000000001
1.16875
1.18125
1.193750000000001
1.206250000000001
1.218750000000001
1.23125
1.24375
1.256250000000001
1.268750000000001
1.281250000000001
1.29375
1.30625
1.318750000000001
1.331250000000001
1.343750000000001
1.35625
1.36875
1.381250000000001
1.393750000000001
1.406250000000001
1.41875
1.43125
1.443750000000001
1.456250000000001
1.468750000000001
1.48125
1.49375
1.506250000000001
1.518750000000001
1.531250000000001
1.54375
1.55625
1.568750000000001
1.581250000000001
1.593750000000001
1.60625
1.61875
1.631250000000001
1.643750000000001
1.656250000000001
1.66875
1.68125
1.693750000000001
1.706250000000001
1.718750000000001
1.73125
1.74375
1.756250000000001
1.768750000000001
1.781250000000001
1.79375
1.80625
1.818750000000001
1.831250000000001
1.843750000000001
1.85625
1.86875
1.881250000000001
1.893750000000001
1.906250000000001
1.91875
1.93125
1.943750000000001
1.956250000000001
1.968750000000001
1.98125
1.99375
2.006250000000001
2.018750000000001
2.031250000000001
2.04375
2.05625
2.068750000000001
2.081250000000001
2.093750000000001
2.10625
2.11875
2.131250000000001
2.143750000000001
2.156250000000001
2.16875
2.18125
2.193750000000001
2.206250000000001
2.218750000000001
2.23125
2.24375
2.256250000000001
2.268750000000001
2.281250000000001
2.29375
2.30625
2.318750000000001
2.331250000000001
2.343750000000001
2.35625
2.36875
2.381250000000001
2.393750000000001
2.406250000000001
2.41875
2.43125
2.443750000000001
2.456250000000001
2.468750000000001
2.48125
2.49375
2.506250000000001
2.518750000000001
2.531250000000001
2.54375
2.55625
2.568750000000001
2.581250000000001
2.593750000000001
2.60625
2.61875
2.631250000000001
2.643750000000001
2.656250000000001
2.66875
2.68125
2.693750000000001
2.706250000000001
2.718750000000001
2.73125
2.74375
2.756250000000001
2.768750000000001
2.781250000000001
2.79375
2.80625
2.818750000000001
2.831250000000001
2.843750000000001
2.85625
2.86875
2.881250000000001
2.893750000000001
2.906250000000001
2.91875
2.93125
2.943750000000001
2.956250000000001
2.968750000000001
2.98125
2.993750000000001
3.006250000000001
3.01875
3.031250000000001
3.04375
3.056250000000001
3.068750000000001
3.08125
3.093750000000001
3.10625
3.118750000000001
3.131250000000001
3.14375
3.156250000000001
3.16875
3.181250000000001
3.193750000000001
3.20625
3.218750000000001
3.23125
3.243750000000001
3.256250000000001
3.26875
3.281250000000001
3.29375
3.306250000000001
3.318750000000001
3.33125
3.343750000000001
3.35625
3.368750000000001
3.381250000000001
3.39375
3.406250000000001
3.41875
3.431250000000001
3.443750000000001
3.45625
3.468750000000001
3.48125
3.493750000000001
3.506250000000001
3.51875
3.531250000000001
3.54375
3.556250000000001
3.568750000000001
3.58125
3.593750000000001
3.60625
3.618750000000001
3.631250000000001
3.64375
3.656250000000001
3.66875
3.681250000000001
3.693750000000001
3.70625
3.718750000000001
3.73125
3.743750000000001
3.756250000000001
3.76875
3.781250000000001
3.79375
3.806250000000001
3.818750000000001
3.83125
3.843750000000001
3.85625
3.868750000000001
3.881250000000001
3.89375
3.906250000000001
3.91875
3.931250000000001
3.943750000000001
3.95625
3.968750000000001
3.98125
3.993750000000001
4.006250000000001
4.01875
4.031250000000001
4.04375
4.056250000000001
4.068750000000001
4.08125
4.093750000000001
4.10625
4.118750000000001
4.131250000000001
4.14375
4.156250000000001
4.16875
4.181250000000001
4.193750000000001
4.20625
4.218750000000001
4.23125
4.243750000000001
4.256250000000001
4.26875
4.281250000000001
4.29375
4.306250000000001
4.318750000000001
4.33125
4.343750000000001
4.35625
4.368750000000001
4.381250000000001
4.39375
4.406250000000001
4.41875
4.431250000000001
4.443750000000001
4.45625
4.468750000000001
4.48125
4.493750000000001
4.506250000000001
4.51875
4.531250000000001
4.54375
4.556250000000001
4.568750000000001
4.581250000000002
4.593750000000001
4.60625
4.618750000000001
4.631250000000001
4.643750000000002
4.656250000000001
4.66875
4.681250000000001
4.693750000000001
4.706250000000002
4.718750000000001
4.73125
4.743750000000001
4.756250000000001
4.768750000000002
4.781250000000001
4.79375
4.806250000000001
4.818750000000001
4.831250000000002
4.843750000000001
4.85625
4.868750000000001
4.881250000000001
4.893750000000002
4.906250000000001
4.91875
4.931250000000001
4.943750000000001
4.956250000000002
4.968750000000001
4.98125
4.993750000000001
