0
0.001368699421580559
0.002728714027640111
0.00408768398848458
0.005447268256085924
0.006805216414150042
0.008158254255429008
0.009511173477242483
0.01086550520688893
0.01221508970449424
0.01356395833776946
0.01491410110221028
0.01626292866648405
0.01761070793703861
0.01895934160169002
0.02030902245178104
0.02165899076703411
0.02300888970803835
0.02435914121869131
0.02570988871823928
0.0270612236232466
0.02841319919421068
0.02976582855539258
0.03111912428429666
0.0324730035097334
0.03382740046160979
0.03518213336081984
0.03653704890378517
0.03789213290007254
0.03924735078592484
0.04060272925606494
0.04195823801657221
0.04331388159322275
0.04466965914565917
0.04602558588299541
0.04738166831784545
0.04873790343585378
0.05009428731481835
0.05145081359809087
0.05280747429869709
0.05416427004141239
0.0555212028382792
0.05687827737186671
0.05823549944478203
0.0595928745932426
0.06095040790861196
0.06230810068778482
0.06366596328936271
0.0650239006229975
0.06638189449092811
0.06773994280238263
0.06909804497079508
0.07045620197360558
0.07181441586252091
0.07317268829381461
0.0745310193179622
0.0758894125577648
0.07724787285607425
0.07860640491581516
0.079965018555782
0.08132373291543096
0.08268255848418517
0.08404150226770525
0.08540049070826679
0.08675952014943684
0.08811858914339397
0.08947769774356509
0.09083684727908821
0.09219604004325056
0.09355527899663307
0.09491456695477694
0.09627390609848617
0.09763329868449007
0.09899274898953142
0.1003522668115225
0.1017118666871607
0.1030715582975061
0.1044311018048178
0.1057902398066166
0.1071489061590413
0.1085072661897059
0.1098651003131619
0.1112226406863939
0.1125797625128061
0.1139365772478047
0.1152932512116917
0.1166495685115062
0.1180057028385123
0.1193617845317618
0.120717723975402
0.122073548536165
0.1234293593872315
0.1247851701570845
0.1261409752879623
0.1274967623374288
0.1288524491038631
0.1302080222395029
0.1315634719387362
0.1329188832154331
0.1342741658762538
0.1356293128781587
0.1369843404982074
0.138339302808842
0.1396942791019717
0.1410491924388709
0.142404006604172
0.1437587689027052
0.145113514439019
0.1464682913420014
0.1478230955331528
0.1491779259814646
0.1505327424981558
0.1518875609230513
0.1532423881579972
0.1545972291143024
0.1559520921303851
0.1573069710926153
0.1586618710450742
0.1600167983453635
0.1613717597819159
0.1627267414807053
0.1640817959695334
0.1654369980907187
0.1667922172100758
0.1681474218513851
0.1695026557920432
0.1708580124096797
0.1722135883765247
0.1735692942327168
0.1749249617458607
0.1762807174302348
0.1776366566731135
0.1789928253007596
0.1803492553848036
0.1817059630726089
0.1830627630045124
0.1844197016444365
0.1857768042051546
0.1871340853041539
0.1884915572086174
0.1898492262714273
0.1912070831122058
0.1925650961493596
0.1939232378397217
0.1952814849289326
0.1966398135233033
0.197998202685952
0.1993566375639577
0.2007151038997216
0.2020735733409863
0.2034320526625995
0.2047905435690899
0.2061490508828681
0.2075075734005662
0.2088661110473316
0.2102246661472578
0.2115832398477346
0.2129418325576374
0.2143004448519927
0.2156590754926085
0.2170177230391402
0.2183763869316582
0.219735067984091
0.2210937642819888
0.2224524742361685
0.2238111973521219
0.2251699351395154
0.2265286902250723
0.2278874611894933
0.2292462333453679
0.2306050099333881
0.2319637947966618
0.2333225893793873
0.2346813923908562
0.2360402023916115
0.2373990138345468
0.2387578285609711
0.2401166483858437
0.2414754745831177
0.2428343035624091
0.2441931378507199
0.2455519798432939
0.2469108284071562
0.248269681545581
0.249628538036763
0.2509873979707632
0.2523462629775889
0.2537051351361021
0.2550640119769653
0.2564228904245268
0.2577817709405284
0.2591406545219889
0.2604995430787764
0.2618584389820579
0.2632173445364357
0.2645762612097436
0.2659351886161777
0.2672941292268988
0.2686530849017771
0.2700120434524967
0.2713710039437657
0.2727299668159612
0.2740889329063434
0.2754479038368661
0.2768068813675314
0.2781658667921296
0.2795229927204561
0.2808769768489788
0.2822219285353108
0.2835591305950288
0.2848975714712715
0.2862205979682598
0.2875443895910937
0.2888552212645317
0.2901626904321364
0.2914669496950879
0.2927600106004771
0.2940562213117778
0.2953373336215679
0.2966168872077847
0.2978937501626671
0.299160582622675
0.3004309326073453
0.30169009449369
0.3029467642118179
0.3042064505002257
0.305454388187211
0.3067042357820257
0.3079499142707341
0.3091904965607719
0.3104355649049864
0.3116732104759704
0.3129099157714478
0.3141520015532556
0.3153855458840527
0.3166203962580653
0.3178589966550853
0.3190922350241086
0.3203272217369349
0.3215650850539288
0.3227996212455453
0.3240358916094525
0.3252760361291596
0.3265135483753066
0.3277523139615309
0.3289945868620539
0.33023467044896
0.3314760563628721
0.3327211079813849
0.3339644927395981
0.3352089665275281
0.3364565488177623
0.337703019627817
0.3389503879891002
0.3402003936875759
0.3414505282317803
0.3427011290601004
0.3439538145947657
0.345207796989052
0.3464618158604275
0.3477174971598314
0.3489758515674333
0.35023410325369
0.3514929942392927
0.3527531753218114
0.3540159148985637
0.3552782326385051
0.3565407073104681
0.3578045127373419
0.3590715442838437
0.3603388338749807
0.3616062355005226
0.3628750660846585
0.3641474520587378
0.3654220269010474
0.3666968885690001
0.3679728363772169
0.3692515075443031
0.3705302309180356
0.3718092199257512
0.3730892836590962
0.3743716324316859
0.3756540922807238
0.3769366947373946
0.3782201159216169
0.3795061203821065
0.3807921165944453
0.3820780022043105
0.3833646082131959
0.3846538902257401
0.385943044131295
0.3872317742966488
0.3885212989187468
0.38981364041322
0.3911056857117851
0.3923971335987808
0.393689741872033
0.3949846899540763
0.3962792149480518
0.3975731654552266
0.3988688935126083
0.4001662700419241
0.4014630977126044
0.4027598628575331
0.4040589273452919
0.4053584647688251
0.4066575312439438
0.4079570967665505
0.4092588251189291
0.4105600205445305
0.4118608541954014
0.413162930949352
0.4144661354891139
0.4157687920139346
0.4170712850879265
0.4183757904064647
0.4196802137706206
0.4209841974801742
0.4222885581090313
0.4235944662393458
0.4248998071950276
0.4262049447341351
0.4275110544729588
0.4288176265911967
0.4301235455679208
0.4314295230738028
0.432736948811242
0.4340435670434707
0.4353497147627969
0.4366562549172662
0.4379633354190706
0.4392696264686414
0.4405757756160448
0.4418829028605615
0.4431894568911564
0.4444954695814495
0.4458016965497764
0.4471083940503655
0.4484143907578652
0.4497201248065233
0.4510264820650582
0.4523324265474372
0.4536378871115751
0.4549434350944401
0.4562492048130836
0.4575544188814138
0.4588594168221264
0.4601648798417792
0.4614697845792504
0.4627743325984985
0.4640790426650882
0.4653835665640222
0.4666876866406632
0.4679917625748845
0.4692958630419948
0.4705995560243739
0.4719030519170928
0.4732067745144307
0.4745100549076525
0.4758131166301922
0.4771163243846941
0.478419202031264
0.4797218784140692
0.4810246022042319
0.4823271616331006
0.4836295349603357
0.4849318885741157
0.4862340645122085
0.4875360905352563
0.4888380129225889
0.4901398679518164
0.4914414989382114
0.4927430297378902
0.4940445733222538
0.4953460589934798
0.4966473110690421
0.497948591833501
0.4992499566513803
0.50055117431782
0.5018523241714511
0.5031535568947143
0.5044549440764027
0.5057561684413141
0.5070574393435807
0.5083588381265305
0.5096604600790652
0.5109619654492932
0.512263574410427
0.5135654103159157
0.5148675110445023
0.5161696283920579
0.5174719160380181
0.5187744758030556
0.5200773282298549
0.5213803676357228
0.5226836008658836
0.5239871025966391
0.5252908816236761
0.5265949501679312
0.5278993306772075
0.5292040004854216
0.5305089926411033
0.5318142849117654
0.5331200054727681
0.5344261747575074
0.53573268165882
0.5370395344584018
0.5383468634307316
0.5396547785265992
0.5409632046547674
0.5422720023525324
0.5435813016340916
0.544891222397143
0.5462020086142844
0.5475131688828205
0.5488246591922099
0.5501361865462869
0.5514477545245882
0.5527593672199693
0.5540710335334439
0.5553827109747534
0.5566943986992152
0.5580060983069972
0.5593178121543875
0.5606295431666491
0.5619412948526568
0.5632530710155249
0.5645648762088469
0.5658767144677594
0.5671885812820502
0.5685004621667992
0.5698123545016968
0.5711242566862436
0.572436168053026
0.5737480883899085
0.5750600184098655
0.5763719609586317
0.5776839229323246
0.5789959101229694
0.5803079180708831
0.5816199421478467
0.5829319784890196
0.5842440247519431
0.5855560803784819
0.5868681454621463
0.5881802205621487
0.5894923077245875
0.590804411091532
0.5921165349136496
0.5934286825075555
0.5947408453745177
0.5960530184832378
0.5973652008400231
0.5986773927233178
0.5999895947857624
0.601301808102306
0.6026140346432495
0.6039262780457476
0.6052385423536606
0.6065508283934365
0.6078631381241556
0.6091754583239228
0.6104877875250173
0.6118001243392096
0.6131124680838558
0.6144248180026533
0.6157371755617854
0.6170495480583994
0.6183619409227447
0.6196743597498062
0.6209868135352689
0.6222993121512701
0.6236118195194991
0.6249243358553735
0.6262368606682145
0.6275493929902457
0.628861935411533
0.6301744916545789
0.6314870660767983
0.6327996626913515
0.6341122875982428
0.6354249490467209
0.6367376534505825
0.6380503592092944
0.6393630704702559
0.640675789099991
0.641984893116224
0.6432973419053207
0.6445933022910151
0.6458901795880136
0.6471759223996927
0.6484572268153923
0.6497412188675006
0.6510107562028559
0.6522822101261606
0.6535442678860579
0.654801965500548
0.6560656752525447
0.6573156021324382
0.6585660887051703
0.6598134891345704
0.6610541975063332
0.6622990518541957
0.6635372415365945
0.664773183455612
0.6660146779467008
0.6672463936603981
0.668479432791889
0.6697160533372043
0.6709463613867712
0.6721787556451964
0.6734129131075962
0.6746437213110631
0.6758768065672907
0.6771127043980164
0.678346261183889
0.6795816677868459
0.6808200466902489
0.6820565553572752
0.6832947931911459
0.6845359319937883
0.6857755539129541
0.6870168624365682
0.6882611730684343
0.6895041937815751
0.6907487054199123
0.6919963667691261
0.6932433452909095
0.6944914424085342
0.6957421726375371
0.6969932157127234
0.6982449647005892
0.6994988822318695
0.7007542565650053
0.7020098725942236
0.7032671003987728
0.7045266432614073
0.7057870967101515
0.7070478482155026
0.7083094774535776
0.7095735483413347
0.7108379954628313
0.7121024717073104
0.7133679575333378
0.7146362952340773
0.7159086548914776
0.7171813687546607
0.7184545511117953
0.7197301657124215
0.7210082050842354
0.7222867447684412
0.7235659132477864
0.7248473296322453
0.7261297246171872
0.7274125704065696
0.7286957703862366
0.7299810043627104
0.7312673090108864
0.7325539386912889
0.7338406562919557
0.7351292697452679
0.7364191207694358
0.7377091254482969
0.73899906231056
0.7402908695243874
0.7415838821100259
0.7428768596437754
0.7441698055357079
0.7454647858888854
0.7467607756246806
0.7480564773473775
0.7493523797713094
0.750650622578601
0.7519493097293352
0.7532475427372527
0.7545463047499071
0.7558476122200086
0.7571484707329725
0.7584488403391556
0.7597503122802929
0.761051996464374
0.7623529423772557
0.7636527034053853
0.7649514913487261
0.7662495663132296
0.7675467695149637
0.7688428952105184
0.7701382132061523
0.7714329940520803
0.7727268132872966
0.7740196571381394
0.7753118415905694
0.7766036418096801
0.777894429252911
0.7791843551127275
0.7804737774802141
0.7817628279006396
0.7830509341484924
0.7843382879756011
0.785625275739548
0.7869118649805111
0.7881976062924588
0.7894827291967094
0.7907676085901384
0.7920520047512569
0.7933356530331056
0.794618836775984
0.7959018835491489
0.7971843361377295
0.7984661337255164
0.7997476342964204
0.8010290990786205
0.8023098432897124
0.8035900994518902
0.8048701939850779
0.8061501657914396
0.8074294835067244
0.8087084943498145
0.809987463633809
0.811266210822662
0.8125444981809309
0.8138226262538405
0.8151007906674771
0.816378737489116
0.8176563535983573
0.8189339029235019
0.8202115030405702
0.8214890860263563
0.8227663838148985
0.8240436539120278
0.8253209866892653
0.8265985005595375
0.827875940196089
0.8291533050997176
0.8304307027937349
0.8317082594324469
0.8329860309638801
0.8342639659060849
0.8355418867573005
0.8368199469620952
0.8380982055171656
0.8393766991535424
0.8406554397080381
0.8419343758885249
0.843213522278189
0.8444928777391102
0.8457724513948829
0.8470522784466801
0.8483323549321111
0.8496126097456259
0.8508930626997954
0.8521737218569035
0.8534546923857987
0.8547362947079667
0.8560182380353085
0.8573003499231937
0.8585826826553775
0.8598657062735463
0.8611501322726594
0.862434689612902
0.8637192369650704
0.865004484996135
0.8662912951435133
0.8675792766699887
0.8688670011118913
0.8701554906754672
0.8714458133956029
0.8727377881758339
0.8740297021066317
0.8753227542898979
0.8766179291616931
0.8779149257122129
0.8792123442144592
0.880509968268384
0.8818077403396457
0.8831057241322839
0.8844040441646729
0.8857027087808478
0.8870015916452214
0.8883007554704574
0.8896003615550353
0.8909005048819528
0.8922009719015171
0.8935018146972146
0.8948031903517255
0.8961052588455359
0.8974078658558508
0.8987109150047968
0.900014595322957
0.901319008960479
0.9026243162624599
0.9039301030537999
0.9052365452382218
0.9065438145101457
0.9078522472060697
0.909161197794398
0.9104708136842827
0.911781401834074
0.9130933294424215
0.9144058050916066
0.9157189534276778
0.9170333610216777
0.9183491514627795
0.9196654831016126
0.9209818851042257
0.9222983101430705
0.9236147628429116
0.9249312477524586
0.9262477692807872
0.9275643331171444
0.9288809429679397
0.9301975649097265
0.9315141992410348
0.9328308454168699
0.9341475037667315
0.9354641774860224
0.9367808706333671
0.9380975871530773
0.9394143310679326
0.9407311062189271
0.94204791698942
0.9433647708136585
0.944681639792424
0.9459985197686437
0.9473154091973881
0.948632306431247
0.9499492129990204
0.9512661333951573
0.9525830718289605
0.9538994105211933
0.9552153322162773
0.9565309420606131
0.9578461708232107
0.9591608575446274
0.9604751813532384
0.9617892422196928
0.96310304362942
0.9644163667585177
0.9657293543176049
0.9670420736835152
0.9683546081490403
0.9696668173285683
0.9709787088159018
0.9722903253913702
0.9736017076966959
0.9749129160010277
0.9762239508840154
0.9775347343557249
0.9788452672492598
0.9801555781110958
0.981465711924849
0.9827757243662333
0.9840856534345381
0.9853954791695839
0.9867051181200233
0.9880146033658257
0.9893239749521702
0.9906332690505952
0.9919425424078859
0.9932518261517813
0.9945611048371458
0.9958703216080819
0.997169460997979
0.9984705059594757
0.9997577101248734
1.001042464148389
1.002324657619123
1.003596131941851
1.004871186317095
1.00613312123469
1.007393267452659
1.008654159795415
1.009903998678351
1.01115668679903
1.012401519016496
1.013642677491016
1.014889559977437
1.016124644919718
1.017360360916856
1.018595822415905
1.019824497841931
1.021056622757414
1.022285625691662
1.023511762394604
1.024742052681621
1.025967874464739
1.027193218155606
1.028422785918497
1.029649790245864
1.030876816738023
1.032107489099384
1.033336825925555
1.03456628461833
1.035799117649074
1.037031673987803
1.038264259597054
1.039499908757875
1.040735521153816
1.041971301452962
1.043209888132551
1.044449284176528
1.045688724262772
1.04693054406568
1.048173759254134
1.04941684024422
1.050661785911204
1.051909433041413
1.053156583172177
1.054405107891944
1.055656358758633
1.056907836419464
1.058160308999825
1.059414251994462
1.060670763284367
1.06192733162519
1.063184337542601
1.064442617481549
1.065703882580312
1.066965068533438
1.068226610374977
1.069489613117427
1.070756051276903
1.072025602766521
1.073295757055214
1.07456684711436
1.075841118884672
1.077115895409876
1.078391436882289
1.079667989294635
1.080946676391067
1.082225729608411
1.083505511146941
1.084786260228025
1.086068847457878
1.08735180344723
1.088635566976082
1.089920313922545
1.091206753683688
1.092493591196952
1.09378127584064
1.095069992426544
1.096360146105964
1.097650747180137
1.098942091826711
1.10023464575001
1.101528260240368
1.102822363716907
1.104116972226165
1.105413085147844
1.106709884514507
1.108007108416152
1.109304747796113
1.110604091315214
1.111903609160146
1.113203362168374
1.11450347292721
1.115805273942372
1.117107145777418
1.118409179425059
1.119710248143648
1.121010401516139
1.122309792028896
1.123607947002219
1.124905016486767
1.126201230178849
1.127496695101485
1.128791079361152
1.13008444023321
1.131376979654718
1.132668792999866
1.133959691703208
1.135249619875443
1.136538752025008
1.13782721069059
1.139114901715804
1.140401671248749
1.141687658560379
1.142973045846745
1.144257798592516
1.145541710734925
1.14682486939485
1.148107471009257
1.149389540247785
1.150670854987047
1.15195161295907
1.153231993005954
1.154511759852701
1.155790873161748
1.157069601994796
1.158348158261446
1.159625999855776
1.160903343391345
1.162180478589551
1.163457404201973
1.16473373386843
1.166009740732402
1.167285667613764
1.168561392880395
1.169836658436432
1.17111173786111
1.17238684393716
1.173661818395379
1.17493645165552
1.17621099707172
1.177485636189668
1.178760368262052
1.180034814203449
1.181309227526197
1.182583744199735
1.183858487953328
1.185133264106159
1.18640798199512
1.187682828043874
1.188957898816119
1.190233319946482
1.191508985895924
1.192784729860481
1.194060723651823
1.195337050761641
1.196613720879433
1.197890768480205
1.199168165601397
1.200445848965431
1.201723867976855
1.203002183967754
1.204280797232503
1.205559799909498
1.206839126575988
1.20811870858195
1.209398574941124
1.210678770638238
1.211959493735991
1.213241057652621
1.214522886877899
1.215804996860196
1.217087568254527
1.218371464852749
1.21965633335484
1.220941392628635
1.222226869689992
1.2235138247722
1.224802774672531
1.226091694851858
1.227381201623448
1.228672373817761
1.229966256739164
1.231260026841508
1.232554668099375
1.233851374487994
1.235151002120689
1.236450913781828
1.237752197258157
1.239055021809116
1.240357900086331
1.241660857085193
1.242964119457695
1.244267652692292
1.245571193335056
1.246874873883321
1.248179024370507
1.249483555579286
1.250788153963877
1.252093035464234
1.253398632783757
1.25470460336157
1.256010705920137
1.257317224753502
1.258624962769871
1.259932877438814
1.261240980545632
1.262549577787669
1.263859816055268
1.265170226709598
1.266480923755155
1.267792559206563
1.269105640132039
1.270418914516722
1.271732484112339
1.273047594713063
1.274363637799522
1.275679688328844
1.276995752664465
1.278311836052553
1.279627613322581
1.280942692208969
1.282257164839151
1.283570720728359
1.28488350616679
1.286195666758533
1.28750714739173
1.288817777374839
1.290127705459686
1.291437089876813
1.292745735674869
1.294053620277676
1.295360870151282
1.296667645759651
1.297973631015813
1.299278944817565
1.300583705859388
1.301887921792078
1.303191430220539
1.304494353538068
1.305796801638248
1.307098630374316
1.308399836129781
1.309700533061803
1.311000764663744
1.312300364896506
1.3135994136564
1.314898017657272
1.316196078735645
1.317493573567608
1.318790581172943
1.320087159907326
1.321383154403679
1.322678637043807
1.323973697171349
1.325268263349676
1.326562289715076
1.327855858660059
1.329149038970732
1.330441660939053
1.331733797233637
1.333025550341367
1.334316873518547
1.335607662571551
1.336898008603415
1.338188037225873
1.339477622319177
1.340766705244162
1.342055402324988
1.343343893100544
1.344631983378414
1.345919587750197
1.347206886907625
1.348494079278283
1.349780900578802
1.351067309191278
1.352353523644802
1.353639697555128
1.354925555987157
1.356211093283794
1.357492187185529
1.358764608877207
1.36004124639255
1.361304958583367
1.362567359743384
1.363829595382865
1.365081961105683
1.366337326908255
1.36758571458837
1.368830453142292
1.370080567520441
1.371319797576988
1.372559590198257
1.373800676286662
1.37503463678539
1.376271450799246
1.377506684132238
1.378738725605099
1.379974150330024
1.381207538291467
1.382439562684433
1.383674899772146
1.384909827583813
1.386143899320273
1.38738071755411
1.388617858837127
1.389854351264229
1.391093417341428
1.392333775976324
1.393573472459025
1.39481541099729
1.396058858034765
1.39730175058986
1.398546624534467
1.399793829523454
1.401040292227798
1.402288315965938
1.403539234991674
1.404789324526
1.406040530018451
1.40729422648885
1.408548363726972
1.409803129275191
1.411059683857017
1.412318561883309
1.413577535914071
1.414836869467491
1.41609752891082
1.417360454405747
1.41862302000428
1.419885768878576
1.421150073613708
1.422417812141181
1.423686645458932
1.424955640997302
1.426225912434099
1.427499656867394
1.428774983959532
1.430050464634205
1.431326985808364
1.432606018911048
1.433885045395174
1.435164164538175
1.436444253550105
1.437726963706676
1.439009664685312
1.440292331437724
1.441575824018508
1.442862000270072
1.444148124713292
1.44543409344291
1.446720909905125
1.448010425584727
1.449299864711839
1.450588931932568
1.451879070455092
1.453171792637592
1.454464346177505
1.455756524647646
1.45705016118269
1.458345594130916
1.459640780476451
1.460935755182612
1.462232761554385
1.463530553514063
1.464828019294637
1.466125756792587
1.467425959727167
1.468725861200271
1.470025565669366
1.471326087664592
1.472627983537821
1.473929546451736
1.475230773455876
1.476531177805785
1.477830536343831
1.479128816054114
1.480426002396138
1.481722264015765
1.483017405859244
1.484311347502733
1.485604345346153
1.486896608133789
1.48818768242581
1.489477722056285
1.490767012192454
1.492055596191363
1.49334311047244
1.494629787361529
1.49591585192593
1.497201283709426
1.49848581608979
1.499769649729153
1.501052933476194
1.502335610375018
1.503617588022826
1.504899038197514
1.506179869933592
1.5074600586267
1.508739737513598
1.510018969850737
1.511297465872988
1.512575458095748
1.513853066974817
1.51513020188982
1.516406710025142
1.517682793052571
1.518958613635006
1.520233977889348
1.521508846433533
1.522783418179804
1.524057863707821
1.52533193623883
1.526605645652283
1.527879205882343
1.529152786280828
1.530426094106911
1.531699175353126
1.532972204709292
1.534245262763181
1.535518389655836
1.536791312119433
1.5380641746508
1.539337074779775
1.540610109672968
1.54188330784809
1.543156463235991
1.544429633124484
1.545702917834975
1.546976360360231
1.548250017410623
1.549523905504169
1.550797976993261
1.552072205656283
1.553346621318838
1.554621238276994
1.55589609683593
1.55717118396461
1.558446461682347
1.559721975013008
1.560997753027585
1.56227395571839
1.563550596666046
1.564827454453001
1.566104588766269
1.567382108086235
1.5686605583988
1.569939707321444
1.571219103126241
1.572498816832465
1.573779579878562
1.57506216845404
1.576345043597432
1.577628056986629
1.578912290513277
1.58019874228272
1.58148601538258
1.582773559695247
1.584062520135476
1.585353989758327
1.586646606989387
1.587939819720036
1.589234844260675
1.59053266141682
1.591831684808896
1.593131886335365
1.594434316219234
1.595739670690415
1.597045797647026
1.598352382303855
1.599659082214342
1.600966016258271
1.602273330297474
1.603581314499435
1.604889502278837
1.606197961578497
1.607506778023071
1.608816311792903
1.610126387221985
1.611436713776814
1.612747375801425
1.614058674489322
1.615371043613272
1.616683581966235
1.617996347852349
1.619310048931227
1.620624344792119
1.621938729178033
1.623253217643923
1.624567827850263
1.625882460106655
1.627197107120238
1.628511778397356
1.629826480562227
1.631141221057886
1.63245600599127
1.633770839645349
1.635085725644032
1.636400667242982
1.637715667680846
1.639030730217259
1.640345485714569
1.641659580137109
1.642972762848475
1.644285105582746
1.645596700733559
1.646907588680504
1.648217708094038
1.649526988386075
1.650835488713377
1.652143304199553
1.653450433830591
1.654756736903841
1.656062331820486
1.657367354264166
1.658671598268265
1.659975069937416
1.66127791813599
1.66258027402372
1.663881842206116
1.665182742946225
1.666483105997348
1.667782913277011
1.669082011638819
1.670380526907008
1.671678600603212
1.672976034422998
1.674272835141362
1.675569120953904
1.676865020263856
1.678160233276061
1.679454871840874
1.680749047986867
1.682042806491435
1.683335952392173
1.684628573300598
1.685920779569003
1.687212547603168
1.688503796283636
1.689794595630717
1.691085045115527
1.692375012882521
1.693664533094766
1.694953718440515
1.696242616623528
1.697531016802349
1.69881902156498
1.700106755886178
1.701394373274997
1.702681517887276
1.703968287982843
1.70525487346483
1.706541402474199
1.707827534690466
1.709113383766496
1.710393339538945
1.711673865404075
1.712947191958186
1.714214294022103
1.715486564581602
1.71674581032179
1.71800461793706
1.719261617275029
1.720510518313629
1.721762997605726
1.723008721024618
1.7242514636421
1.725499629657439
1.726737197226295
1.7279757962928
1.729216509140632
1.73045053253399
1.731687059359162
1.73292286569991
1.734155631674853
1.735391381016731
1.736627028040951
1.737860951441477
1.739097571675274
1.74033516939598
1.741571549801355
1.742810238914222
1.744050128949126
1.745289034225751
1.746530156210236
1.747773225259382
1.749015410282896
1.750259522426028
1.75150612141386
1.752751817360711
1.7539991096736
1.755249428441456
1.756498893418088
1.757749513585777
1.759002651682671
1.760256099197135
1.761510213577433
1.762766402765208
1.764024308802706
1.765282495268666
1.766541578889283
1.767802530402902
1.769064944718497
1.770327294199737
1.771590068355553
1.772854887508717
1.774121861920429
1.775388654179127
1.776655831898147
1.777925264937554
1.779198949383476
1.780473213317939
1.781747595547051
1.78302374184556
1.784302404882009
1.785581093636706
1.786859755720693
1.78813997948011
1.789422347515637
1.790704678625193
1.791986657428507
1.793269927498732
1.794555800034344
1.795841463633051
1.797126511719796
1.798412793596503
1.79970163446634
1.800990086119014
1.802277812695795
1.803567057965928
1.804858682021817
1.806149722618711
1.807440251956381
1.808732682886015
1.810026952106101
1.811320462755816
1.812613916413107
1.813909726923004
1.815206194896237
1.816501915775713
1.817798166385013
1.819097037108405
1.820395177861123
1.821692739697885
1.822991575857545
1.824291916654042
1.825591498015094
1.826890791747149
1.828190633492568
1.829489845728075
1.830787805435288
1.832084873305368
1.833381351833617
1.834676992719867
1.835971535876221
1.837265369055589
1.838558717416468
1.839851103438166
1.841142557872768
1.842433427630286
1.8437238519647
1.845013285273647
1.846301892478518
1.847589971332814
1.848877610783224
1.850164318641701
1.851450265842224
1.852735700927911
1.854020723277654
1.855304921316721
1.856588406533632
1.857871394362777
1.859154026302173
1.860435956718198
1.861717231433526
1.862998088663338
1.864278701893956
1.865558684067411
1.866838116199829
1.868117257117911
1.869396279759247
1.870674725711456
1.871952747754472
1.873230600719471
1.874508477351134
1.875785842813167
1.877062924910197
1.87833994407917
1.87961704645021
1.880893795307021
1.882170357367731
1.883446924515206
1.884723592742558
1.886000222739216
1.887276676750288
1.888553129412163
1.889829682176808
1.891106440985228
1.892383212276995
1.893659961445338
1.894936797882021
1.896213874319632
1.897491235091474
1.898768841264792
1.900046545465935
1.901324469358606
1.902602635963142
1.903881074184078
1.905159784902044
1.906438723764271
1.907717903569456
1.908997290948965
1.910276906510043
1.9115567549116
1.912837044097688
1.914117514593657
1.915398139813071
1.916678959236658
1.917960180311079
1.919242354385052
1.920524684456996
1.921807135043005
1.923089878145985
1.92437372676165
1.925658791212185
1.926943757121343
1.928228985755966
1.92951538461153
1.930803891465935
1.932092116638664
1.933380706880234
1.934670807307018
1.935963365007808
1.937255915844089
1.938549333052301
1.939844598331957
1.941142531847053
1.942440822347818
1.943740439168931
1.945042194239208
1.94634454742784
1.94764729065189
1.948950453705493
1.95025385871644
1.951557578282562
1.952861736524579
1.954166521208546
1.955471606738336
1.956777056620053
1.958083001490344
1.959389646259693
1.960696810995169
1.962004368583662
1.963312422961502
1.964621279386683
1.965930949493872
1.967241000092023
1.968551560041481
1.969863061337166
1.971175576794064
1.972488465442897
1.973801863926045
1.975116509092266
1.976432184477895
1.977748232248687
1.979064941046823
1.980383456140431
1.981702420674611
1.983021767170715
1.984342014808817
1.985661715640547
1.986980777575742
1.988299075115773
1.98961637081291
1.990932932941097
1.992248879484776
1.993563894865992
1.994878051955965
1.996191506985454
1.997504236573507
1.998816118284829
2.000127174041396
2.001437445032473
2.002746947625129
2.004055708722807
2.005363658701897
2.006670796688384
2.00797719823716
2.009282940641923
2.010587893246156
2.011892091255195
2.013195648012228
2.014498553257372
2.015800678181451
2.017102166118438
2.018403119773959
2.019703259310507
2.021002735067821
2.02230170393326
2.023599970449372
2.024897516554347
2.026194524378991
2.027491030309081
2.028786773402229
2.030081916282324
2.031376619068661
2.032670670216937
2.033964057510554
2.035256954806364
2.036549404791114
2.037841167486524
2.039132376924115
2.040423159986446
2.041713400453246
2.043003070613489
2.044292260572263
2.045581049970337
2.046869294950073
2.048157051328987
2.049444386194399
2.050731335073416
2.052017854291866
2.053303894457291
2.05458954187992
2.055874828730036
2.057159794072995
2.058444404308676
2.059728614444221
2.061012509274105
2.062295286192691
2.063578750261327
2.064853343654546
2.066122645120854
2.06739769111079
2.068657624144992
2.069918332807901
2.071173846864796
2.072423068560176
2.073677000254379
2.074920964229775
2.076163637187865
2.077408075750431
2.078643387218591
2.079881198546462
2.081116645304036
2.082347530383091
2.083582464643059
2.084811843755944
2.086040362496308
2.087273359732865
2.088501507262808
2.089729956618095
2.090962636993272
2.092191876331578
2.093421725901226
2.094655455170556
2.09588718783577
2.097119440230161
2.09835524555619
2.099589716282027
2.10082473535615
2.102063015761906
2.103300528800058
2.104538658170879
2.105779644500734
2.107020887337847
2.108262521837673
2.109506476322101
2.110751882600655
2.111997364094565
2.113244647608866
2.114494335135334
2.115743780998877
2.116994625456869
2.1182480723269
2.11950213809902
2.120757010123007
2.122012997859957
2.123271318428613
2.124530086534462
2.125789119388075
2.1270491181118
2.128311860223423
2.129576512278764
2.130841444964818
2.132107204291083
2.133375868429981
2.134647961666839
2.135920482203017
2.137193623839803
2.138469380105483
2.139746047194143
2.14102320006499
2.14230087881308
2.143580898825984
2.144861446259306
2.146142370754809
2.147423648878017
2.148707167540308
2.149991273348035
2.151275635242653
2.152560282190335
2.153847157315633
2.155134680450003
2.156422332152723
2.157710300436509
2.159000622691639
2.16029130744922
2.16158195462267
2.162873179254805
2.164166761474987
2.165460311723837
2.16675375320055
2.168048083357047
2.169344324938101
2.170640450567062
2.171936436749104
2.173233770447801
2.174532267736998
2.175830558288941
2.17712873197918
2.178428901032762
2.179729242982054
2.181029364260058
2.182328493002358
2.183626598220928
2.184923981422528
2.186220472508199
2.187515868591879
2.18881033042655
2.190104152834455
2.191397094576136
2.192689070190048
2.193980218822855
2.195270782376599
2.196560495833647
2.197849337348726
2.199137461931429
2.200425057538402
2.2017118617632
2.202997847652959
2.204283225484333
2.205568130450474
2.206852310665993
2.208135722033433
2.209418610087867
2.210701101906992
2.211982937407468
2.213264062064513
2.214544751823226
2.215825177433896
2.217104959313606
2.218384133494997
2.219662996742866
2.220941749464972
2.222219817933071
2.223497424105276
2.224774844008132
2.22605218506678
2.22732891665937
2.228605326292909
2.229881657873381
2.231157939464405
2.232433756873422
2.233709383363569
2.23498502455092
2.236260681901123
2.237535979775943
2.238811178234502
2.240086456190912
2.24136193055422
2.242637146181346
2.243912294721642
2.245187526404461
2.246462966755841
2.247738564627805
2.249014092431474
2.250289735954029
2.251565613423776
2.252841840504718
2.254118390735396
2.255395013509213
2.256671879717441
2.257949046793731
2.259226514898543
2.26050430013104
2.261782370727838
2.26306071093565
2.264339295552159
2.265618106291641
2.266897160630498
2.268176520909954
2.269456224817912
2.270736095285276
2.272016131506579
2.273296415909227
2.274577259474292
2.275858856255885
2.277140556747588
2.278422406118072
2.279704848202521
2.280988712894422
2.28227313262425
2.283557378173439
2.284842259606528
2.286128635653166
2.28741642289326
2.288703907572839
2.289992206269783
2.291282396199191
2.292574235735302
2.293866135643286
2.29515928579728
2.296454624957693
2.297751720673617
2.299049590131021
2.300349127262483
2.301650052845305
2.302951091619409
2.304252392723845
2.305553940393895
2.306855586772574
2.308157406341832
2.309459631492695
2.310762147609938
2.312064831913871
2.313367787240033
2.314671337517962
2.315975252321177
2.317279417560336
2.318583933434564
2.319889242319186
2.321195098790159
2.322501248358976
2.323807852006242
2.325115497730553
2.326423818915742
2.327732470898738
2.329041709670682
2.330352488108939
2.331663702491703
2.332975280733951
2.334287572613586
2.335601775907684
2.336916266177524
2.338231140964191
2.33954716864651
2.340863881893941
2.342179658236601
2.343494683234938
2.344809214524421
2.346122775708242
2.347435516517784
2.348747646952699
2.350059076274157
2.351369639286691
2.352679498172384
2.35398886954762
2.35529737424757
2.356605102834012
2.357912221671496
2.359218787762407
2.360524526767176
2.361829545599671
2.363134023295441
2.364437889611522
2.365740988205539
2.367043427723855
2.368345363247895
2.369646667676682
2.370947251690384
2.372247234523172
2.373546754437858
2.374845624345786
2.376143820017094
2.377441468829292
2.378738718824033
2.380035262323928
2.381331192160904
2.382626642486063
2.383921632237609
2.385215978274942
2.386509769826044
2.387803168784136
2.389096020815514
2.390388302662033
2.39168009413665
2.392971554902182
2.394262400195597
2.395552737059063
2.396842691569422
2.398132223706249
2.399421204259137
2.400709747668699
2.401998024292208
2.403285797839146
2.404573071347345
2.405860019966166
2.407146818056659
2.408433071339348
2.409718899526073
2.411004502622144
2.412290032867026
2.413575081352133
2.414859794756957
2.41614435524056
2.417428888528115
2.418713045289226
2.41999149734679
2.421266683045237
2.422544315211851
2.423808872750476
2.425075574448781
2.426334191002655
2.427588468194004
2.428848357524389
2.430095983688726
2.431343906708999
2.432590296215167
2.4338297220667
2.435072707550942
2.436310388147124
2.437545407909078
2.438785230690923
2.440016788412244
2.441248997026116
2.442485651456933
2.443715786126384
2.444947325903743
2.446181444093269
2.447411881734112
2.448643986338818
2.449879515606513
2.451112342608194
2.452346457447324
2.453583828877878
2.4548190165096
2.456055527127666
2.457295454592387
2.458533589794774
2.459772961836606
2.461015542845327
2.462256887173656
2.463499275371024
2.464744391423614
2.465989658534105
2.467235574498516
2.468483688561792
2.469733039474003
2.470982643078717
2.472234029679678
2.473487815389853
2.474741542323565
2.475996296411916
2.477252792760652
2.478511267120992
2.479769687131482
2.481028547010595
2.482289188274338
2.483551959935158
2.484814507556028
2.486077536093223
2.487342660202615
2.488611867445469
2.489882233859982
2.491152907285414
2.49242528209968
2.493700322741733
2.494975569672457
2.496251195695792
2.497528420021387
2.498807366596829
2.500086524000374
2.501365877399618
2.502646665060472
2.503929347068687
2.505212160724911
2.506494935659732
2.507779117437223
2.509065293102658
2.510351543927058
2.511637639424089
2.51292523721061
2.514214613097549
2.515503996503321
2.51679319666037
2.518084201064652
2.519376554264102
2.520668836632082
2.521961140553433
2.523255635038483
2.524550698322609
2.525845589256121
2.52714090548594
2.528438506969006
2.529735922822225
2.531033207450797
2.532331363366096
2.533630763643605
2.534929880454853
2.536228853114398
2.53752683379241
2.538823771574908
2.540119858862625
2.541414986477023
2.542708957942886
2.54400200669489
2.545294287203467
2.546585653224087
2.547875967174402
2.549165456373356
2.550454231896996
2.551742153489629
2.553029117025563
2.554315327628333
2.555600874342614
2.556885630385072
2.558169515488559
2.559452693591319
2.560735277877434
2.562017154614959
2.563298223755843
2.564578632700581
2.565858531397815
2.56713781441499
2.568416341106582
2.569694298396848
2.570971830200806
2.572248803313158
2.57352510651469
2.574801014632774
2.576076699578362
2.577351759778146
2.57862630071142
2.579900609874882
2.581174774962088
2.582448322192586
2.583721530378258
2.584994639271079
2.58626757386944
2.587540057204963
2.588812337688045
2.59008462807677
2.591356773528399
2.592628599927312
2.593900335906274
2.595172152031253
2.596443987224485
2.597715554635798
2.598987086522393
2.600258724362065
2.601530586619962
2.602802315909129
2.604074028568816
2.605345871820691
2.606617966462871
2.607890414131069
2.609162857768691
2.610435442240728
2.611708337735859
2.612981600923449
2.614255228569755
2.615529196502905
2.616803411057673
2.61807790826328
2.619352697401628
2.62062780423134
2.621903244717832
2.623179037006167
2.624455110776193
2.625731443638436
2.627008066174432
2.628285047797248
2.629562692245632
2.630840621543845
2.632118791173941
2.633397255412116
2.634676428004147
2.635956824923328
2.637237427470156
2.638518224744256
2.63979985838544
2.641083356451463
2.642367457321822
2.643651513201978
2.644936632395117
2.646223824480218
2.647512163074667
2.648800696002048
2.650090522915281
2.651382787093868
2.652676297862619
2.653970364366003
2.655266176295453
2.656564656160069
2.657864362616081
2.659164745883412
2.660466064712167
2.66176853078159
2.663072421712807
2.664377991726814
2.6656855205941
2.666994744919708
2.668304940322935
2.669616272908232
2.670928879688135
2.672242880666222
2.673558373339627
2.674875345636682
2.676193740916909
2.677513494605807
2.678833399139197
2.680153401607926
2.681473518394348
2.682793768239062
2.684114172765069
2.685434614710472
2.686755046483922
2.688075484532882
2.689395941122882
2.69071642863391
2.69203696777838
2.693357126314907
2.694676294116046
2.695994559008142
2.697312108298368
2.698628935999888
2.699944844516764
2.701259888315188
2.702574104783312
2.703887507663652
2.705200151876111
2.706511954234737
2.707822895780565
2.709133053400444
2.710442578063411
2.711751255866917
2.71305915453106
2.714366400361718
2.7156729280317
2.716978648099758
2.718283701534895
2.719588233729636
2.720891939370623
2.722194964606756
2.72349745690558
2.724799358219702
2.726100530972814
2.72740110501608
2.728701225049839
2.730000707114242
2.731299530129196
2.732597822493922
2.733895707340984
2.735192914562138
2.736489526901687
2.737785663862876
2.739081342948105
2.740376402815969
2.741670930473199
2.742965047458608
2.744258651907921
2.745551698666672
2.746844267569501
2.748136474441482
2.749428121052256
2.750719287247775
2.75201004661244
2.753300378106959
2.75459020571367
2.755879629812009
2.757168739017587
2.758457365841676
2.759745536172436
2.761033365364724
2.76232099772215
2.763608112952785
2.764894819160036
2.766181262628173
2.767467579691211
2.768753413580188
2.770038876898269
2.771324151306265
2.772609220807194
2.77389384346641
2.77517821825417
2.776462485177947
2.777746767709203
2.779030717511477
2.780314533109257
2.78159831446902
2.782882147967064
2.784166122508042
2.785450310674414
2.786734734655706
2.788019417666399
2.789304372340883
2.790589462697808
2.791874712052393
2.793160170607596
2.794445851869155
2.795731767971475
2.797017895497512
2.798304252005126
2.799590786143526
2.800877479354634
2.80216432458989
2.803451371319201
2.804738654362581
2.806026116780335
2.807314069255197
2.80860284361994
2.809891786759996
2.811180766389933
2.812469967889233
2.813759186315172
2.815048363028866
2.816337778671369
2.817627703579732
2.818918392662125
2.820210078878944
2.821502969746171
2.822797246480146
2.824093064959206
2.825390556799761
2.826689830967334
2.827990551492895
2.829292217730332
2.830593785126243
2.831895578576495
2.833197896701523
2.834500953474202
2.835805050241571
2.837110457830285
2.838417440613173
2.839725257566947
2.841033450347975
2.842342207222657
2.843651677787006
2.844962036183127
2.846273489069571
2.847586233950973
2.848900429736854
2.85021611290673
2.851533078214339
2.85285057920135
2.854168679876672
2.855487438240098
2.85680689985248
2.858127094289484
2.859448044156182
2.860769752097508
2.862092263247983
2.863415631689318
2.864739882366688
2.866063734713629
2.867386891190598
2.868709497772096
2.870031620388722
2.871352955291575
2.872673636538078
2.873993812354711
2.875313406842184
2.876632292604177
2.877950568485034
2.879268371966422
2.880585534184532
2.881902028041252
2.883217977231435
2.884533520252529
2.885848343581649
2.887162559035937
2.888476311152835
2.889789564700871
2.891102174087257
2.892414249790076
2.89372597307167
2.895037099873671
2.896347654643534
2.897657765058254
2.898967463777494
2.900276539161143
2.901585105133146
2.902893084457206
2.904200364450838
2.90550707410146
2.906813333142994
2.908118923067301
2.909423995860937
2.910728741457612
2.912033332554158
2.913337824161482
2.914641783064099
2.915945299642388
2.917248444296526
2.918551293908973
2.919853924876906
2.921156484454294
2.922459036236064
2.923761641880941
2.92506433490352
2.926367147577849
2.927670141514834
2.928973345793533
2.930276789726072
2.931580521460067
2.932884467794755
2.934188632654839
2.93549305476493
2.936797806957705
2.938102920453974
2.939408485403602
2.940714757788176
2.942021974913392
2.943329116585288
2.94463596416486
2.945942220442267
2.947248017247471
2.94855356645181
2.94985859262313
2.951163188435529
2.95246754525354
2.95377179781092
2.955075645721133
2.956379204943184
2.957682592131782
2.958985849864717
2.960289049275644
2.961592194604161
2.962895257327345
2.964198173128278
2.965500906592803
2.96680347221246
2.968105887993254
2.969408185510619
2.970710420103059
2.972012665170984
2.973314957186076
2.974617326319704
2.975919773696571
2.977222210962282
2.978524680822241
2.979827213708261
2.981129818230615
2.982432496919983
2.983735262166717
2.985038092269732
2.986340995683725
2.987643982711707
2.988947068882922
2.990250271828087
2.991553601035456
2.992857185788746
2.994161178030731
2.995465281239986
2.996769408990762
2.998073591726491
2.999378054455495
3.000683122228747
3.001989104884033
3.003295075228548
3.004601015046728
3.005907235738647
3.007214019404707
3.008521538917571
3.009829967251232
3.011139534281938
3.012449502197799
3.013759728274178
3.015070309104911
3.016381376194115
3.017693081167691
3.019005536551499
3.020318894309084
3.021633289191639
3.02294886335842
3.024265685875601
3.025582950833656
3.026900549718111
3.028218522393036
3.029536938771028
3.030855863326818
3.032175383061713
3.033495537535399
3.034816390542207
3.036138004426285
3.037460425007552
3.038783677002768
3.040107741801203
3.041432637547541
3.042758352560813
3.044084751183076
3.045411363638033
3.046738199731597
3.048065266534845
3.049392459572025
3.050719660219372
3.052046871973219
3.053374098259281
3.054701340417348
3.056028591218777
3.057355867968334
3.058683158878869
3.060010460025164
3.061337768609063
3.062665083013462
3.063992403617053
3.065319732740621
3.066647074964344
3.06797443383273
3.069301813531309
3.070629219437593
3.071956654133873
3.073284103389087
3.074611566441289
3.075939043550874
3.077266535209496
3.078594038505776
3.079921550562798
3.08124906905374
3.082576598917235
3.083904146324852
3.085231719553473
3.086559327018191
3.087886976524469
3.089214683087693
3.090542394027961
3.0918701116455
3.093197840149029
3.094525582768977
3.095853342782838
3.097181123666525
3.098508929093517
3.099836761899657
3.101164624764256
3.102492520322522
3.103820451156629
3.105148424256661
3.106476436501365
3.10780445893378
3.109132241778603
3.110459592064246
3.11178653637468
3.113113113765113
3.114439364192434
3.115765288016149
3.117090800299711
3.118415915595564
3.119740677101059
3.121065143989433
3.122389252346583
3.123713024681226
3.125036532725337
3.126359761304621
3.127682650231035
3.129005299065643
3.130327763800248
3.131650060518547
3.132972223159645
3.134294260905531
3.135616127494131
3.136937809148951
3.138259297212512
3.139580554149573
3.140901596290413
3.142222453432055
3.143543150354567
3.144863710526297
3.146184167536842
3.147504555080886
3.148824886278043
3.150145060292217
3.151465106428034
3.152785042402995
3.154104884359827
3.155424647774713
3.156744355102929
3.158064049393042
3.159383768559286
3.160703529784266
3.162023322530804
3.16334307176575
3.16466278077327
3.165982450967948
3.167302105938075
3.168621760657615
3.169941428364116
3.171261116740375
3.172580829265287
3.173900567150529
3.175220330719442
3.176540119296281
3.17785993203664
3.179179770357523
3.180499639280775
3.181819539610394
3.183139472782023
3.184459440954507
3.18577944027393
3.187099470696082
3.188419524371571
3.18973959934808
3.191059695427849
3.192379814160474
3.193699961236993
3.19502014231827
3.196340351798161
3.19766057944986
3.198980829979857
3.20030114971475
3.201621591209651
3.20294209686978
3.204262589831674
3.205583089005504
3.206903599920625
3.208224145628053
3.209544748891013
3.210865424254266
3.212186188529201
3.213507055432672
3.214828042668131
3.216149161375553
3.217470428989653
3.21879175881477
3.220113077212087
3.221434395478241
3.222755721701807
3.224077085898085
3.225398504116168
3.226719985201212
3.228041533962668
3.229363152113279
3.230684838072432
3.232006606728223
3.23332847494882
3.234650460992722
3.235972547480629
3.237294619808476
3.238616694696487
3.239938783196551
3.241260891075046
3.242583024917648
3.243905198789129
3.245227424486149
3.246549709339703
3.247872057168136
3.249194465131434
3.250516937953599
3.251839484012022
3.253162118000832
3.254484774188254
3.255807452795461
3.257130159356962
3.258452896909155
3.259775668253197
3.261098476659246
3.262421325700969
3.263744218626822
3.265067158452625
3.266390147588776
3.267713169626754
3.269036217771755
3.270359296206776
3.271682404619302
3.273005544722535
3.274328717548592
3.275651923898014
3.276975164967793
3.27829844142834
3.279621741388754
3.28094505089354
3.28226837505834
3.283591714752429
3.284915071453784
3.286238446563888
3.2875618401911
3.288885251282146
3.290208666596903
3.291532079834204
3.292855502545529
3.294178948109519
3.295502403855307
3.296825873510713
3.298149351951333
3.299472836885352
3.300796320972661
3.302119802091108
3.303443278931225
3.30476675293719
3.306090226228518
3.307413704920431
3.308737198705625
3.310060711379609
3.311384227863244
3.312707753798901
3.314031291859481
3.315354845980755
3.316678415071177
3.318001997613316
3.319325595462558
3.320649211180017
3.321972840468753
3.323296473036617
3.324620107559411
3.325943743085588
3.327267384354168
3.328591035745163
3.329914707592375
3.331238412931591
3.332562166891989
3.333885986408378
3.335209806476825
3.336533635474087
3.337857479850245
3.339181344793193
3.340505234848184
3.341829154307504
3.343153107848264
3.344477103463927
3.345801154032279
3.347125269287407
3.348449463826424
3.349773713637981
3.351097976224757
3.352422254734174
3.353746552636669
3.355070875142356
3.356395227975067
3.357719614496455
3.359044037858121
3.36036850064626
3.361693005279956
3.363017553985045
3.364342148467148
3.365666792161036
3.366991453649039
3.368316134377254
3.369640834729032
3.370965555184767
3.372290296699869
3.373615061438729
3.37493985071048
3.376264665946598
3.377589509059584
3.37891438140254
3.380239283755929
3.381564205358877
3.382889142616648
3.384214092451535
3.385539052523345
3.386864020789116
3.388188997045861
3.389513982674984
3.390838979057736
3.392163987091351
3.393489007670363
3.394814042091851
3.396139084132127
3.397464128114639
3.3987891713453
3.400114213778606
3.401439256426105
3.402764302078868
3.404089357725691
3.405414436667132
3.406739517042803
3.408064603254687
3.409389700630571
3.410714812379497
3.412039940021131
3.413365082037255
3.414690239705907
3.416015416385612
3.417340602523007
3.41866579531389
3.41999099629195
3.421316209345873
3.422641439711292
3.423966693241413
3.425291974082695
3.426617283392424
3.427942627773256
3.42926800378102
3.430593394247521
3.431918799157942
3.433244218076071
3.434569650383529
3.435895100459516
3.437220573023742
3.438546072234556
3.439871602185573
3.441197172861156
3.442522798538215
3.443848491797
3.445174242105546
3.446499996170152
3.447825754527493
3.449151522090917
3.450477300957956
3.451803093634775
3.453128903336429
3.454454733715995
3.455780587183664
3.457106466143568
3.458432374092815
3.459758314447508
3.461084289770084
3.46241030763841
3.463736356248948
3.46506241154571
3.466388477155702
3.467714555955074
3.469040650279636
3.470366762059222
3.471692893977972
3.473019047899529
3.474345226155255
3.475671430314564
3.476997661864485
3.47832390952862
3.479650173704834
3.480976453061255
3.48230274747981
3.483629057171545
3.484955383217136
3.486281726575884
3.487608089407892
3.488934474527233
3.49026087479707
3.491587286480936
3.492913713990073
3.49424016211013
3.495566630293452
3.496893114107873
3.498219611217908
3.49954612025082
3.500872640410893
3.502199172239235
3.503525717452176
3.504852279912082
3.506178860106795
3.507505458156098
3.50883207019507
3.510158697997065
3.511485335392917
3.512811980516229
3.514138632522365
3.515465290631469
3.516791954631665
3.51811862548147
3.51944530427147
3.520771989335977
3.522098674635443
3.523425365680688
3.524752073162984
3.526078800697098
3.527405550893245
3.528732298849707
3.530059040125832
3.531385780996112
3.532712526795913
3.534039281777399
3.535366049812656
3.536692834566383
3.53801963982355
3.539346473508357
3.540673355438734
3.542000300229248
3.54332726248266
3.544654229184974
3.545981206670083
3.547308198403206
3.548635208631516
3.549962241281568
3.551289300796048
3.552616390982035
3.553943515593135
3.555270678453712
3.55659788715758
3.557925150496537
3.559252434928474
3.560579734570432
3.561907050287368
3.563234385326096
3.564561742105811
3.565889122581314
3.567216528638373
3.568543962225972
3.569871425174224
3.571198919629026
3.572526447125453
3.573853993369787
3.575181555152458
3.576509131461724
3.577836721319891
3.579164324031593
3.580491940045452
3.581819570847488
3.58314721811432
3.584474882608347
3.585802565433313
3.587130268380112
3.58845798678574
3.589785719947388
3.591113464797071
3.592441218229073
3.593768978035269
3.595096742588332
3.596424510688759
3.597752282441127
3.599080059028202
