0
0.000310207175470813
0.0006115555654375463
0.000908895678814671
0.001200026288273008
0.001485369078639696
0.001767261552766595
0.002046831173152192
0.002323560080229576
0.002597905213094426
0.002870271488482886
0.003141271552876581
0.003411211215816788
0.003680192513878846
0.003948239480464957
0.004215403772678102
0.004481781111288524
0.004747492747976759
0.005012647737048417
0.005277335716150962
0.005541626508010331
0.0058055827572897
0.006069259907053214
0.006332708870517231
0.006595976802930247
0.006859099474891349
0.007122117094735439
0.007385093518632174
0.007648079905793114
0.007911113310315881
0.008174180047602843
0.008437265414878785
0.008700371886813317
0.008963502975959593
0.009226661855941473
0.009489869741974126
0.00975314828680186
0.01001651503323927
0.01027998639518384
0.01054358108592606
0.01080732249157629
0.01107113916577364
0.01133502122856591
0.01159897897506212
0.01186302379322255
0.01212712182552485
0.01239124124265993
0.0126553836556588
0.01291954416474872
0.01318371534350315
0.01344789751054211
0.01371209231027613
0.01397630264684791
0.01424050962420273
0.01450471240196474
0.01476891443780875
0.01503311536025284
0.01529731968733895
0.01556153340867318
0.01582576496126271
0.0160900214333601
0.01635428343537466
0.01661854969863323
0.01688282311192779
0.01714710714797608
0.01741140360630354
0.01767571537921764
0.0179400416635343
0.01820437990107936
0.01846873115474923
0.01873309608601688
0.01899747429305249
0.01926186583202123
0.01952626868732373
0.01979068107423495
0.02005510442929948
0.02031953981492006
0.02058398711456637
0.02084844531568517
0.02111290862113855
0.02137737829870494
0.02164185533729081
0.02190634256013161
0.02217084150377471
0.02243535246187819
0.02269986952268508
0.02296439239588273
0.02322892193549148
0.02349346075433405
0.02375801036234778
0.0240225706364318
0.02428713756380238
0.02455171027762984
0.02481628975252861
0.0250808783601918
0.02534547748693437
0.02561008614299124
0.0258747017865636
0.02613932309295912
0.02640395071618787
0.02666858651842546
0.02693323207085373
0.02719788682631574
0.02746254782324038
0.0277272138061945
0.02799188569085081
0.02825656540010455
0.02852125422835883
0.02878595124209823
0.02905065400358569
0.02931536116486386
0.02958007308863248
0.02984479132067909
0.03010951816496263
0.03037425431717643
0.03063899721474073
0.03090374468409626
0.03116849752960159
0.03143325724946031
0.03169802482345081
0.03196279886512526
0.03222757710923783
0.03249235886720932
0.03275714470456737
0.03302193592908961
0.03328673475629245
0.03355154291671466
0.03381635905081096
0.03408117955492668
0.03434600508603302
0.03461083663191919
0.03487567442612204
0.03514051740754616
0.03540536250191111
0.03567021051461895
0.03593506207374323
0.03619991840507632
0.03646478145349178
0.0367296531536397
0.0369945339586496
0.03725941868060334
0.03752430767109357
0.03778920188546581
0.03805410059810126
0.0383190036295512
0.03858390772041913
0.03884881449826767
0.03911372437130736
0.03937863853542842
0.03964355872720579
0.03990848684496235
0.04017342361029266
0.04043836376884641
0.04070330763845186
0.04096825613742692
0.04123320810162738
0.04149816351297878
0.04176312001982777
0.04202807894218734
0.04229304060946482
0.04255800616941247
0.0428229771650524
0.04308795542421993
0.04335294149706474
0.04361793054863349
0.04388292290605966
0.04414791934259017
0.04441291863940689
0.04467792081773642
0.04494292407360648
0.04520792949440008
0.04547293736901888
0.04573794873988341
0.04600296501885357
0.04626798788480647
0.04653301777243408
0.04679805028555388
0.04706308578964277
0.04732812484059797
0.04759316633945125
0.04785821031647881
0.04812325531560894
0.04838830227140894
0.04865335145788866
0.04891840380760608
0.04918346063105865
0.04944852343279425
0.04971359256375815
0.04997866402571694
0.05024373820282906
0.0505088153879714
0.05077389475431918
0.05103897624840871
0.05130405871161246
0.05156914294573281
0.05183422921666751
0.05209931836552147
0.05236441161639825
0.05262951033996943
0.05289461474531826
0.05315972120065512
0.05342483012328832
0.05368994153794444
0.05395505487998575
0.0542201700369108
0.05448528614303831
0.05475040386461493
0.05501552346292932
0.05528064570849762
0.05554577175062773
0.05581090283373429
0.05607603901495201
0.05634117702300087
0.05660631726558395
0.05687145960454994
0.05713660367469306
0.05740174931932675
0.05766689590021731
0.05793204396442789
0.05819719377069901
0.05846234603049472
0.05872750181697934
0.05899266225633062
0.05925782726315058
0.05952299391669525
0.05978816259030664
0.06005333303003146
0.06031850503810413
0.06058367839655573
0.06084885268758862
0.0611140283429903
0.06137920563373279
0.06164438520861693
0.06190956804131276
0.06217475519350012
0.06243994644490621
0.06270513918758225
0.06297033376387719
0.0632355298177099
0.06350072730201584
0.06376592594289993
0.06403112552225955
0.06429632634631297
0.06456152871961417
0.06482673323987387
0.06509194078182254
0.06535715233118283
0.06562236755521507
0.06588758413786527
0.06615280237193949
0.06641802184130625
0.06668324262554989
0.06694846442174139
0.06721368716261192
0.06747891106830133
0.06774413643280301
0.06800936381379079
0.06827459398486747
0.06853982788331464
0.06880506506038683
0.06907030348545851
0.0693355433679512
0.06960078424230648
0.06986602632849277
0.07013126929064763
0.07039651319619661
0.07066175820089418
0.07092700458763965
0.07119225288368103
0.07145750378206429
0.07172275816583451
0.07198801546780755
0.07225327395180836
0.07251853372313662
0.07278379425909301
0.07304905592914118
0.07331431836959168
0.07357958170105088
0.07384484608495073
0.0741101117963492
0.07437537933338037
0.07464064931234449
0.07490592255832988
0.07517119837991969
0.07543647531822377
0.07570175336603464
0.07596703201791878
0.07623231174677762
0.07649759215763219
0.07676287342766457
0.07702815570769815
0.07729343925474121
0.07755872452964768
0.07782401209988189
0.07808930274044795
0.07835459563457413
0.07861988959137678
0.07888518442859037
0.07915047979219525
0.07941577620028967
0.07968107323214856
0.07994637110675847
0.08021166995683485
0.08047697001102251
0.08074227168961474
0.08100757554440349
0.08127288229455236
0.08153819100437804
0.08180350067868396
0.08206881108804893
0.08233412198382632
0.08259943389204702
0.08286474632728183
0.08313005955827447
0.08339537366836799
0.08366068889545143
0.08392600564330979
0.08419132444976979
0.08445664603712104
0.0847219698667365
0.08498729505962237
0.08525262187071596
0.08551795066906642
0.08578328268945534
0.08604861627083576
0.08631392529808105
0.08657920693996053
0.08684445974506387
0.08710968715249703
0.08737489673600028
0.08764009815717355
0.08790529962815703
0.08817050278310785
0.08843571404538078
0.08870094182983922
0.08896619066004278
0.08923147481157637
0.08949682585816755
0.08976230081910115
0.09002785476009589
0.0902935393315684
0.09055930188348088
0.09082515863305815
0.09109108513283838
0.09135705816835737
0.09162307997932836
0.09188913351507572
0.09215522352169096
0.09242134270929261
0.09268749417241709
0.09295367342883731
0.09321987471497901
0.09348609722865087
0.09375233006073583
0.0940185720656946
0.09428482150615822
0.09455107383041067
0.09481732957119512
0.0950835874655471
0.09534984715465787
0.09561610727674445
0.09588236801695492
0.0961486289520382
0.09641489014459542
0.09668115176402778
0.09694741391622122
0.09721367473373065
0.09747993195442754
0.09774618530122073
0.09801243529607025
0.09827868316163563
0.09854492864012818
0.09881117322652733
0.09907741701851952
0.09934366043770169
0.09960990413772927
0.09987614849813709
0.1001423932688178
0.1004086395620497
0.1006748862416811
0.1009411338513866
0.1012073816801043
0.1014736291284871
0.1017398758221118
0.1020061218152735
0.1022723666823194
0.1025386108190618
0.1028048536842985
0.1030710956861045
0.1033373358379164
0.1036035737644549
0.1038698096910906
0.1041360424225524
0.1044022731537976
0.1046685013835284
0.1049347278628745
0.1052009532570397
0.1054671775252449
0.1057334015679691
0.1059996255418323
0.1062658495299422
0.1065320739641386
0.1067982995890559
0.107064525764312
0.1073307533341103
0.1075969814162772
0.1078632102588303
0.1081294391387109
0.1083956672773534
0.1086618942986514
0.108928120024874
0.1091943447068293
0.1094605685946647
0.1097267917965266
0.109993014685326
0.1102592371778749
0.1105254594254733
0.1107916809120894
0.1110579006048861
0.1113241182728607
0.1115903337196285
0.1118565472527992
0.1121227588331462
0.1123889693748149
0.1126551786344597
0.1129213872999717
0.1131875956844085
0.1134538038709135
0.1137200121269106
0.1139862208259406
0.1142524297752552
0.1145186392315427
0.1147848490507426
0.1150510593391913
0.1153172696852885
0.1155834801802026
0.1158496907482241
0.1161159016182418
0.1163821126708008
0.1166483243906276
0.1169145378525118
0.1171807523292479
0.1174469688501402
0.1177131876007114
0.117979408408021
0.1182456307793894
0.1185118545288542
0.1187780788986551
0.1190443036357109
0.1193105284954425
0.1195767534458714
0.1198429785481338
0.120109203849658
0.1203754298079196
0.1206416570086352
0.1209078850319554
0.1211741149072869
0.1214403456212322
0.1217065775317283
0.1219728100769674
0.1222390426701908
0.1225052750162165
0.122771506932572
0.123037738756941
0.1233039705964647
0.1235702025441935
0.1238364348212735
0.1241026678401821
0.1243689026821956
0.1246351384413625
0.1249013761504223
0.1251676146815596
0.125433854103563
0.1257000933708817
0.1259663319887593
0.1262325699531718
0.1264988074650814
0.1267650448910129
0.1270312823622531
0.1272975200737153
0.1275637581987727
0.1278299972175561
0.1280962383782706
0.1283624808875692
0.1286287254936337
0.1288949709218754
0.1291612171207237
0.1294274632926769
0.1296937091096684
0.1299599547807385
0.1302262004490191
0.1304924462710188
0.1307586924290773
0.1310249394107064
0.1312911884368774
0.1315574385296453
0.1318236907951516
0.1320899440428523
0.1323561957057685
0.132622444646717
0.1328886916152182
0.1331549373551521
0.1334211815760252
0.1336874249945559
0.1339536681125787
0.1342199112596406
0.1344861545008837
0.1347523982797623
0.1350186426150733
0.1352848877180369
0.1355511342027385
0.1358173789302777
0.1360836217989496
0.1363498632419561
0.1366161032628886
0.1368823425541934
0.1371485814745644
0.1374148203909332
0.137681059441233
0.1379472990827245
0.1382135401817489
0.1384797825778046
0.1387460273533524
0.1390122750435251
0.1392785233145582
0.1395447688619938
0.1398110128116421
0.1400772552525431
0.1403434965841021
0.1406097373630036
0.1408759780356887
0.1411422189002903
0.1414084600735704
0.1416747020522826
0.141940946055111
0.1422071924201055
0.1424734412085506
0.1427396882816994
0.1430059318440942
0.1432721730851788
0.1435384127813011
0.143804651393134
0.144070889175272
0.1443371266944753
0.1446033644126816
0.1448696026858803
0.1451358418013674
0.1454020822543245
0.1456683252098152
0.1459345728575118
0.1462008179256234
0.1464670592253175
0.146733297581057
0.1469995340126442
0.1472657690830358
0.1475320034557469
0.1477982375972827
0.1480644719007824
0.1483307064828043
0.1485969418569002
0.1488631791189424
0.1491294206477349
0.1493956653680372
0.1496619066336102
0.1499281442577806
0.1501943783153897
0.1504606101926193
0.1507268410884897
0.1509930716945743
0.1512593022886567
0.1515255334142415
0.1517917654131418
0.1520579988277943
0.1523242344323957
0.1525904732411693
0.1528567125320187
0.1531229472352597
0.1533891783818731
0.1536554070831247
0.1539216341128132
0.1541878602176089
0.154454085945547
0.1547203119427175
0.154986538671163
0.1552527658457992
0.155518994116543
0.1557852248140794
0.1560514608072512
0.1563177028526712
0.1565839465635067
0.1568501843289143
0.1571164174520145
0.1573826472316269
0.157648874636926
0.1579151007106434
0.1581813265247143
0.1584475525440302
0.158713779245376
0.158980007747762
0.1592462413551423
0.1595124776596329
0.1597787187144928
0.1600449718846916
0.1603112376615854
0.1605775143679657
0.160843798828328
0.1611100827591433
0.1613763645910756
0.1616426454910445
0.1619089255243883
0.1621752066179343
0.1624415004450258
0.1627078155373238
0.162974142014837
0.1632405073280054
0.1635069090431907
0.1637733366627676
0.1640398368617272
0.1643063481907375
0.1645729347602824
0.1648395760557058
0.1651062567736652
0.1653730523309823
0.1656399392960252
0.1659068833134534
0.1661739703147741
0.1664412666050362
0.1667086105252789
0.1669760925781501
0.167243798332148
0.1675117341504711
0.1677797546772687
0.1680479516843328
0.1683163923549024
0.1685851045410147
0.1688540545177852
0.1691231660038775
0.1693924971209709
0.1696620732299275
0.1699319073101472
0.1702019987162471
0.1704723415273458
0.1707429139275852
0.1710136987707961
0.1712847062302286
0.1715559420240576
0.171827412959915
0.1720991304437244
0.1723711103174501
0.172643326771562
0.172915751926032
0.1731883975558994
0.1734612761042903
0.1737344031671035
0.1740077966417716
0.1742814485311292
0.1745553076853283
0.1748293882463078
0.1751037022977865
0.1753782630003305
0.1756530876565524
0.1759281928289014
0.1762035004979495
0.1764790264996887
0.1767547824131737
0.1770307803182785
0.177307036720539
0.1775835684990334
0.1778603341748357
0.1781373101238561
0.1784145107334983
0.1786919479003826
0.1789696353398711
0.1792475905580296
0.1795258199984728
0.1798042436899276
0.1800828812531888
0.1803617459843199
0.1806408503684919
0.1809202107600683
0.1811998439062026
0.1814797010685013
0.1817597554730665
0.1820400259038392
0.1823205272360888
0.1826012734834585
0.1828822825519533
0.1831635707825763
0.1834450700244432
0.1837267740802209
0.1840087011677904
0.1842908647088754
0.1845732792513608
0.1848559620671454
0.185138922292401
0.1854220708220349
0.1857054243107559
0.1859889995457173
0.1862728099641051
0.1865568710022648
0.1868411996533011
0.1871257637552712
0.187410513282665
0.1876954648694409
0.1879806340772167
0.1882660372302342
0.1885516907356182
0.188837611406234
0.1891237454477397
0.1894100639595044
0.1896965833646832
0.1899833183952436
0.1902702872111216
0.1905575070221823
0.1908449944688881
0.1911326929543889
0.1914205757961346
0.1917086592937745
0.1919969583649034
0.1922854909993963
0.192574275297162
0.1928633279480347
0.1931526040500537
0.1934420647781904
0.1937317263642444
0.1940216036673938
0.1943117143776338
0.1946020766680604
0.1948927070911159
0.1951835777989879
0.1954746315901227
0.1957658844434271
0.1960573508587314
0.1963490475004739
0.1966409927440265
0.1969332029609186
0.1972256648856714
0.1975183046771164
0.1978111382860586
0.198104179950724
0.1983974443687707
0.1986909517465476
0.1989847186469399
0.199278751599014
0.1995729554508562
0.1998673465241275
0.2001619391448834
0.2004567478962974
0.2007517908735601
0.201047087279292
0.2013426522993351
0.2016384102195411
0.2019343494446848
0.202230484670931
0.2025268302484523
0.2028234021261334
0.2031202208096055
0.2034173028954434
0.2037146229303316
0.2040121185287125
0.2043098049026873
0.2046076961396402
0.20490580719001
0.2052041570625764
0.2055027641729395
0.2058016425531151
0.2061007101001494
0.2063999617013553
0.2066994111630839
0.2069990725887133
0.207298962594096
0.2075991009539676
0.2078995028460874
0.2082001508364611
0.2085009741791382
0.208801987003052
0.2091032025926008
0.2094046351667583
0.2097063023077121
0.2100082224588852
0.2103104088111764
0.2106128031417308
0.2109153765401268
0.2112181420277537
0.2115211126236719
0.2118243033156777
0.2121277314685083
0.2124314134447621
0.2127353609439944
0.2130394893751817
0.2133437974412251
0.2136482970510522
0.2139530006522601
0.2142579232040093
0.2145630808463733
0.2148684886311927
0.2151741568091429
0.2154799920272774
0.2157860033452026
0.216092201368831
0.2163985972838558
0.2167052045130031
0.2170120369954061
0.2173191088792005
0.217626429052372
0.217933918365971
0.2182415735654969
0.2185494034663603
0.2188574167460566
0.2191656231959657
0.2194740343191662
0.2197826603936551
0.2200915107237129
0.2204005555183115
0.2207097453677741
0.2210190869150711
0.221328585161476
0.2216382447820719
0.2219480710988204
0.2222580709692295
0.2225682492798408
0.2228786091555376
0.2231891418366315
0.2234997864279922
0.2238105460469164
0.2241214213861077
0.2244324101402221
0.2247435096837787
0.2250547173167647
0.2253660314067711
0.2256774520038648
0.2259889783594927
0.2263006087479756
0.2266123186906495
0.2269240726406928
0.2272358676693824
0.2275477059478946
0.2278595920918917
0.2281715307895288
0.2284835222197919
0.2287955620617117
0.2291076426514576
0.2294197205623534
0.2297317846816674
0.2300438361220128
0.2303558765116931
0.2306679062730398
0.2309799276327376
0.2312919424665778
0.2316039501914702
0.2319159481567309
0.2322279338225133
0.2325399051753135
0.2328518625107519
0.2331638037380281
0.2334757039636552
0.2337875621588351
0.2340993790337587
0.2344111556957794
0.2347228937563804
0.235034595549091
0.235346262465991
0.2356578913617467
0.2359694796171543
0.2362810247130947
0.2365925155959736
0.2369039556876819
0.2372153480563197
0.2375266958886384
0.2378380026370755
0.2381492697778342
0.2384604960228164
0.2387716826639665
0.2390828278605385
0.239393923288382
0.2397049721624743
0.240015977731674
0.2403269429516083
0.2406378709864835
0.2409487619790368
0.241259616168108
0.2415704352181707
0.2418812145334852
0.2421919504715655
0.2425026461003013
0.2428133042466798
0.2431239273744204
0.243434518733132
0.2437450772007848
0.2440556038053615
0.244366100476203
0.2446765605927258
0.244986984089832
0.2452973735792464
0.245607731452491
0.245918060100224
0.2462283617232247
0.2465386355380349
0.2468488828500425
0.2471591054996218
0.2474692961687419
0.2477794563031731
0.2480895880540083
0.2483996933408529
0.248709774987608
0.2490198342332512
0.2493298707296515
0.249639885885126
0.2499498810859854
0.2502598496292801
0.2505697930376829
0.2508797133318735
0.251189612598134
0.2514994933332648
0.2518093566561649
0.2521192022216265
0.2524290308065923
0.2527388432357119
0.2530486337512622
0.2533584039748922
0.2536681556544111
0.2539778914243368
0.2542876126761586
0.2545973203694771
0.2549070141348281
0.2552166944473505
0.2555263620874305
0.2558360124922542
0.2561456468134344
0.2564552670935065
0.256764875278807
0.2570744723334482
0.2573840594188697
0.2576936357948718
0.2580032017607989
0.2583127580796218
0.2586223012981292
0.2589318321010804
0.2592413526936687
0.2595508642033926
0.2598603679987759
0.2601698647645665
0.2604793543516116
0.2607888367114529
0.2610983125202092
0.2614077800836154
0.26171723900562
0.262026690588524
0.2623361360396664
0.2626455760347616
0.2629550110221821
0.2632644411412109
0.2635738664140036
0.2638832877418116
0.2641927046651906
0.2645021161189053
0.2648115231154978
0.2651209261330748
0.2654303254708484
0.2657397213964427
0.2660491146441729
0.2663585057288534
0.2666678951869534
0.2669772828241666
0.2672866682514988
0.2675960513375817
0.2679054320447816
0.2682148106495962
0.2685241877254578
0.268833563932026
0.2691429397049324
0.2694523148134913
0.2697616889675834
0.2700710622572899
0.270380435200769
0.2706898080569659
0.2709991805223866
0.2713085529707644
0.2716179251873158
0.2719272974879667
0.2722366702143357
0.2725460435738448
0.2728554174701818
0.2731647917374098
0.2734741659968511
0.2737835401131196
0.2740929142817246
0.2744022887900187
0.2747116638277995
0.2750210395888452
0.2753304162426435
0.2756397938831638
0.2759491725132279
0.2762585525093338
0.2765679333517956
0.2768773148340615
0.2771866971148225
0.2774960803400508
0.2778054646989283
0.2781148503214399
0.278424237130768
0.27873362524069
0.2790430155117736
0.2793524073601576
0.2796617999562803
0.2799711934284395
0.280280587980729
0.2805899837549779
0.2808993807126752
0.281208778852252
0.2815181789159075
0.281827580106254
0.2821369816873941
0.2824463836811817
0.2827557858690311
0.2830651889848132
0.2833745931388307
0.2836839984669738
0.2839934060527003
0.2843027573261774
0.2846120205540236
0.2849212480324758
0.2852275634452454
0.2855286321810706
0.2858272588422474
0.2861231398044032
0.2864154883011127
0.2867059497426085
0.2869952199029518
0.2872821680303026
0.2875673424680823
0.2878517220016845
0.28813493409304
0.2884167118734273
0.2886980391129856
0.2889790605758994
0.2892590406278702
0.2895387228123159
0.2898181863237007
0.2900970004738973
0.2903756784470116
0.2906544973913255
0.2909332276938603
0.2912118188946627
0.2914905319348283
0.291769373527952
0.2920481879294122
0.2923271049536459
0.2926060916988951
0.2928852057713343
0.293164589103373
0.2934441706506833
0.2937238860175624
0.2940038527630779
0.2942839503316521
0.294564157691513
0.294844581947643
0.295125300829054
0.2954063202600446
0.2956876122539177
0.2959691231870037
0.2962508042730936
0.2965326319276603
0.296814591472452
0.2970966631175497
0.2973787909352389
0.297660967879009
0.2979431964860813
0.2982254809841447
0.2985078281538555
0.2987902487050028
0.2990727507332929
0.2993553320386073
0.29963799125544
0.2999207326343289
0.3002035033191137
0.3004862980364232
0.3007691202063091
0.3010519749984004
0.3013348692800983
0.3016178109389333
0.3019008073015116
0.3021838675364006
0.3024669835581276
0.3027501303363994
0.303033299822329
0.3033164897567347
0.3035996997007261
0.303882929263558
0.3041661777104941
0.304449445238871
0.3047327301637529
0.3050160298469464
0.3052993421049994
0.3055826656776197
0.3058660011099689
0.3061493515110288
0.3064327193572036
0.3067161047115594
0.3069995073407184
0.3072829300577535
0.307566373190855
0.3078498207834497
0.3081332697717286
0.3084167174291894
0.3087001619410106
0.3089836014746867
0.3092670359090669
0.3095504672836131
0.3098339009690887
0.310117334482465
0.3104007555769517
0.3106841656008134
0.3109675646568558
0.3112509540303994
0.3115343367463804
0.3118177178252305
0.3121011047745648
0.3123845008338432
0.3126678987832966
0.3129512911399821
0.3132346790604288
0.313518062020024
0.3138014395313522
0.314084812158502
0.3143681846468738
0.3146515634455145
0.314934951363091
0.3152183430869188
0.3155017275415579
0.3157851061396793
0.3160684805878859
0.316351852369423
0.3166352246242304
0.3169185991500112
0.3172019824904005
0.3174853761089447
0.3177687770284078
0.3180521901601682
0.3183356228269162
0.3186190808327923
0.3189025518811474
0.3191860266092385
0.3194695122319818
0.3197530241144374
