0
0.0001336306209562122
0.0002549176052851932
0.0003705608575374403
0.0004806230753106628
0.0005867240619371687
0.0006904993041020282
0.0007925199152565032
0.0008929204730568074
0.000991962681939057
0.001090060960659092
0.001187524683666116
0.00128441015833758
0.001380639596855709
0.001476114523240357
0.001570934816324663
0.001665258126450408
0.001759122537353035
0.001852576736495645
0.001945671239884118
0.002038474748675205
0.002131041569992643
0.002223415655587055
0.002315628953835923
0.002407706947004244
0.002499673298102838
0.002591550133742409
0.002683357017990162
0.002775113289212667
0.002866834835455156
0.002958534723916795
0.003050223696600789
0.00314190208071049
0.003233580170378081
0.003325260898307513
0.003416934035804588
0.003508586090023238
0.0036002137049436
0.003691839907247345
0.003783484728541218
0.003875172246897878
0.003966926795544878
0.004058759014203247
0.004150648446891366
0.004242616452348039
0.004334741772538561
0.00442699646996565
0.004519414783846962
0.004612058889440097
0.00470481341109827
0.00479782757370186
0.004891172137862148
0.004984708411908877
0.005078532401837677
0.005172491180926103
0.005266833686211554
0.005361253152002548
0.005455832995822509
0.0055508226169599
0.005646005597263361
0.005741336767967673
0.005837096075506775
0.005933539286229388
0.006030245024143228
0.006127380155850077
0.006225207506786525
0.006323848053764287
0.006423130387139472
0.006522919246655804
0.00662333735984208
0.006724466669293659
0.006826376123677597
0.00692913149958635
0.007032476571275427
0.007136390538264987
0.007240955552103244
0.007346245449233251
0.007452337010821276
0.007559300459161945
0.007666807276046634
0.007774887030796775
0.007883635069409214
0.007993130354305211
0.008103438358996995
0.008214613968315659
0.008326479002765718
0.008438918347739612
0.008552005909973272
0.00866581729922344
0.008780408050108898
0.008895821501223177
0.009012095158486883
0.009129091775405367
0.009246677563346465
0.009364904702464014
0.009483818791497609
0.009603460222948272
0.009723874945577943
0.00984509537377466
0.009967147856718671
0.01008979271991803
0.0102130176355431
0.0103368609731066
0.01046135696338294
0.01058653556753644
0.01071242284163805
0.01083904155041272
0.0109664117697944
0.01109441249609295
0.01122295233595497
0.01135206387456808
0.01148177612119791
0.01161211436310228
0.01174310053530001
0.01187475358342197
0.01200708980976518
0.01214012326138323
0.0122738408595717
0.01240807766699677
0.01254285389632704
0.01267818772496542
0.0128140950621664
0.0129505913751313
0.013087690923092
0.01322540568873553
0.01336374449062562
0.01350271230406147
0.01364231051442256
0.0137824478973657
0.01392307799887144
0.0140642056820886
0.01420583387600666
0.01434796441392368
0.01449059870276707
0.01463373804674395
0.01477738342064664
0.01492153511299056
0.01506619174426124
0.01521134899666109
0.01535699799208056
0.01550312453714294
0.01564970859229156
0.01579667346204458
0.01594400291518244
0.01609167473113128
0.01623965729682466
0.01638790926606873
0.01653631503193179
0.01668476728626883
0.01683320306238111
0.01698154206176546
0.01712969201301075
0.01727758779423683
0.01742473130325492
0.0175711091886714
0.01771676679401255
0.01786173722151668
0.01800601170757373
0.01814969652275131
0.01829272197058683
0.01843517070833646
0.01857714963767401
0.01871857034210663
0.01885952411084351
0.01900009988378383
0.01914029027237537
0.0192800868332826
0.01941955810205229
0.01955873871962464
0.01969767073246617
0.01983638856943581
0.01997486122606993
0.02011310020501984
0.02025112478826038
0.02038895040276307
0.02052658853397399
0.02066405351288401
0.02080134049949597
0.02093844091523902
0.02107537240592151
0.02121215728111794
0.02134880707046488
0.02148533708975803
0.02162176309939913
0.02175809321291223
0.02189433069893124
0.02203046486747219
0.02216650700275372
0.022302465442057
0.02243835227721097
0.02257418800617741
0.02270999583100932
0.02284579498607107
0.02298152490539064
0.02311720762049614
0.02325286364533804
0.02338851733946472
0.02352419788061619
0.02365993667145877
0.02379571106008731
0.02393147751342724
0.02406726661553909
0.02420311251974434
0.02433904392964066
0.024475074189498
0.02461121614735816
0.02474741148354297
0.02488367216403748
0.02502002200427574
0.02515647065097528
0.02529302602343382
0.02542969706803278
0.02556649004832875
0.02570341073195151
0.02584044706010615
0.02597757645610526
0.02611480664488467
0.02625214762124177
0.02638960824073473
0.02652719682291197
0.02666492209756316
0.0268027945978679
0.02694082780630336
0.02707897519175431
0.02721724031510828
0.02735563327580387
0.0274941633649451
0.02763283982410899
0.0277716735777258
0.02791067743097182
0.02804986711120851
0.02818919511204486
0.02832865751416052
0.02846826439666468
0.02860802626215523
0.02874795457195003
0.02888806176184036
0.02902836224784343
0.02916886975880683
0.0293095404156009
0.02945036130851954
0.02959134293814235
0.02973249662584351
0.02987383455206977
0.03001536895580574
0.03015711252036591
0.03029907742505868
0.03044123587842138
0.03058355506934933
0.03072604578891077
0.03086871943838758
0.03101158738949683
0.03115465984707904
0.03129794630629148
0.03144145572882422
0.03158519519096319
0.03172910893741942
0.03187319669851391
0.03201746933301663
0.03216193685636478
0.03230660791367159
0.03245148969530531
0.03259658841991351
0.03274190957220556
0.03288745848440194
0.03303319336444309
0.03317910476228395
0.03332520174011012
0.03347149207929739
0.03361798239999805
0.0337646782673249
0.03391158444702398
0.03405870516635279
0.03420604432885887
0.03435360448490964
0.03450133874409747
0.0346492563873014
0.03479736581653138
0.0349456739558214
0.03509418639447079
0.03524290776186906
0.03539184206260973
0.0355409929282357
0.0356903639006105
0.03583995898984119
0.03598973569700945
0.03613969801095863
0.03628985308849614
0.03644020690594168
0.03659076429653119
0.03674152932215138
0.03689250562963051
0.03704369670311635
0.03719510613685163
0.0373467381094509
0.03749858023180738
0.03765061061535276
0.037802835348089
0.03795525997544599
0.03810788938275611
0.03826072738774561
0.03841377712203844
0.03856704140584224
0.03872052299115674
0.03887422519478099
0.03902815185775999
0.03918229690387815
0.03933663338642862
0.03949116508591059
0.03964589533835956
0.03980082727514359
0.03995596325958539
0.04011130513432844
0.04026685460310186
0.04042261354458945
0.04057858455249538
0.04073477084117719
0.04089117602622228
0.0410477754581827
0.04120456146015283
0.04136153583061865
0.04151869976426559
0.04167605472558639
0.04183360227803777
0.04199134436886462
0.04214928270528745
0.04230741906220975
0.04246575571128045
0.04262429540244166
0.04278304109954591
0.04294197533874266
0.04310108366616847
0.04326036684403404
0.04341982504045289
0.04357945815421141
0.04373926611498984
0.04389924910495471
0.04405940768541353
0.04421974282836585
0.04438025605160843
0.04454094950165598
0.04470182588951047
0.04486288822097605
0.04502413946419002
0.04518556196518498
0.04534715720517343
0.04550893008032406
0.04567088604566619
0.04583303087876976
0.04599536975321568
0.04615790744463962
0.04632064872835494
0.04648359881937767
0.04664675992246528
0.04681012794175853
0.04697362390487308
0.04713715302241308
0.04730051554042799
0.04746369753028253
0.04762670684740709
0.04778966956549458
0.04795275413959355
0.04811582971337229
0.04827900061315548
0.04844073136445837
0.048598885054508
0.04875531484142304
0.04890966992809723
0.04906179394210742
0.04921274153118268
0.04936180461702461
0.04950958139536055
0.04965670819586919
0.04980230621102189
0.04994713000277409
0.05009153422833489
0.05023487298876769
0.05037782905406519
0.05052022199643288
0.05066205087676116
0.05080370910387443
0.05094489496061744
0.05108581117371641
0.05122676503460215
0.05136738776276902
0.05150788882331458
0.05164844113077006
0.05178872559844862
0.05192893862153452
0.05206913607294719
0.05220930145970167
0.05234940095405475
0.05248948339292911
0.0526295594172147
0.05276969180470709
0.05290977406551263
0.05304998445058812
0.05319030349960199
0.0533306774347658
0.05347128289852166
0.05361187053496725
0.05375269763700802
0.05389346275066492
0.05403442014058096
0.05417549460573486
0.05431667535161926
0.05445797983426102
0.05459929690378958
0.05474074862039252
0.05488218493323972
0.05502378221785303
0.05516538778972414
0.05530714024241924
0.05544889169152484
0.05559069601075591
0.05573250891622237
0.05587432833870875
0.05601621847171721
0.05615812781811497
0.05630014166698635
0.05644214013825413
0.05658417878326682
0.05672617478820047
0.05686818430770519
0.05701019518300039
0.05715222017376987
0.05729429750625863
0.05743637035446796
0.05757844862035213
0.05772048240800961
0.05786249474935993
0.05800447110612793
0.05814645077317383
0.05828841835116984
0.05843038001462044
0.05857232558418402
0.05871423359227308
0.05885609062166402
0.05899789659735827
0.05913965549234748
0.05928137066018913
0.05942307220434035
0.05956472536007951
0.05970635176677784
0.05984790692785803
0.0599894100459846
0.06013083184202266
0.06027221250383315
0.06041355865558971
0.06055486714118096
0.06069614390345218
0.06083733440545341
0.06097847965254014
0.06111954766868838
0.0612605715791014
0.06140155575637697
0.06154251279130724
0.06168344549745512
0.0618243166665668
0.06196515543747744
0.06210595122542784
0.06224670243091138
0.06238743571017039
0.06252811883450041
0.06266878008148098
0.06280941702389044
0.06295002277116984
0.06309062759400635
0.06323119689341392
0.06337176450774255
0.06351231564739683
0.06365284427095393
0.06379337257181537
0.06393387015282513
0.06407438086457205
0.0642148580793382
0.06435532737875016
0.06449581226707814
0.06463627749777537
0.06477671193693471
0.06491711160903574
0.06505735979609159
0.06519751288460549
0.06533772453686641
0.06547816012055643
0.06561906879070678
0.06576076808158855
0.06590364813374062
0.06604754278933193
0.06619210510047731
0.06633746403125991
0.06648328620902923
0.06662984744525993
0.06677709446679965
0.06692481040165137
0.06707334149232333
0.06722252231558462
0.0673723097239864
0.06752296117569176
0.06767409121145541
0.06782592822906082
0.06797855368876635
0.06813175631680912
0.06828589540782334
0.06844051791141291
0.06859583545499301
0.06875200257104921
0.06890876220915426
0.06906647600369727
0.06922469995785183
0.06938372681763402
0.06954350253514022
0.06970390388123336
0.06986523094119973
0.07002712907587647
0.07018942564867844
0.07035134579614098
0.07051294231875414
0.07067420100805338
0.07083501288974359
0.07099560349099721
0.07115567483601223
0.07131552928378504
0.07147498681512524
0.0716341827433416
0.07179304358653116
0.07195151189177089
0.0721097871771044
0.07226759996089842
0.07242521257144646
0.07258241713977083
0.0727394046404647
0.07289605072003058
0.07305241772513968
0.07320851013645409
0.0733642465188489
0.0735197800780564
0.07367487792970481
0.07382976332798946
0.07398425991334816
0.0741385004662783
0.07429239150633804
0.07444596339298866
0.07459928351544108
0.07475223645677072
0.07490498734828054
0.07505732033286233
0.07520944090840335
0.07536112693203871
0.07551254193627886
0.07566359891008596
0.07581435280934183
0.07596481496535487
