0
0.002112885636821292
0.004030601241884937
0.005858953448238452
0.007598072898366144
0.009273880736527278
0.01091205204477655
0.01252232237408846
0.01411014455966217
0.01568101388006844
0.01723981926828175
0.01879562464132487
0.02036494003489854
0.0219187951697612
0.02347369835188198
0.02505050371745778
0.02666675643367111
0.02831856433368843
0.02999582888023194
0.03171721035180922
0.03349116511018981
0.03531496372738894
0.03718453084209645
0.03910056701585418
0.0410645307279086
0.04307540693933712
0.04513140201555044
0.04723199903945453
0.04937591137715901
0.05156143736949522
0.0537867636748818
0.05604710600505099
0.05833792359386093
0.06065671358218522
0.06300041327596688
0.06536511676520528
0.0677457642692781
0.07013923296548841
0.07254266334768791
0.07495371500785324
0.07737102220300712
0.07979316075896392
0.08221894633905849
0.08464677110559209
0.08707351941472016
0.08949839219083876
0.0919212585616818
0.09434231471604954
0.09676193181246945
0.09918062547602922
0.1015989654024235
0.1040177500218313
0.1064380683712688
0.1088611043470122
0.1112880089624519
0.1137198516406045
0.1161576002042457
0.1186017224134514
0.1210523865881344
0.1235091039108672
0.1259686706414866
0.1284320604428508
0.1309002433582625
0.1333741695862904
0.1358544851231271
0.1383414043897191
0.1408350301126084
0.1433354008573543
0.1458425718502532
0.1483566540952082
0.1508778199721745
0.1534062818863206
0.1559422629100566
0.1584859910570071
0.1610376236726353
0.1635972281407823
0.166164787609336
0.1687390395764596
0.1713189885313706
0.1739047251831998
0.1764963230596689
0.1790938142994798
0.1816971740222987
0.1843063620542997
0.1869213292581341
0.1895419972160886
0.1921683084470404
0.1948002058150443
0.1974376238652186
0.2000804890171017
0.2027287245498862
0.2053822572793138
0.2080410222531839
0.2107049636635402
0.2133740327391787
0.216048183495012
0.2187273672686305
0.2214115278249871
0.2241005989411889
0.2267945065764776
0.2294922122141751
0.2321934271588162
0.2348981508962988
0.2376063808842651
0.2403181289032444
0.2430334209669489
0.2457522941757604
0.2484747771746979
0.2512008971189337
0.2539307104717495
0.2566642885540015
0.2594017052091526
0.2621430252042251
0.2648882995150453
0.267637562811232
0.270390849644878
0.2731482045940764
0.2759096815980351
0.2786753457409818
0.2814452651403194
0.2842195066932563
0.2869981312697296
0.2897811890950842
0.2925687168489453
0.2953604533045046
0.2981558404348099
0.300954835548969
0.3037573883777143
0.3065634465417557
0.3093729711373225
0.312185931731993
0.3150023149450757
0.3178221252308477
0.3206453757883627
0.3234720826739657
0.3263022606623059
0.3291359204199823
0.3319730659459015
0.3348136939772257
0.3376577927064712
0.3405053498476268
0.3433563558130671
0.3462108047285383
0.3490686941263767
0.3519300237225481
0.3547947937832459
0.3576630036303676
0.3605346507063112
0.3634097303703258
0.3662882364700984
0.3691701627037992
0.372055324694589
0.3749432120030822
0.3778338352742353
0.3807272028211784
0.3836233343361544
0.3865222514882449
0.3894239725005831
0.3923285095069847
0.3952358682194781
0.3981460410725128
0.4010589786845
0.4039746312339433
0.4068929602088319
0.4098139381106256
0.4127375457746056
0.4156637702655847
0.41859260315631
0.4215240393552145
0.4244580764328683
0.4273947143371233
0.4303339553460565
0.4332758040650924
0.436220267267653
0.4391673534316904
0.4421170707526009
0.4450694270411329
0.4480244293425183
0.4509820884571196
0.4539424191116456
0.4569054446936658
0.4598708818677905
0.4628385722394638
0.4658085329650811
0.4687807766650104
0.4717553093948474
0.474732132402766
0.477711244878012
0.4806926464923046
0.4836763406368401
0.4866623340610998
0.4896506365751898
0.4926412597247772
0.4956342162850217
0.498629520170474
0.5016271707254599
0.5046271420463136
0.5076294109812821
0.5106339611207145
0.5136407806306406
0.5166498605316748
0.5196611937398247
0.5226747747254139
0.5256905994382332
0.5287086652396256
0.531728970723486
0.5347515154193464
0.537776299435173
0.5408033231206624
0.5438325860464205
0.546864087620163
0.5498978278357296
0.5529338189273284
0.5559720845517159
0.5590123310720198
0.5620544654769701
0.5650985116042407
0.5681444879984103
0.5711924079642259
0.5742422815024967
0.5772941193193876
0.5803479334981708
0.5834037381043035
0.5864615479044741
0.5895213770721359
0.592583238191561
0.5956471417269341
0.5987130958660593
0.6017811065996743
0.604851169616073
0.607923250311414
0.6109973150150571
0.6140733372677798
0.6171512971289406
0.6202311801288479
0.6233129764031885
0.6263966797913003
0.6294822867844895
0.6325697953893415
0.635659204068924
0.6387505109275331
0.6418437132401036
0.6449388073380518
0.6480357887863935
0.6511346527433546
0.6542353939265804
0.6573380074409232
0.6604424895864374
0.6635488493821089
0.6666570792923602
0.669766875677679
0.6728782554089571
0.6759912317857294
0.6791058140426376
0.6822220090815415
0.6853398237552214
0.6884592667021082
0.6915803490990675
0.6947030861906616
0.6978274949929657
0.7009535928718934
0.7040813954557538
0.7072109156097052
0.7103421633686124
0.7134751464401823
0.7166098709854161
0.7197463423906344
0.7228845658951571
0.7260245397703735
0.7291662388147139
0.7323096397238068
0.7354547259516886
0.7386014867154956
0.7417499157447023
0.7449000102518554
0.7480517699920597
0.7512051963475849
0.7543602914858243
0.7575170576834189
0.7606754968872628
0.7638356105237709
0.7669973995068392
0.7701608643584097
0.7733260048700206
0.7764928206898227
0.7796613115847034
0.7828314860972047
0.7860033406896718
0.7891766358584985
0.7923513900656355
0.7955276136587932
0.7987053119280922
0.8018844863815666
0.8050651368976013
0.8082472637930007
0.8114308689506262
0.8146159576407337
0.8178025371425933
0.8209906160001038
0.8241802023858282
0.8273713031283202
0.8305639233937921
0.8337580667646443
0.8369537354691911
0.840150930610243
0.8433496523448397
0.8465498988959839
0.8497516523281925
0.8529548871697114
0.8561595821010021
0.8593657210985549
0.8625732928276852
0.8657822899332414
0.8689927082943006
0.8722045461816321
0.8754178033605997
0.8786324802497879
0.8818485772493485
0.885066094311078
0.8882850307620811
0.8915053853404742
0.8947271563698463
0.8979503419925237
0.9011749403949297
0.9044009499824909
0.9076283689724365
0.9108571960320375
0.9140874334230497
0.9173190872881017
0.9205519446658982
0.9237860201091501
0.9270213251634332
0.9302578677519395
0.9334956529508266
0.9367346844316849
0.9399749659556988
0.9432165024656179
0.9464593006206299
0.9497033685884746
0.9529487166335477
0.9561953554620145
0.9594432955785488
0.962692546096143
0.9659431142519797
0.9691950054873834
0.9724482237920157
0.9757027720851494
0.9789586525236371
0.9822158667249922
0.9854744131898938
0.9887342739012145
0.9919954287505385
0.9952578622565087
0.9985215636848203
