0
0.0001320553523013307
0.0002519125776178086
0.0003661845905149032
0.000474879556147884
0.0005796175460329549
0.0006820032527985344
0.0007826451483805285
0.0008818840349788853
0.0009800633675042776
0.001077488704267609
0.001174726540082804
0.001272808752181159
0.001369924698110075
0.001467106146992624
0.001565656482341111
0.001666672277104445
0.001769910270855527
0.001874739305014496
0.001982325646988076
0.002093197819386863
0.002207185232961809
0.002324033177631028
0.002443785438490886
0.002566533170494288
0.00269221293370857
0.002820712625971903
0.002951999939965908
0.003085994461072438
0.003222589835593451
0.003361672729680113
0.003502944125315687
0.003646120224616308
0.003791044598886576
0.00393752582974793
0.00408531979782533
0.004234110266829881
0.004383702060343025
0.004533916459230495
0.004684607187990827
0.004835688887687945
0.004987072547435245
0.005138684146191156
0.005290423194099505
0.00544209496342001
0.005593649511927422
0.005745078660105113
0.005896394669753096
0.006047620738279341
0.006198789092251827
0.006349935337651469
0.006501109376364458
0.006652379273204301
0.006803819021688265
0.006955500560153241
0.007107490727537781
0.007259850012765354
0.007412607650840712
0.007565774161758398
0.0077193189944292
0.00787304191509291
0.008027003777678173
0.008181265209891405
0.008335885599143148
0.008490905320195445
0.008646337774357445
0.008802189382038023
0.008958462553584642
0.009115160740640825
0.009272290880950513
0.009429863748260905
0.009587892617895034
0.009746391431878538
0.009905374441062943
0.01006485147953971
0.01022482675879889
0.0103852992255835
0.01054618997352872
0.01070743678321066
0.01086904532394999
0.01103102019122931
0.01119336339371749
0.01135607337639367
0.01151914762839373
0.01168258307863338
0.01184637482600554
0.01201051927794002
0.01217501286344027
0.01233985149157616
0.01250503056356886
0.01267054528436789
0.01283639107995711
0.01300256389082399
0.01316906022897126
0.01333587704619867
0.01350301146843825
0.01367046045428941
0.0138382204890617
0.01400628743382431
0.01417465666102985
0.01434326326338594
0.01451208919742601
0.01468113443101867
0.01485039880526657
0.01501988305645278
0.01518958881043431
0.01535951838598503
0.01552967357341862
0.01570005606993335
0.01587066940448434
0.0160415180346251
0.01621260657557204
0.01638393907526407
0.01655551871969033
0.016727347675702
0.01689942810280488
0.01707176278712978
0.0172443550998772
0.01741720910881136
0.01759032907126996
0.01776371916832852
0.0179373832043581
0.01811132431844276
0.01828554480305908
0.01846002833153153
0.01863474002717562
0.01880967722181056
0.01898483677360714
0.01916021540885973
0.01933581069608266
0.01951162073324956
0.01968764468406723
0.01986388282692798
0.02004033598677267
0.02021700516712286
0.02039389129139412
0.02057099502624889
0.02074831662161885
0.02092585587357661
0.02110361204415445
0.02128158436547668
0.02145977223831669
0.02163817529553365
0.02181679338289854
0.02199562648265926
0.02217467461145287
0.02235393772689797
0.02253341566914445
0.02271310814814536
0.02289301477938115
0.02307313516898745
0.02325345779341181
0.02343395075019264
0.0236146147046397
0.02379545017632365
0.02397645839600965
0.0241576407180153
0.02433899828128644
0.02452053184418654
0.02470224176371738
0.02488412756703205
0.02506618616778125
0.02524841445212146
0.025430810013052
0.0256133711319141
0.02579609661091285
0.02597898564159904
0.02616203769726938
0.02634525245970091
0.02652862977705427
0.02671216964607021
0.02689587220912853
0.02707973775406827
0.02726376670422831
0.02744795958948065
0.02763231692203756
0.02781683919007081
0.02800152683390739
0.02818638052856997
0.02837140119447785
0.02855659029335412
0.0287419301167369
0.02892741076496649
0.02911303331031757
0.02929879854156315
0.02948470683717796
0.02967075827517287
0.02985695280487575
0.03004329040576904
0.03022977128980251
0.03041639587881874
0.03060316478594936
0.03079007873279858
0.03097713851781386
0.03116434501065462
0.03135169817034125
0.0315391963778946
0.03172683818633013
0.03191462257004465
0.03210254878941503
0.03229061628322968
0.03247882460873904
0.03266717342033837
0.03285566246488957
0.0330442915774766
0.03323306067021788
0.03342196971370915
0.03361101871469831
0.0338002076950414
0.03398953662790128
0.03417900547626019
0.0343686142397331
0.03455836368295803
0.03474825528448224
0.03493827069200123
0.03512840409231063
0.03531865697526505
0.03550903049990065
0.03569952549776412
0.03589014259390604
0.03608088245746172
0.03627174584363568
0.03646273363151897
0.03665384674402963
0.0368450860670085
0.03703645238697256
0.03722794635793338
0.0374195684916287
0.03761131916247965
0.03780319810100456
0.03799520314446338
0.03818733218844107
0.03837958357923624
0.03857195607055879
0.038764448758053
0.03895706102519928
0.03914979248695627
0.03934264292403059
0.03953561221183385
0.03972870025430775
0.03992190693297082
0.04011523207750647
0.04030867545862823
0.04050223679914959
0.04069591579645966
0.04088971212041127
0.0410836254650577
0.04127765559915234
0.04147180308638181
0.04166606745577251
0.04186042972985494
0.04205489096305982
0.04224945198660809
0.04244411337766485
0.04263887556759634
0.04283373898470134
0.04302870416888176
0.04322377181869172
0.04341894288691635
0.04361421843706036
0.04380959955449334
0.04400508721598461
0.04420068222560657
0.04439638521053828
0.04459219665251139
0.0447881169365885
0.04498414639941465
0.04518028536844732
0.04537653373564834
0.04557288992591962
0.04576935248273793
0.04596592037198054
0.04616259291971848
0.04635936973404389
0.04655625064074096
0.04675323562450373
0.04695032477172405
0.04714751821786402
0.04734481610521368
0.04754221855545392
0.04773972565773568
0.04793733746917745
0.04813505402240061
0.04833287530437629
0.04853080129311392
0.04872883197404396
0.04892696788107529
0.04912520879310449
0.04932353974115616
0.04952196187910222
0.04972047585367458
0.04991908199550577
0.05011778039884791
0.05031657105610008
0.05051545398706254
0.05071442930941414
0.05091349735254586
0.05111265857141208
0.05131191350000649
0.05151126264911426
0.05171070644552001
0.05191024521211201
0.05210987917279027
0.05230960846682444
0.05250943316314019
0.05270935327155248
0.05290936868099899
0.05310947827051203
0.05330968044810696
0.05350997388131263
0.05371035756865968
0.05391083080173033
0.05411139312082758
0.05431204426839379
0.05451278413635201
0.05471361271003748
0.05491453001561174
0.05511553607808428
0.05531663089444237
0.05551781442263007
0.05571908658377964
0.0559204472731154
0.05612189637453273
0.05632343377468311
0.05652505937390568
0.05672677306077728
0.05692857475200234
0.0571304645889406
0.05733244295550636
0.05753449654161864
0.05773662625682188
0.05793883282271457
0.05814111673449622
0.05834347830942666
0.05854591777698031
0.05874843537223118
0.05895103140410112
0.05915370628878937
0.05935646053677966
0.05955929478959673
0.05976220971637591
0.0599652059736593
0.06016828413100894
0.06037144464074873
0.06057468784296146
0.06077801398700098
0.06098142325532184
0.06118491578272732
0.06138849167031201
0.06159215082436836
0.06179589211882591
0.06199971429690865
0.06220361639103179
0.06240759773030127
0.06261165789896302
0.06281579669089392
0.06302001405965438
0.06322431006446305
0.06342868481739126
0.06363313843874027
0.0638376710260081
0.06404228263849934
0.06424697329609408
0.06445174298816672
0.06465659168762626
0.06486151936540148
0.06506652600193442
0.06527161156997649
0.06547677606279402
0.06568201949023086
0.06588734202353209
0.06609274402144487
0.06629821902116542
0.06650376399370891
0.06670937929016839
0.06691506511426536
0.06712082156923767
0.06732664870811716
0.06753254658815439
0.06773851531500606
0.06794455506666353
0.0681506660975468
0.0683568487276006
0.0685631033149199
0.06876943026904397
0.0689758299923323
0.0691823028682047
0.06938884922553289
0.06959546932741145
0.06980216337703254
0.07000893152905441
0.07021577389924033
0.07042269049355508
0.07062968052429154
0.07083674288346038
0.07104387665000306
0.07125108113135831
0.07145835584097307
0.07166570047355619
0.07187311487495764
0.07208059900429636
0.07228815289191119
0.07249577659986371
0.07270347019103664
0.07291123370992296
0.07311906717486666
0.07332697057911482
0.07353494389707589
0.07374298709246724
0.07395110012603862
0.07415928296170916
0.07436753557085433
0.0745758579278767
0.07478425000177501
0.07499271176804573
0.07520124330763775
0.07540984484751394
0.07561851676833173
0.07582725352568012
0.07603605265679118
0.07624491432378014
0.07645383857417812
0.07666282547352195
0.07687187512208357
0.0770809876678562
0.07729016331301744
0.07749940231110269
0.07770870495726015
0.07791807157513848
0.07812750250350621
0.07833699808407205
0.07854655864838964
0.07875618453973056
0.07896587607808273
0.07917563355682677
0.07938545722439593
0.07959534728018071
0.07980530387975485
0.08001532703400135
0.08022541596825561
0.08043556973610776
0.08064578758088327
0.08085606895284125
0.08106641348217758
0.08127682094839014
0.08148729124874099
0.08169782436684145
0.08190842033940268
0.08211907922575297
0.08232980108414559
0.08254058595710795
0.08275143386567979
0.08296234481043818
0.08317331877636473
0.08338435573886206
0.08359545566913669
0.08380661853821181
0.084017844319632
0.08422913299131096
0.08444048451776859
0.08465189887500217
0.08486337606105132
0.08507491619182168
0.08528651950171418
0.08549818631183352
0.08570991698917492
0.08592170875277753
0.08613355719361382
0.086345462588585
0.08655742493422666
0.0867694441974346
0.08698152041293004
0.08719365368459658
0.08740584417610059
0.08761809207474945
0.08783039757900075
0.08804276092091166
0.08825518234753409
0.08846766210669378
0.08868020043968003
0.08889279757986678
0.08910545375167428
0.08931816918548303
0.08953094411698699
0.08974377877996126
0.08995667338698762
0.09016962808619448
0.09038264241644728
0.09059571558111747
0.09080884691728403
0.09102203594893324
0.09123528236730559
0.091448586002239
0.09166194679056713
0.09187536474088155
0.09208883990441427
0.09230237235164525
0.09251596215520462
0.09272960937934467
0.09294331407530429
0.09315707628117971
0.09337089602445987
0.09358477332543325
0.0937987082001923
0.09401270066268555
0.09422675072589942
0.09444085840261093
0.09465502370620087
0.09486924663949488
0.09508352721024686
0.09529786542464466
0.09551226138958051
0.09572671531975374
0.09594122751264879
0.09615579831005629
0.09637042805829578
0.09658511707913128
0.09679985992313112
0.09701465535311357
0.09722950360423034
0.09744440481533631
0.09765935897279972
0.09787436612635005
0.09808942637509008
0.098304539852687
0.09851970671473347
0.09873492712839306
0.09895020126452621
0.09916552929293379
0.09938091138053608
0.09959634769156567
0.09981183838850739
0.1000273836298783
0.1002429835778388
0.1004586383907289
0.1006743482273871
0.1008901132031368
0.1011059328922009
0.1013218065658766
0.1015377336035695
0.1017537135457995
0.1019697460814278
0.1021858310237074
0.1024019682811852
0.1026181578259429
0.1028343996637359
0.1030506938105967
0.1032670402774337
0.1034834390654178
0.1036998901669275
0.1039163935686919
0.104132949254608
0.1043495572070433
0.1045662174066023
0.1047829298309627
0.1049996944535662
0.1052165112428332
0.1054333801623117
0.1056503011718685
0.1058672742297299
0.1060842992742293
0.1063013762551178
0.1065185051691545
0.1067356861044201
0.1069529192312853
0.1071702047747965
0.1073875429816848
0.1076049340907504
0.107822378312105
0.1080398754186149
0.1082574194982728
0.108475010739525
0.108692649339259
0.1089103354196068
0.1091280689634026
0.1093458500029668
0.1095636786055713
0.1097815548612779
0.1099994788749029
0.1102174507604523
0.1104354706371431
0.1106535386271281
0.1108716548547826
0.1110898194470266
0.1113080325339216
0.111526294248787
0.1117446047272848
0.1119629641052546
0.1121813725154426
0.1123998300854287
0.1126183367014995
0.1128368918266683
0.1130554949380586
0.1132741454959346
0.1134928431506891
0.1137115877148266
0.1139303791148528
0.1141492173471382
0.114368102442463
0.114587034441166
0.1148060133791739
0.1150250392833996
0.1152441121735704
0.1154632320670015
0.1156823989832994
0.1159016129471524
0.1161208739880337
0.1163401821388572
0.1165595374355756
0.1167789399153047
0.116998389613796
0.117217886563113
0.1174374307903936
0.1176570223182184
0.1178766611512407
0.1180963472995744
0.1183160807983648
0.11853586176384
0.1187556903910038
0.118975566931088
0.1191954916618501
0.1194154648593817
0.1196354867772328
0.1198555576353106
0.1200756776180137
0.1202958423979451
0.1205160508751432
0.1207363032958138
0.1209565999030711
0.1211769409114636
0.1213973263744586
0.1216177563557558
0.1218382309457944
0.1220587502539111
0.1222793144029373
0.1224999235263259
0.1227205777654126
0.1229412772668339
0.1231620221804166
0.1233828126576273
0.1236036488503998
0.1238245309099992
0.1240454589855839
0.124266433223814
0.1244874537359822
0.1247085202727588
0.1249296323723485
0.125150789613117
0.1253719916454338
0.1255932381818285
0.1258145290689829
0.1260358642897594
0.1262572439023942
0.1264786679884477
0.1267001366194351
0.1269216498423207
0.1271432076795098
0.1273648101371814
0.127586457216066
0.127808148920394
0.1280298852629534
0.1282516662647415
0.1284734919543379
0.1286953623655656
0.1289172775335397
0.1291392374899847
0.1293612422590434
0.1295832918547035
0.1298053862804027
0.1300275255203918
0.1302497095559444
0.130471938371793
0.1306942120189047
0.1309165306174173
0.1311388943391718
0.1313613033823576
0.1315837579464503
0.1318062582131148
0.1320288043356983
0.1322513964370783
0.1324740346136911
0.1326967189427631
0.1329194468190739
0.1331422158286268
0.1333650261210444
0.1335878778913038
0.1338107713066143
0.1340337065001479
0.1342566834853102
0.134479702244316
0.1347027627890434
0.1349258651527466
0.1351490093846288
0.135372195546168
0.135595423707482
0.1358186939439273
0.1360420063333744
0.1362653609543406
0.1364887578848389
0.136712197201586
0.1369356789800696
0.1371592032914417
0.1373827700641686
0.1376063788614527
0.137830029263139
0.1380537209256496
0.1382774535805212
0.138501227055289
0.13872504126072
0.138948896100793
0.1391727915629658
0.1393967276702704
0.1396207044456639
0.1398447218940385
0.1400687799991968
0.14029287872992
0.1405170180493002
0.1407411979230693
0.1409654183247132
0.1411896792369673
0.1414139806504602
0.141638322560748
0.1418627049649482
0.1420871278581408
0.1423115912325569
0.1425360950772266
0.1427606393777324
0.1429852241161048
0.1432098492711832
0.1434345148111861
0.1436592207064372
0.1438839669341282
0.1441087535306176
0.1443335805935161
0.1445584482666124
0.1447833567181075
0.1450083061190261
0.1452332966266082
0.1454583283749351
0.1456834014726504
0.1459085160059987
0.1461336720447179
0.1463588678439348
0.1465841007752404
0.1468093709799275
0.1470346786182581
0.1472600238260883
0.1474854067149672
0.147710827306351
0.1479362855878233
0.1481617815780067
0.1483873153180774
0.1486128868660435
0.1488384962930012
0.1490641436794126
0.1492898291114479
0.1495155526778142
0.1497413144673289
0.1499671145672283
0.1501929530620176
0.1504188300326104
0.1506447455562157
0.1508706997044531
0.1510966924837696
0.1513227235258693
0.151548792450738
0.1517748989302322
0.1520010427100084
0.1522272236471724
0.1524534416801095
0.152679696808717
0.152905989021026
0.1531323183096265
0.1533586846995036
0.1535850882224875
0.1538115289020243
0.1540380067492323
0.1542645217660219
0.1544910739507973
0.1547176633035877
0.1549442898290662
0.1551709535372223
0.1553976544422336
0.1556243925603633
0.1558511679076486
0.1560779804979352
0.1563048303412794
0.156531717443509
0.1567586418073631
0.1569856034335199
0.1572126023168853
0.1574396384508687
0.1576667118253442
0.1578938224786637
0.158120970505478
0.158348156045088
0.1585753792621646
0.1588026403266062
0.1590299393973378
0.1592572766125541
0.1594846520866353
0.159712065912296
0.159939518165736
0.1601670089125602
0.1603945382127937
0.1606221025357541
0.1608497015287258
0.1610773353099182
0.1613050040179444
0.1615327077676196
0.1617604466525738
0.161988220749508
0.1622160300327546
0.1624438745085144
0.1626717542068162
0.1628996691744937
0.1631276194698699
0.1633556051591738
0.1635836263134061
0.1638116830057497
0.1640397753097042
0.1642679032979105
0.1644960670414586
0.164724266610227
0.1649525020703483
0.1651807734505198
0.165409080490806
0.1656374228569178
0.1658658002569205
0.1660942124645357
0.1663226593348164
0.1665511408007788
0.1667796568716498
0.1670082075816476
0.1672367929676412
0.1674654130146225
0.1676940676818363
0.1679227569623112
0.1681514808646078
0.1683802393994634
0.1686090325741382
0.168837860392238
0.169066722856202
0.169295619970318
0.1695245517429842
0.1697535181876652
0.1699825193224989
0.1702115551688252
0.1704406257490654
0.1706697310844318
0.170898871192912
0.1711280460878432
0.1713572557769892
0.1715865002637843
0.171815779541599
0.1720450936051718
0.1722744424553803
0.1725038261395425
0.1727332447516082
0.1729626984192847
0.1731921872867166
0.1734217114981069
0.1736512711857943
0.1738808664641991
0.1741104974291868
0.1743401641612166
0.1745698667302247
0.1747996052004266
0.1750293796338273
0.1752591900919528
0.1754890336689229
0.1757189097998461
0.1759488185798257
0.1761787601291344
0.1764087345563002
0.1766387419498922
0.1768687823874202
0.1770988559259888
0.1773289625519819
0.177559102280125
0.1777892751441362
0.1780194811901567
0.1782497204720638
0.1784799930486213
0.1787102989811787
0.1789406383318316
0.1791710111620698
0.1794014175318346
0.1796318574997363
0.1798623311197169
0.1800928384257375
0.1803233792248906
0.180553953205204
0.1807845600896806
0.1810151996591249
0.1812458717665922
0.1814765763377579
0.1817073133618385
0.1819380828653155
0.1821688848780266
0.1823997194142618
0.1826305864501075
0.1828614859201985
0.1830924178046995
0.1833233821088551
0.1835543788449988
0.1837854080221427
0.1840164696425078
0.1842475637026153
0.1844786901964984
0.1847098491191151
0.1849410404687537
0.1851722642479145
0.185403520462707
0.1856348091211633
0.1858661302310426
0.1860974837977014
0.186328869822485
0.1865602883019134
0.1867917392277513
0.1870232225832679
0.187254738349691
0.1874862865040926
0.1877178670639896
0.1879494800912981
0.1881811256818078
0.1884128039492322
0.1886445150094093
0.1888762589684073
0.1891080359161908
0.189339845925599
0.1895716890551336
0.1898035653535773
0.190035474864641
0.1902674176304096
0.1904993936930567
0.190731403094912
0.1909634445916953
0.1911955162751821
0.1914276182043191
0.1916597504472467
0.1918919130909596
0.192124106205797
0.192356329847652
0.1925885840675456
0.1928208688923813
0.1930531842989351
0.1932855302890262
0.1935179068802376
0.1937503141000737
0.1939827519820596
0.1942152205635654
0.1944477198841262
0.1946802499840886
0.1949128109035684
0.1951454026816378
0.1953780253563961
0.195610678962095
0.1958433635245971
0.1960760788904227
0.196308824767833
0.1965416008939795
0.196774407056625
0.1970072431074823
0.19724010896511
0.1974730046031252
0.1977059300287083
0.1979388852600228
0.1981718703091475
0.1984048851747695
0.198637929847477
0.1988710042766719
0.199104108418963
0.199337242264447
0.1995704058162608
0.1998035990769823
0.2000368220434514
0.2002700747072451
0.2005033570577598
0.2007366690856201
0.2009700107850667
0.2012033821548135
0.2014367831974671
0.201670213917959
0.2019036743215648
0.2021371644120418
0.202370684190266
0.2026042336535666
0.2028378127957795
0.2030714216079166
0.2033050600736994
0.2035387281782612
0.2037724259111971
0.2040061533000144
0.2042399104109537
0.2044736973394504
0.2047075141961811
0.2049413610932776
0.2051752381338985
0.2054091454066916
0.2056430829850184
0.2058770509296188
0.2061110492929072
0.2063450781232226
0.2065791374678979
0.2068132273746804
0.2070473478916249
0.2072814986684255
0.2075156772316398
0.2077498836308662
0.2079841179246475
0.2082183801920128
0.2084526705079601
0.2086869889351728
0.2089213355300285
0.2091557103499788
0.2093901134236373
0.209624544750059
0.2098590043494586
0.2100934922544739
0.2103280085051679
0.2105625531458709
0.2107971262235102
0.2110317277863279
0.2112663578828052
0.2115010165607693
0.2117357038674269
0.2119704198461869
0.2122051645345217
0.2124399378514815
0.2126747395394332
0.2129095693624709
0.2131444271287391
0.2133793127031824
0.2136142260127939
0.2138491670382839
0.2140841357954234
0.214319132313901
0.2145541566206272
0.2147892087309528
0.215024288647663
0.2152593963652281
0.2154945318752162
0.2157296951631071
0.2159648862039115
0.2162001050143384
0.2164353516247642
0.2166706260589242
0.2169059283271904
0.2171412584290336
0.2173766163592429
0.2176120021139713
0.2178474156945718
0.2180828571087478
0.218318326369545
0.2185538234931277
0.2187893484962756
0.2190249013942786
0.2192604821995807
0.219496090921233
0.2197317275650323
0.219967392126919
0.2202030846043509
0.2204388050064824
0.2206745533760519
0.2209103297868235
0.2211461343326298
0.2213819671154439
0.2216178282349021
0.2218537177811454
0.2220896358315908
0.2223255824512417
0.2225615576954695
0.2227975616138962
0.2230335942540969
0.2232696556642232
0.2235057458941594
0.2237418649952894
0.2239780130192756
0.2242141900163818
0.224450394835708
0.2246866260700782
0.2249228837623968
0.2251591679610372
0.2253954787226561
0.2256318161238643
0.2258681802303196
0.2261045710972266
0.2263409887761716
0.2265774333207638
0.226813904755038
0.2270504030809189
0.2272869283174428
0.2275234804931509
0.2277600596420428
0.227996665801192
0.2282332990095788
0.2284699593071823
0.2287066467347851
0.228943361331362
0.2291801031317778
0.2294168721384957
0.2296536681489768
0.229890490942322
0.2301273403297925
0.2303642161680696
0.2306011183680052
0.2308380468920933
0.2310750017406609
0.2313119829329688
0.2315489904902094
0.2317860244248491
0.2320230847373496
0.2322601714186434
0.2324972844554786
0.2327344238346839
0.2329715895534893
0.2332087815899534
0.2334459999330749
0.2336832445958654
0.2339205155945921
0.2341578129376897
0.2343951366238021
0.2346324866449377
0.2348698629910988
0.2351072656540736
0.2353446946294175
0.2355821499166272
0.235819631518045
0.2360571394371842
0.2362946736770589
0.2365322342388906
0.2367698211213366
0.237007434320224
0.2372450738239172
0.2374827396201517
0.2377204316985188
0.2379581500777569
0.2381958948057734
0.2384336659508673
0.238671463590117
0.2389092877986775
0.239147138642358
0.2393850161742102
0.2396229204353941
0.2398608514582796
0.2400988092703019
0.2403367938973659
0.2405748053661423
0.2408128437050842
0.2410509089443262
0.2412890011147934
0.2415271202469042
0.2417652663692114
0.2420034395072407
0.2422416377484986
0.2424798606160695
0.2427181081304092
0.2429563803141356
0.2431946771971719
0.2434329988291081
0.2436713452528455
0.2439097165013357
0.2441481126030252
0.2443865335874285
0.2446249794782892
0.244863450254407
0.2451019459109925
0.2453404664537923
0.2455790118942813
0.2458175822474249
0.246056177530083
0.2462947977603623
0.2465334429569914
0.2467721131360775
0.2470108083101064
0.24724952839236
0.2474882731615947
0.2477270424157672
0.2479658359890135
0.2482046537611464
0.2484434956610424
0.248682361659386
0.2489212517535782
0.2491601659510825
0.249399104256621
0.2496380666658019
0.2498770531648878
0.250116063734573
0.2503550983550928
0.2505941570104759
0.2508332396907691
0.2510723463921119
0.2513114771152682
0.2515506318635229
0.2517898106321589
0.2520290133954042
0.2522682401592624
0.2525074909412072
0.2527467657600936
0.2529860646254183
0.2532253875355694
0.2534647344776384
0.2537041054316252
0.253943500377022
0.2541829192982794
0.2544223621874701
0.2546618290441461
0.2549013198733233
0.2551408346827655
0.2553803734805338
0.2556199362672064
0.2558595230443136
0.2560991338232469
0.2563387686414225
0.2565784275599701
0.2568181106554203
0.2570578180099188
0.2572975497028431
0.2575373058054917
0.2577770863792405
0.2580168914765511
0.2582567211436856
0.2584965754239285
0.2587364543603787
0.2589763579974589
0.2592162863824887
0.2594562395660641
0.2596962176012496
0.2599362205419269
0.2601762484408952
0.2604163013482929
0.2606563793106638
0.2608964804092367
0.2611366044700596
0.261376751537046
0.2616169216505237
0.2618571148561678
0.2620973312080591
0.2623375707725422
0.2625778336086383
0.2628181197696857
0.2630584293090151
0.2632987622842337
0.2635391187562965
0.2637794987451443
0.2640199022826219
0.2642603294097929
0.2645007801723494
0.2647412546177577
0.2649817527945012
0.2652222747489072
0.2654628205234448
0.265703390146577
0.2659439835049124
0.2661846004217663
0.2664252407448955
0.2666659043594725
0.26690659119588
0.2671473012294907
0.267388034470763
0.2676287909498603
0.26786957070172
0.2681103737558668
0.2683512001324347
0.2685920498434185
0.2688329228968523
0.2690738193014628
0.2693147390700314
0.2695556822207134
0.2697966487764716
0.2700376387625943
0.270278652208061
0.2705196891257891
0.2707607495236544
0.2710018334296731
0.2712429408737264
0.2714840718783006
0.271725226457518
0.2719664046203765
0.2722076063748218
0.2724488317307532
0.2726900807013429
0.2729313533028629
0.2731726495535811
0.2734139694723248
0.2736553130771636
0.273896680384465
0.2741380714024376
0.2743794861399531
0.2746209246150895
0.2748623868705071
0.2751038729706006
0.2753453829928715
0.2755869170180678
0.2758284751219277
0.2760700573701179
0.2763116638166945
0.2765532945051509
0.2767949494716157
0.2770366287487177
0.2772783323686813
0.2775200603651263
0.2777618127735646
0.2780035896309471
0.2782453909747164
0.2784872168417488
0.2787290672674267
0.2789709422849481
0.2792128419248778
0.2794547662148957
0.2796967151796802
0.2799386879132433
0.2801806833146955
0.2804227014060841
0.280664742206807
0.2809068057335005
0.2811488920000444
0.2813910010251242
0.2816331328346574
0.2818752874675423
0.282117464955697
0.2823596653249942
0.2826018886002584
0.2828441348091343
0.2830864039818694
0.2833286961144335
0.2835710112042572
0.2838133492568531
0.2840557102793348
0.2842980942771897
0.2845405012540129
0.2847829311120845
0.2850253836625485
0.285267858735428
0.2855103561920277
0.2857528759320641
0.2859954178950936
0.2862379820532787
0.2864805683983038
0.2867231769276709
0.2869658076346264
0.2872084605035616
0.287451135510409
0.2876938326261461
0.2879365518211767
0.2881792930688392
0.288422056347158
0.2886648416388133
0.2889076489298718
0.2891504782080366
0.2893933294610757
0.2896362026758197
0.289879097837822
0.2901220149279491
0.2903649539030016
0.2906079147483755
0.2908508974604774
0.2910939020410561
0.2913369284814507
0.2915799767622054
0.2918230468535473
0.2920661387201653
0.292309252326999
0.2925523876434127
0.2927955446448219
0.2930387233120837
0.29328192362956
0.2935251455828345
0.2937683891566309
0.2940116543289412
0.2942549410780165
0.2944982493924372
0.2947415792814552
0.2949849307721569
0.2952283039023478
0.2954716987126522
0.2957151152400476
0.2959585535140362
0.2962020135556214
0.2964454953784906
0.2966889989914376
0.2969325244010705
0.2971760716141062
0.2974196406388922
0.2976632314860973
0.2979068441687117
0.2981504787015813
0.2983941351007011
0.2986378133824443
0.2988815135628461
0.299125235656973
0.2993689796784046
0.2996127456392684
0.2998565335502201
0.3001003417760171
0.3003441701457972
0.3005880186723512
0.3008318873665199
0.3010757762388986
0.3013196853067607
0.3015636146004312
0.3018075641497571
0.3020515339790172
0.3022955241103678
0.3025395345681824
0.3027835653815338
0.3030276165786079
0.3032716881557076
0.3035157801202477
0.3037598924859814
0.3040040252695038
0.3042481784884976
0.3044923521607687
0.3047365463023827
0.3049807609260684
0.3052249960369987
0.3054692515339529
0.3057135272506057
0.3059578230405731
0.3062021387887603
0.3064464744179152
0.3066908298889243
0.3069352051930542
0.307179600339361
0.3074240153421811
0.3076684502123893
0.3079129049537839
0.3081573795638829
0.308401874037259
0.3086463883693735
0.3088909225594119
0.3091354766114615
0.3093800505341334
0.3096246443392071
0.3098692580400003
0.3101138916500336
0.3103585451822815
0.3106032186490279
0.3108479120621492
0.3110926254335717
0.3113373587713832
0.3115821120642537
0.3118268853276001
0.3120716785880747
0.3123164918708737
0.3125613251944034
0.3128061785720865
0.3130510520081456
0.3132959454999737
0.3135408590400829
0.3137857926202113
0.3140307462352687
0.3142757198855634
0.3145207135719844
0.3147657273026683
0.315010761098544
0.3152558150033091
0.3155008890792546
0.3157459833992144
0.3159910980382534
0.3162362330671584
0.3164813885487378
0.3167265645369509
0.3169717610781728
0.3172169782135965
0.3174622159818243
0.3177074744209816
0.3179527535700342
0.3181980534692946
0.3184433741602902
0.3186887156852431
0.3189340780863934
0.3191794614053527
0.3194248656823437
0.3196702909561457
0.3199157372640891
0.3201612046419513
0.3204066931237297
0.3206522027413895
0.320897732466469
0.321143281682838
0.3213888504216195
0.3216344387112928
0.3218800465778006
0.3221256740449535
0.3223713211350543
0.32261698787198
0.322862674286677
0.3231083804240461
0.3233541063294704
0.3235998520452433
0.3238456176132746
0.3240914030780743
0.3243372084883295
0.3245830338941653
0.324828879316594
0.3250747447742002
0.3253206302887913
0.3255665358355571
0.3258124612686877
0.3260584064539439
0.3263043712813329
0.3265503556724983
0.3267963595845059
0.3270423830061
0.3272884259473263
0.3275344884270606
0.3277805704627952
0.3280266720650418
0.3282727932364884
0.3285189339745008
0.3287650942749752
0.3290112741357978
0.3292574735588805
0.329503692550545
0.3297499311206273
0.3299961892809539
0.3302424670438225
0.3304887644209096
0.3307350814227552
0.330981418058754
0.3312277743374555
0.3314741502669576
0.3317205458552337
0.3319669611103149
0.3322133960338164
0.3324598506132637
0.332706324859293
0.3329528187908288
0.3331993324306257
0.3334458657911752
0.3336924188745977
0.3339389916732391
0.3341855841743528
0.3344321963656364
0.3346788282391167
0.3349254797878726
0.335172151012553
0.3354188419261144
0.3356655525622383
0.3359122829706178
0.3361590332088291
0.3364058033342562
0.3366525933979918
0.3368994034416017
0.3371462334966906
0.3373930835865454
0.3376399537288593
0.3378868439386061
0.3381337542304109
0.3383806846201055
0.338627635125448
0.3388746057661747
0.3391215965636257
0.3393686075401791
0.33961563871867
0.3398626901219006
0.3401097617722849
0.340356853691629
0.3406039659009834
0.3408510984204904
0.3410982512697444
0.34134542446793
0.3415926180336913
0.3418398319847671
0.3420870663375419
0.3423343196375141
0.3425815918006003
0.3428288828422397
0.3430761927760582
0.3433235216138925
0.3435708693659376
0.3438182360410112
0.3440656216469106
0.3443130261920478
0.3445604496917543
0.3448078921731577
0.3450553536650018
0.3453028341928805
0.3455503337816124
0.3457978524576805
0.3460453902495756
0.3462929471863658
0.3465405232703186
0.3467881184977388
0.3470357327740835
0.3472833659633704
0.3475310179461378
0.3477786886277024
0.348026377943523
0.3482740858593386
0.3485218123647432
0.3487695574628196
0.3490173211599226
0.3492651034585214
0.3495129043542572
0.3497607238366719
0.350008561892082
0.3502564185069142
0.3505042936702455
0.3507521873749663
0.3510000996176218
0.3512480303973839
0.3514959797147321
0.3517439475703184
0.3519919339642812
0.3522399388960448
0.3524879623644876
0.3527360043682925
0.3529840649063071
0.3532321439778031
0.3534802415825962
0.3537283577210429
0.3539764923939604
0.354224645590922
0.3544728173003822
0.3547210075287358
0.3549692162882898
0.3552174435876194
0.3554656894319033
0.3557139538183374
0.3559622367386784
0.3562105381788909
0.3564588581216511
0.3567071965498327
0.3569555534455705
0.3572039287975028
0.3574523226085345
0.3577007349022943
0.357949165718166
0.3581976151032989
0.3584460831049032
0.358694569764656
0.358943075115954
0.3591915991838126
0.3594401419866105
0.359688703538679
0.3599372838528652
0.3601858829424974
0.3604345008225268
0.3606831375098867
0.3609317930232698
0.3611804673825754
0.3614291606082501
0.3616778727206783
0.36192660373971
0.3621753536843526
0.3624241225726126
0.3626729104214522
0.3629217172468173
0.363170543063694
0.3634193878861612
0.363668251727418
0.3639171345997267
0.3641660365143424
0.3644149572110449
0.3646638955259069
0.3649128514695232
0.3651618250522665
0.3654108162844008
0.3656598251760318
0.3659088517369863
0.3661578959767245
0.3664069579043666
0.3666560375295514
0.3669051348686496
0.367154249948565
0.3674033827985147
0.3676525334450259
0.3679017019137548
0.3681508882317142
0.3684000924271933
0.3686493145292791
0.368898554550267
0.3691478124850543
0.369397088246491
0.3696463817030134
0.3698956927380987
0.3701450212584612
0.3703943671994959
0.3706437305258987
0.3708931112256478
0.3711425093004463
0.3713919247558844
0.3716413575946296
0.3718908078135531
0.3721402754043038
0.3723897603559169
0.3726392626578689
0.3728887823023836
0.3731383192854388
0.373387873606523
0.373637445267575
0.3738870342716575
0.3741366406218231
0.3743862643204225
0.3746359053688976
0.3748855637679417
0.3751352395178505
0.3753849326188957
0.375634643071612
0.3758843708769586
0.376134116036366
0.3763838785517117
0.376633658425264
0.3768834556596201
0.3771332702583611
0.3773831022031193
0.377632951494808
0.3778828181455445
0.3781327021681136
0.378382603569869
0.3786325223506616
0.3788824585049564
0.37913241202648
0.3793823829056368
0.3796323711279502
0.3798823766785793
0.380132399554293
0.3803824397716639
0.3806324973644669
0.3808825723768761
0.3811326648557151
0.3813827748440908
0.3816329023776929
0.3818830474839379
0.3821332101833047
0.3823833904918388
0.3826335884238318
0.3828838039939749
0.383134037218659
0.3833842881164143
0.3836345567076856
0.3838848430142164
0.3841351470582994
0.3843854688620818
0.3846358084470351
0.3848861658336272
0.3851365410411881
0.3853869340879275
0.3856373449910541
0.3858877737669403
0.3861382204312868
0.386388684999252
0.3866391674855287
0.3868896679043638
0.3871401862695338
0.3873907225942969
0.3876412757959128
0.3878918456454234
0.388142432156039
0.3883930353410803
0.3886436552141372
0.3888942917891158
0.3891449450801536
0.3893956151014433
0.3896463018670418
0.3898970053907399
0.390147725687958
0.3903984627791526
0.3906492166949661
0.3908999874656961
0.391150775117275
0.3914015796732382
0.3916524011575027
0.391903239596298
0.3921540950003873
0.3924049672604757
0.392655856259211
0.3929067618997937
0.3931576841090373
0.3934086228408766
0.3936595780750034
0.3939105498100793
0.3941615380544684
0.3944125428176043
0.394663564104906
0.3949146019160408
0.3951656562462892
0.3954167270892268
0.3956678144393484
0.3959189182937816
0.396170038652814
0.3964211755194342
0.396672328898334
0.3969234987948423
0.3971746852141255
0.3974258881607942
0.3976771076388831
0.3979283436520713
0.3981795962039815
0.3984308652984342
0.398682150939591
0.3989334531319817
0.39918477188045
0.3994361071900647
0.3996874590660358
0.3999388275136573
0.4001902125382773
0.4004416141452809
0.4006930323404686
0.4009444671122532
0.4011959184611541
0.4014473863993416
0.4016988709407545
0.4019503720948786
0.4022018898646111
0.4024534242462194
0.4027049752338316
0.4029565428198831
0.4032081270024289
0.4034597277943626
0.4037113452228091
0.4039629793251941
0.4042146301437589
0.4044662977200747
0.404717982090902
0.4049696832861149
0.4052214013286825
0.4054731362361529
0.4057248880228561
0.4059766567020961
0.4062284422878374
0.4064802447956732
0.4067320642430989
0.4069839006492584
0.4072357540343862
0.4074876244191474
0.4077395118240296
0.4079914162688764
0.4082433377725977
0.4084952763530519
0.408747232027067
0.4089992048105554
0.409251194718674
0.409503201765986
0.4097552259665917
0.4100072673342112
0.4102593258822147
0.4105114016236097
0.410763494571002
0.4110156047365497
0.4112677317117889
0.4115198746827918
0.411772033662233
0.4120242086628093
0.412276399697279
0.4125286067785067
0.412780829919448
0.413033069133051
0.4132853244321036
0.4135375958290811
0.4137898833360519
0.4140421869648209
0.4142945067267252
0.4145468426366335
0.4147991947147124
0.4150515629857096
0.4153039474721101
0.4155563481878951
0.4158087650691162
0.4160611980250961
0.4163136469823926
0.416566111883514
0.4168185926698386
0.4170710893114351
0.4173236017988698
0.4175761301338736
0.4178286743213279
0.4180812343639436
0.4183338102601147
0.4185864020042303
0.418839009588735
0.4190916330062575
0.4193442722513999
0.419596927321469
0.4198495982162279
0.4201022849370715
0.4203549874860713
0.4206077058652248
0.4208604400760677
0.4211131901196365
0.4213659559966619
0.4216187377078424
0.4218715352540746
0.4221243486365766
0.422377177856899
0.4226300229168583
0.422882883818443
0.4231357605637346
0.4233886531548686
0.4236415615940348
0.4238944858835065
0.4241474260256747
0.4244003820230686
0.4246533538783467
0.4249063415942929
0.425159345161765
0.4254123645758117
0.4256653998438715
0.425918450976541
0.4261715179811027
0.4264246008583431
0.426677699601191
0.4269308141989723
0.4271839446553222
0.4274370909874599
0.4276902532242428
0.4279434313990222
0.428196625544651
0.428449835690588
0.4287030618615775
0.4289563040774767
0.4292095623538831
0.4294628367032534
0.4297161271362236
0.4299694336628771
0.4302227562937656
0.4304760950405776
0.4307294499164266
0.430982820935805
0.431236208114291
0.4314896114681151
0.4317430310136866
0.4319964667671647
0.4322499187441282
0.4325033869593677
0.4327568714268021
0.4330103721594926
0.4332638891697244
0.433517422469119
0.4337709720687452
0.4340245379792107
0.4342781202107238
0.4345317187731274
0.4347853336759136
0.4350389649282316
0.4352926125388973
0.4355462765164128
0.4357999563177685
0.4360536513489313
0.4363073616197631
0.4365610871402186
0.436814827920285
0.4370685839698426
0.4373223552987245
0.437576141916886
0.4378299438345671
0.4380837610623611
0.4383375936112606
0.4385914414923848
0.438845304715727
0.4390991832899506
0.4393530772255555
0.4396069865367095
0.4398609112476272
0.4401148513239561
0.4403688066777517
0.4406227772325789
0.4408767629341045
0.4411307637525819
0.4413847796640227
0.4416388106467702
0.4418928566963207
0.4421469178143455
0.4424009940017943
0.4426550852559539
0.4429091915704707
0.4431633129370787
0.4434174493477944
0.4436716007964975
0.4439257672797577
0.4441799487965783
0.4444341453477325
0.4446883569348563
0.4449425835596478
0.445196825223392
0.4454510819268488
0.445705353670411
0.4459596404543825
0.4462139422792421
0.4464682591458061
0.4467225910552673
0.4469769380091377
0.4472313000091435
0.4474856770571247
0.4477400691549719
0.4479944763046119
0.4482488985080341
0.4485033357673392
0.4487577880847866
0.4490122554628241
0.4492667379040893
0.4495212354113791
0.4497757479875913
0.4500302756356444
0.4502848183506225
0.4505393761249078
0.4507939489640949
0.4510485368780239
0.4513031398724373
0.4515577579481286
0.4518123911009735
0.4520670393369712
0.45232170267377
0.4525763811438412
0.4528310747826241
0.4530857836239881
0.4533405076948074
0.4535952470141183
0.4538500015950307
0.4541047714474494
0.4543595565803944
0.4546143570034563
0.454869172727433
0.4551240037644226
0.4553788501276589
0.4556337118312864
0.455888588890154
0.4561434813196331
0.4563983891354325
0.4566533123533905
0.4569082509892469
0.4571632050584172
0.4574181745757997
0.4576731595556394
0.4579281600114594
0.4581831759560536
0.4584382074015262
0.4586932543593547
0.4589483168404612
0.4592033948552793
0.4594584884138124
0.4597135975256854
0.4599687222001932
0.4602238624463509
0.4604790182729456
0.4607341896885924
0.4609893766793798
0.4612445782028894
0.461499794269041
0.4617550248878993
0.4620102700696627
0.4622655298246552
0.4625208041633415
0.4627760930962583
0.4630313966341036
0.4632867147878837
0.4635420475693347
0.4637973949895975
0.4640527570589886
0.464308133787139
0.4645635251834938
0.4648189312577611
0.4650743520108334
0.465329787371434
0.4655852372666393
0.4658407016377195
0.4660961804440847
0.4663516736664701
0.4666071813055067
0.4668627033703345
0.4671182398500627
0.4673737907423358
0.4676293560452022
0.467884935753806
0.4681405298606846
0.4683961383575955
0.468651761237463
0.4689073984956682
0.4691630501304311
0.4694187161424151
0.4696743965336557
0.4699300913067448
0.4701858004640046
0.4704415240072021
0.4706972619375522
0.4709530142559031
0.4712087809629887
0.4714645620596482
0.4717203575469519
0.4719761674262242
0.4722319916989909
0.4724878303668923
0.4727436834316028
0.4729995508947824
0.4732554327580695
0.4735113290231073
0.4737672396915902
0.4740231647653126
0.4742791042462073
0.4745350581363628
0.4747910264380182
0.4750470091535359
0.4753030062853537
0.4755590178359229
0.4758150438076335
0.4760710842014798
0.4763271390039397
0.4765832082170565
0.4768392918464969
0.4770953898985106
0.4773515023814
0.4776076293109072
0.4778637707097202
0.478119926604976
0.4783760970252721
0.4786322820005623
0.4788884815550815
0.4791446957063185
0.4794009244643992
0.47965716783449
0.4799134258201059
0.480169698425745
0.4804259856582337
0.4806822875268981
0.4809386040430214
0.4811949352190744
0.4814512810680514
0.4817076416030479
0.4819640168370666
0.4822204067829637
0.4824768114534416
0.4827332308610258
0.4829896650180027
0.4832461139363275
0.4835025776275226
0.4837590561025891
0.484015549371944
0.4842720574453887
0.4845285803321051
0.4847851180406745
0.4850416705791156
0.4852982379549351
0.4855548201751911
0.4858114172465642
0.4860680291754332
0.4863246559679538
0.4865812976301322
0.4868379541678949
0.48709462529485
0.4873513103090603
0.487608009217577
0.4878647220276422
0.4881214487467417
0.4883781893826491
0.488634943943452
0.4888917124375536
0.4891484948738432
0.4894052912610783
0.4896621016072753
0.489918925919775
0.4901757642058664
0.4904326164734703
0.4906894827314414
0.490946362964363
0.4912032570899876
0.491460165031473
0.4917170867321004
0.4919740221580786
0.4922309712994604
0.4924879341603732
0.49274491075342
0.4930019010944882
0.4932589051839036
0.4935159230069612
0.493772954551959
0.4940299998078291
0.4942870587644068
0.4945441314134507
0.4948012177492883
0.4950583177687933
0.4953154314708452
0.4955725588555709
0.4958296999236376
0.4960868546757117
0.4963440231120514
0.4966012052325525
0.4968584010368263
0.4971156105244258
0.497372833694995
0.4976300705483265
0.497887321084349
0.4981445853030774
0.4984018632045562
0.4986591547888201
0.4989164600558806
0.499173779005737
0.4994311116384056
0.4996884579539565
0.4999458179525483
0.5002031916344579
0.5004605790000999
0.5007179800500345
0.5009753947849654
0.5012328232057238
0.5014902653132418
0.5017477211085127
0.5020051905925401
0.5022626737662772
0.5025201706305601
0.5027776811860928
0.5030352054186482
0.5032927433230829
0.5035502949104017
0.5038078602046528
0.5040654392359353
0.5043230320346299
0.5045806386277403
0.5048382590372014
0.5050958932797223
0.5053535413676302
0.5056112033093924
0.5058688791154085
0.5061265687938901
0.5063842723520117
0.5066419897943423
0.5068997211237471
0.5071574663433635
0.5074152254582353
0.5076729984759827
0.5079307854065437
0.5081885862613744
0.5084464010525448
0.5087042297920359
0.5089620724913598
0.5092199291614697
0.5094777998128486
0.5097356844556538
0.5099935830998276
0.5102514957551331
0.5105094224311154
0.5107673631370165
0.5110253178816784
0.5112832866734643
0.5115412695202166
0.5117992664292553
0.5120572774074158
0.5123153024611133
0.5125733415964258
0.5128313948191826
0.5130894621350544
0.5133475435496364
0.5136056390685254
0.5138637485724253
0.5141218712611834
0.5143800071414161
0.5146381562200252
0.5148963185042792
0.5151544940018818
0.5154126827210159
0.5156708846706061
0.515929099859332
0.5161873282953963
0.5164455699866991
0.5167038249413761
0.5169620931683012
0.5172203746771988
0.5174786694441984
0.517736977393906
0.517995298458523
0.518253632586589
0.5185119797448409
0.518770339917529
0.5190287131056502
0.5192870993216832
0.5195454985872603
0.5198039109188373
0.520062336326132
0.5203207748115171
0.5205792263510148
0.5208376909287907
0.5210961685353485
0.5213546591661012
0.5216131628201803
0.5218716794991126
0.5221302092055528
0.5223887519423541
0.5226473077121113
0.5229058765171211
0.5231644583595939
0.5234230532419273
0.5236816611667384
0.5239402821369733
0.5241989161557316
0.5244575632262115
0.5247162233516154
0.5249748965350578
0.5252335827795209
0.5254922820878636
0.5257509944628712
0.5260097199073229
0.5262684584240565
0.5265272100160179
0.5267859746862918
0.5270447524381155
0.5273035432748828
0.5275623472001426
0.5278211642175957
0.5280799943310879
0.5283388375445977
0.5285976938622148
0.5288565632881078
0.5291154458264801
0.5293743414815166
0.5296332502571124
0.529892172155297
0.5301511071775133
0.5304100553292703
0.5306690166213492
0.5309279910858551
0.5311869787636034
0.5314459796936338
0.5317049939071075
0.5319640214255941
0.5322230622625309
0.5324821164262717
0.5327411839233273
0.5330002647599125
0.5332593589484356
0.5335184665013298
0.5337775874310429
0.5340367217472796
0.5342958694574118
0.5345550305684261
0.5348142050887262
0.5350733930289876
0.5353325944020252
0.5355918092220568
0.5358510375038306
0.5361102792619491
0.536369534510527
0.5366288032631441
0.5368880855329733
0.5371473813329496
0.5374066906758873
0.5376660135745069
0.5379253500413824
0.5381847000888429
0.5384440637288699
0.5387034409730196
0.538962831832385
0.5392222363175977
0.5394816544388591
0.5397410862059913
0.5400005316284942
0.5402599907156045
0.5405194634763534
0.5407789499196237
0.541038450054209
0.541297963888876
0.5415574909975275
0.5418170309543758
0.5420765837688896
0.5423361494508298
0.5425957280104956
0.5428553194583684
0.5431149238046515
0.5433745410593099
0.543634171232572
0.5438938143354863
0.5441534703802402
0.5444131393801932
0.544672821311616
0.5449325161090893
0.5451922237152445
0.5454519440878675
0.5457116772014572
0.5459714230463404
0.5462311816249052
0.5464909529460906
0.5467507370200263
0.5470105338547419
0.5472703434588106
0.5475301658425924
0.5477900010150543
0.5480498489824346
0.5483097097500526
0.548569583300862
0.5488294696252819
0.5490893687211221
0.5493492805903156
0.5496092052368061
0.5498691426651697
0.5501290928798389
0.5503890558848504
0.5506490316839674
0.5509090202809726
0.5511690216799457
0.5514290358854096
0.5516890629022334
0.5519491027354126
0.5522091553898416
0.5524692208701665
0.552729299180737
0.5529893903255981
0.5532494943085261
0.5535096111330945
0.5537697408027497
0.5540298833208763
0.554290038690845
0.5545502069160387
0.554810387999863
0.5550705819457462
0.5553307887571339
0.5555910084374819
0.5558512409902451
0.5561114864188633
0.5563717447267383
0.5566320159172028
0.5568922999934797
0.5571525969586359
0.5574129068138112
0.5576732295597578
0.5579335652013594
0.5581939137437681
0.5584542752094509
0.5587146496333053
0.5589750370515861
0.5592354374944747
0.5594958509830583
0.5597562775298704
0.5600167171409933
0.5602771698218965
0.5605376355778763
0.5607981144152706
0.5610586063395421
0.5613191113550456
0.5615796294661271
0.5618401606783014
0.5621007049988231
0.5623612624365445
0.5626218330013163
0.5628824167032783
0.5631430135523084
0.5634036235577463
0.563664246728372
0.5639248830725413
0.5641855325983637
0.5644461953138342
0.5647068712268789
0.564967560345313
0.5652282626767426
0.5654889782284472
0.5657497070072786
0.566010449019597
0.5662712042712517
0.5665319727675988
0.5667927545135436
0.5670535495135914
0.5673143577718944
0.5675751792922852
0.5678360140782952
0.5680968621331604
0.5683577234598203
0.5686185980609196
0.5688794859388187
0.569140387095619
0.5694013015332081
0.5696622292533217
0.5699231695270153
0.5701841222658689
0.5704450874722805
0.5707060651489982
0.5709670552987258
0.5712280579237979
0.5714890730262839
0.5717501006085131
0.5720111406736573
0.5722721932260102
0.5725332582709056
0.5727943357983106
0.5730554257415083
0.5733165280373956
0.5735776426359186
0.5738387695021158
0.5740999086162492
0.5743610599710649
0.5746222235668814
0.5748833994062966
0.5751445874901299
0.5754057878153953
0.5756670003794995
0.5759282251814777
0.5761894622221935
0.5764507115008737
0.5767119730161523
0.5769732467465977
0.5772345326753302
0.5774958307923882
0.5777571410915304
0.5780184635682937
0.5782797982188091
0.5785411450391655
0.5788025040252095
0.5790638751726435
0.5793252584772534
0.5795866539351161
0.5798480615426964
0.5801094812968122
0.5803709131943078
0.5806323572319841
0.5808938134063565
0.5811552817136398
0.5814167621497713
0.581678254710455
0.5819397593912264
0.5822012761875219
0.5824628050947395
0.5827243461082866
0.5829858992236122
0.5832474644362264
0.583509041741711
0.5837706311357239
0.5840322326139976
0.5842938461723315
0.5845554718065756
0.5848171095126061
0.5850787592862904
0.5853404211234449
0.5856020950197887
0.5858637809708962
0.586125478971481
0.5863871890156308
0.5866489110962391
0.5869106452147305
0.5871723913830458
0.5874341496200628
0.587695919937103
0.5879577023553474
0.5882194968964881
0.58848130357642
0.5887431224029982
0.5890049533771151
0.5892667964955622
0.5895286517541682
0.5897905191501669
0.5900523986833386
0.5903142903559775
0.5905761941715162
0.5908381101363726
0.5911000382552044
0.5913619785310242
0.5916239309637373
0.5918858955510943
0.5921478722906137
0.5924098611811301
0.5926718622234158
0.5929338754199567
0.593195900774263
0.5934579382901203
0.5937199879710444
0.5939820498200299
0.5942441238395476
0.5945062100316837
0.5947683083983134
0.5950304189412369
0.5952925416622471
0.5955546765631349
0.5958168236456526
0.5960789829114619
0.5963411543620846
0.5966033379988682
0.5968655338229713
0.5971277418353665
0.5973899620368637
0.5976521944281473
0.5979144390098291
0.5981766957825116
0.5984389647468611
0.5987012459036822
0.598963539240237
0.5992258440148416
0.5994881602294158
0.599750487886278
0.6000128269882311
0.6002751775388117
0.6005375395414367
0.6007999129993699
0.6010622979159729
0.6013246942951668
0.6015871021417796
0.601849521461579
0.6021119522510627
0.6023743944494006
0.6026368479967863
0.6028993128452503
0.6031617889609727
0.6034242763248152
0.6036867749301081
0.6039492847781914
0.6042118058733663
0.6044743382188454
0.6047368818145789
0.6049994366577587
0.6052620027467861
0.6055245800846526
0.6057871686754542
0.6060497685231825
0.6063123796258219
0.6065750019676638
0.6068376355412137
0.6071002803436876
0.6073629363746949
0.607625603634932
0.6078882821254645
0.6081509718474185
0.6084136728019615
0.6086763849904392
0.6089391084145395
0.6092018430763891
0.6094645889785482
0.6097273461239135
0.6099901145155769
0.6102528941566547
0.6105156850500365
0.6107784871983956
0.6110413006041555
0.6113041252695969
0.6115669611969513
0.6118298083884757
0.6120926668465084
0.6123555365735117
0.6126184175721023
0.6128813098450739
0.6131442133954113
0.6134071282262954
0.6136700543410986
0.6139329917433676
0.6141959404367955
0.6144589004251838
0.6147218717123966
0.6149848543023109
0.6152478481987678
0.615510853405527
0.6157738699247777
0.6160368977584499
0.6162999369115404
0.6165629873987353
0.6168260492440295
0.617089122476981
0.6173522071279861
0.6176153032244952
0.6178784107894376
0.6181415298311886
0.6184046603629106
0.6186678024013433
0.618930955962293
0.6191941210584888
0.6194572976996243
0.6197204858936387
0.6199836856482634
0.6202468969721747
0.6205101198754897
0.6207733543696525
0.6210366004663301
0.6212998581800987
0.621563127523825
0.621826408508976
0.6220897011442424
0.6223530054363777
0.6226163213919204
0.6228796490185848
0.6231429883258238
0.623406339324632
0.6236697020269336
0.6239330764449167
0.6241964625905511
0.6244598604753703
0.6247232701104755
0.6249866915066645
0.6252501246745873
0.6255135696248609
0.6257770263681184
0.6260404949149944
0.6263039752760723
0.6265674674618165
0.6268309714825108
0.6270944873482159
0.6273580150687506
0.6276215546536946
0.6278851061124133
0.6281486694540973
0.6284122446878159
0.6286758318225784
0.6289394308674007
0.6292030413276252
0.6294666629982262
0.6297302958873046
0.6299939400028879
0.6302575953535519
0.6305212619488914
0.6307849397996672
0.6310486289176459
0.631312329278831
0.6315760408297316
0.6318397635247399
0.6321034973315002
0.6323672422322124
0.6326309982226661
0.6328947653087961
0.6331585435018545
0.6334223328137828
0.6336861332541934
0.6339499448292538
0.6342137675420998
0.6344776013940643
0.6347414463860099
0.6350053025192836
0.6352691697961111
0.6355330482195045
0.6357969377928899
0.6360608385237912
0.6363247504237417
0.6365886735061411
0.6368526077813642
0.6371165532385328
0.6373805098697697
0.6376444776730731
0.6379084566505996
0.6381724468073434
0.6384364481499265
0.6387004606855637
0.6389644844213502
0.6392285193639256
0.6394925655194518
0.6397566228937731
0.6400206914926182
0.640284771321747
0.6405488623869996
0.6408129646942547
0.6410770782491338
0.6413412030570218
0.6416053391229157
0.6418694864514732
0.642133645047078
0.6423978149139112
0.6426619960560243
0.6429261884774062
0.6431903921820357
0.6434546071739145
0.6437188334570825
0.643983071035615
0.6442473199136065
0.6445115800951436
0.6447758515838193
0.6450401343824254
0.6453044284929808
0.6455687339245437
0.6458330506957198
0.6460973788324392
0.6463617183635918
0.6466260693166864
0.6468904317149914
0.6471548055766005
0.6474191909150454
0.6476835877406952
0.6479479960601454
0.6482124158751544
0.6484768471948702
0.6487412900308481
0.649005744393447
0.6492702102902849
0.6495346877263891
0.6497991767052741
0.6500636772299028
0.6503281893051107
0.6505927129375706
0.6508572481343071
0.6511217949012741
0.6513863532428125
0.6516509231625628
0.6519155046646354
0.6521800977543072
0.6524447024380742
0.6527093187232473
0.6529739466173905
0.6532385861278509
0.6535032372614999
0.6537679000246861
0.6540325744233282
0.6542972604630589
0.6545619581493467
0.6548266674875617
0.6550913884829815
0.6553561211407564
0.6556208654658586
0.6558856214630391
0.6561503891368025
0.656415168491405
0.6566799595308696
0.6569447622590098
0.6572095766794559
0.6574744027956739
0.6577392406109773
0.6580040901285299
0.6582689513513428
0.6585338242822707
0.6587987089240362
0.6590636052793299
0.6593285133504775
0.6595934327996855
0.6598583632879056
0.660123304816816
0.6603882573887743
0.6606532210068348
0.6609181956745697
0.6611831813731531
0.6614481780478019
0.6617131856488815
0.6619782041383204
0.6622432334911746
0.6625082736953158
0.6627733247487758
0.6630383866555386
0.663303459421263
0.6635685430500916
0.6638336375432331
0.6640987428991496
0.6643638591146496
0.664628986186152
0.6648941241105952
0.6651592728857764
0.6654244325101809
0.6656896029825212
0.6659547843012357
0.6662199764641349
0.6664851794682786
0.6667503933119174
0.6670156179956569
0.6672808535263766
0.6675460999093639
0.667811357134411
0.6680766251855601
0.6683419040534117
0.668607193733174
0.6688724942232002
0.669137805523714
0.669403127635722
0.6696684605602355
0.6699338042978741
0.6701991588487972
0.6704645242128457
0.6707299003897501
0.670995287379299
0.671260685181417
0.6715260937961477
0.671791513223487
0.672056943463278
0.6723223845150509
0.6725878363780597
0.6728532990513471
0.6731187725338099
0.6733842568242706
0.6736497519215398
0.673915257824466
0.6741807745319672
0.674446302043041
0.6747118403567586
0.6749773894722425
0.6752429493886343
0.6755085201050539
0.6757741016199408
0.6760396939314263
0.6763052970366504
0.6765709109401464
0.6768365356551457
0.6771021712011485
0.6773678175998197
0.6776334748711418
0.6778991430310569
0.6781648220908826
0.6784305120580654
0.6786962129375507
0.6789619247331222
0.6792276474483624
0.6794933810825418
0.6797591256368969
0.6800248811176272
0.6802906475318869
0.6805564248852692
0.6808222131810469
0.6810880124206857
0.6813538226049343
0.6816196437348927
0.681885475812702
0.6821513188410754
0.6824171728267246
0.6826830377751858
0.682948913690856
0.6832148005757668
0.683480698430285
0.6837466072545229
0.6840125270494535
0.6842784578173423
0.6845443995615653
0.684810352286104
0.6850763159950172
0.6853422906920792
0.685608276380641
0.6858742730636735
0.6861402807439055
0.6864062994239738
0.6866723291065308
0.6869383697942915
0.687204421490027
0.6874704841965268
0.6877365579165512
0.6880026426527927
0.6882687384078521
0.6885348451842331
0.6888009629843497
0.6890670918105436
0.6893332316651075
0.6895993825503114
0.6898655444684307
0.6901317174217756
0.6903979014127209
0.6906640964438489
0.6909303025177922
0.6911965191617508
0.6914627462180455
0.6917289836888771
0.6919952315772832
0.6922614898872181
0.6925277586233908
0.6927940377766899
0.6930603272969837
0.6933266271374154
0.6935929372614859
0.6938592576447369
0.6941255882748376
0.6943919291493984
0.6946582802721095
0.6949246416486039
0.6951910132832859
0.6954573951777365
0.6957237873306384
0.6959901897387148
0.6962566023980449
0.6965230253051683
0.6967894584577397
0.6970559018546221
0.6973223554955437
0.6975888193805515
0.6978552935094982
0.698121777881721
0.6983882724962555
0.6986547773554164
0.6989212924657676
0.6991878178347514
0.6994543534641374
0.6997208993390093
0.6999874554510421
0.700254021796782
0.700520598376146
0.7007871851912071
0.7010537822451115
0.7013203895412315
0.7015870070826575
0.7018536348720273
0.7021202729116016
0.7023869212034524
0.7026535797496496
0.7029202485523748
0.7031869276139443
0.7034536169367623
0.7037203165232331
0.7039870263755268
0.704253746495623
0.7045204768852517
0.7047872175459854
0.7050539684793243
0.705320729686759
0.7055875011698127
0.7058542829300632
0.706121074969144
0.7063878772887308
0.7066546898905157
0.7069215127761747
0.7071883459473293
0.7074551894055096
0.7077220431511546
0.7079889071844346
0.7082557815066953
0.7085226661268343
0.7087895610615321
0.7090564663324489
0.7093233819623466
0.7095903079718031
0.7098572443774461
0.7101241911917769
0.7103911484240831
0.7106581160817584
0.7109250941714801
0.7111920826999619
0.7114590816742554
0.7117260911017292
0.7119931109870882
0.7122601413338252
0.7125271821506819
0.7127942334478234
0.7130612952342451
0.7133283675168143
0.7135954503005747
0.7138625435896655
0.714129647388277
0.7143967617007045
0.7146638865346994
0.7149310218973565
0.7151981677951534
0.7154653242323807
0.7157324912115429
0.7159996687346503
0.716266856804357
0.7165340554244807
0.7168012645999151
0.7170684843361924
0.7173357146389877
0.7176029555137641
0.7178702069656271
0.7181374689993579
0.718404741619543
0.7186720248307178
0.7189393186374676
0.7192066230444668
0.7194739380564602
0.7197412636782121
0.7200085999144449
0.7202759467697881
0.7205433042487466
0.7208106723556894
0.7210780510948573
0.7213454404703817
0.7216128404863105
0.7218802511466363
0.722147672455325
0.7224151044164403
0.7226825470340246
0.7229500003118373
0.7232174642532796
0.7234849384856277
0.7237524227860893
0.7240199171592251
0.7242874216102264
0.7245549361403982
0.7248224607134836
0.7250899952832899
0.725357539811715
0.7256250942717821
0.7258926586483692
0.7261602329368568
0.7264278171398846
0.726695411263363
0.7269630153130365
0.727230629292408
0.7274982532021815
0.7277658870408681
0.7280335308059551
0.728301184495063
0.7285688481066989
0.7288365216404687
0.7291042050968233
0.7293718984765938
0.729639601780512
0.7299073150088629
0.7301750381613363
0.7304427712370674
0.7307105142348012
0.730978267153106
0.7312460299929727
0.7315138027580941
0.7317815854575986
0.7320493780982471
0.7323171806673171
0.732584993155638
0.7328528155588395
0.7331206478760125
0.7333884901086243
0.7336563422594835
0.7339242043318431
0.7341920763287835
0.7344599582529239
0.7347278501064094
0.7349957518910583
0.7352636636085511
0.7355315852605764
0.7357995168488934
0.7360674583753183
0.7363354098416625
0.7366033712495675
0.7368713426004583
0.7371393238954473
0.7374073151354154
0.7376753163210985
0.7379433274531595
0.7382113485322419
0.7384793795590063
0.7387474205341463
0.7390154714583865
0.739283532332466
0.7395516031571098
0.7398196839322342
0.7400877746575385
0.7403558753329872
0.7406239859655186
0.740892106569639
0.7411602371649363
0.7414283777723677
0.7416965284109748
0.7419646890960021
0.7422328598385658
0.7425010406464284
0.7427692315252323
0.7430374324796457
0.7433056435141266
0.7435738646332604
0.7438420958417843
0.7441103371444704
0.7443785885460046
0.7446468500509398
0.7449151216637333
0.7451834033888283
0.7454516952248564
0.7457199971766727
0.7459883092517022
0.7462566314570874
0.7465249637982797
0.7467933062789112
0.7470616589014164
0.7473300216678391
0.7475983945800275
0.7478667776429808
0.7481351708607868
0.7484035742367514
0.7486719877723726
0.7489404114679042
0.7492088453234818
0.7494772893399883
0.7497457435193551
0.7500142078643746
0.7502826823782747
0.7505511670643017
0.750819661925458
0.7510881669644298
0.7513566821836581
0.7516252075854747
0.7518937431722308
0.752162288946376
0.7524308449104754
0.7526994110671764
0.7529679874191507
0.7532365739690321
0.7535051707193683
0.7537737776725947
0.7540423948310291
0.7543110221968845
0.7545796597722934
0.7548483075593955
0.7551169655603515
0.7553856337770566
0.7556543122110485
0.7559230008636023
0.7561916997359756
0.7564604085299464
0.7567291269829207
0.7569978550982297
0.7572665928566277
0.7575353402123028
0.7578040971244862
0.7580728635623032
0.7583416395059712
0.7586104249463124
0.7588792198823264
0.7591480243175887
0.7594168382567213
0.7596856617029147
0.7599544946568779
0.7602233371170446
0.7604921890805298
0.7607610505442652
0.7610299215058689
0.7612988019640337
0.7615676919184364
0.7618365913693261
0.7621055003170052
0.7623744187613951
0.7626433467018036
0.7629122841369116
0.7631812310649355
0.7634501874838731
0.7637191533918243
0.7639881287872288
0.7642571136689477
0.7645261080367487
0.7647951118938187
0.7650641252478094
0.7653331481063557
0.7656021804625374
0.7658712223054642
0.7661402736290736
0.7664093344309693
0.7666784047114963
0.7669474844727868
0.7672165737178267
0.7674856724497141
0.7677547806712206
0.7680238983846527
0.7682930255919294
0.768562162294759
0.7688313084948138
0.7691004641938404
0.7693696293936906
0.7696388040962899
0.7699079883035751
0.7701771820173792
0.7704463852393428
0.7707155979708815
0.7709848202132331
0.7712540519675439
0.771523293234933
0.7717925440165321
0.7720618043135052
0.7723310741270495
0.7726003534583816
0.7728696423085788
0.7731389406776913
0.7734082485655024
0.7736775659762097
0.7739468929212918
0.7742162294182071
0.7744855754872088
0.7747549311479786
0.7750242964172777
0.7752936713080556
0.7755630558297987
0.7758324499895579
0.7761018537930884
0.7763712672457216
0.7766406903528387
0.7769101231199976
0.7771795655528611
0.777449017657073
0.7777184794381813
0.7779879509016412
0.7782574320528842
0.7785269228974133
0.7787964234408857
0.7790659336891563
0.7793354536482751
0.7796049833231267
0.7798745227160098
0.7801440718338605
0.7804136306851189
0.7806831992774486
0.7809527776167405
0.7812223657071817
0.7814919635517233
0.7817615711535361
0.7820311885171166
0.7823008156466343
0.7825704525453699
0.7828400992152682
0.7831097556576554
0.7833794218741961
0.7836490978674867
0.7839187836411361
0.784188479199473
0.7844581845471235
0.7847278996886593
0.7849976246284168
0.7852673593704851
0.7855371039188048
0.7858068582773002
0.7860766224499844
0.7863463964410076
0.7866161802546469
0.7868859738952566
0.7871557773672027
0.7874255906748038
0.7876954138222938
0.787965246813811
0.7882350896534919
0.7885049423453973
0.788774804893286
0.7890446773005687
0.7893145595704435
0.7895844517061607
0.7898543537112979
0.7901242655899394
0.790394186996655
0.7906641177318043
0.7909340577537327
0.7912040070256338
0.7914739655201364
0.7917439332204377
0.7920139101198107
0.7922838962192595
0.7925538915240665
0.7928238960404259
0.7930939097730927
0.7933639327244028
0.7936339648944912
0.7939040062822229
0.7941740568862875
0.7944441167060378
0.7947141857418645
0.7949842639951151
0.795254351467707
0.7955244481616404
0.7957945540785936
0.7960646692197078
0.7963347935855802
0.7966049271764319
0.7968750699923095
0.7971452220333548
0.7974153833000317
0.7976855537932184
0.7979557335141503
0.7982259224642585
0.7984961206449763
0.798766328057582
0.7990365447060714
0.7993067705973197
0.7995770057407973
0.7998472501355469
0.8001175037716516
0.8003877666440974
0.800658038751675
0.8009283200960445
0.8011986106807685
0.8014689105103379
0.8017392195893731
0.8020095379221296
0.802279865512323
0.8025502023631957
0.8028205484777031
0.8030909038587094
0.8033612685091229
0.8036316424319464
0.8039020256302551
0.8041724181071368
0.8044428198656258
0.8047132309084986
0.8049836512383474
0.8052540808575251
0.805524519768228
0.8057949679725592
0.8060654254725647
0.8063358922702464
0.8066063683669575
0.8068768537638568
0.8071473484619291
0.8074178524683229
0.8076883657970811
0.8079588884670154
0.808229420498378
0.8084999619098494
0.808770512716762
0.80904107293073
0.8093116425603022
0.8095822216120555
0.8098528100916278
0.8101234080044131
0.81039401535587
0.8106646321515433
0.8109352583969525
0.8112058940974755
0.8114765392583009
0.8117471938844601
0.8120178579809141
0.8122885315526513
0.8125592146047658
0.8128299071424926
0.8131006091712026
0.813371320696364
0.8136420417234869
0.8139127722580656
0.8141835123045057
0.8144542618642464
0.8147250209429889
0.8149957895478018
0.8152665676850001
0.8155373553588474
0.8158081525736077
0.8160789593318899
0.8163497756356638
0.816620601485563
0.816891436881456
0.817162281823507
0.8174331363129468
0.8177040003522656
0.8179748739449157
0.8182457570947864
0.8185166498057107
0.8187875520811584
0.8190584639241515
0.8193293853373507
0.8196003163232242
0.8198712568842158
0.8201422070228609
0.8204131667418307
0.8206841360439158
0.8209551149319698
0.8212261034088412
0.8214971014773117
0.8217681091400555
0.8220391263996595
0.822310153258662
0.8225811897192773
0.8228522357833058
0.8231232914522189
0.8233943567273915
0.8236654316103833
0.8239365161031553
0.824207610208156
0.8244787139288566
0.8247498272299665
0.8250209495708499
0.8252920809177059
0.8255632212460118
0.8258343705412468
0.826105528797903
0.8263766960168739
0.8266478722021247
0.8269190573577421
0.827190251486087
0.8274614545872256
0.8277326666593661
0.8280038876998088
0.8282751177059168
0.8285463566757685
0.8288176046083653
0.8290888615034473
0.8293601273610849
0.829631402181238
0.8299026859634347
0.8301739787066467
0.8304452804093557
0.8307165910697537
0.8309879106859882
0.8312592392563753
0.8315305767795275
0.831801923254368
0.8320732786800834
0.8323446430560792
0.8326160163819127
0.8328873986572055
0.833158789881551
0.8334301900544361
0.8337015991751944
0.8339730172463868
0.8342444442740066
0.8345158802647614
0.8347873252110438
0.8350587791031141
0.8353302419354658
0.8356017137058972
0.8358731944146891
0.8361446840636929
0.8364161826554312
0.8366876901923945
0.8369592066766433
0.8372307321097033
0.8375022664926699
0.8377738098264016
0.8380453621117059
0.838316923349458
0.8385884935406368
0.8388600726862977
0.8391316607875119
0.8394032578453056
0.83967486386049
0.8399464788337061
0.840218102765369
0.8404897356557421
0.8407613775049951
0.8410330283132326
0.841304688079989
0.8415763568046075
0.8418480344860279
0.8421197211288441
0.8423914167440962
0.8426631213473582
0.8429348349556596
0.8432065575846599
0.8434782892469592
0.8437500299517192
0.8440217797052506
0.8442935385120255
0.8445653063756429
0.8448370832994844
0.8451088692870096
0.8453806643417813
0.8456524684673637
0.8459242816672146
0.8461961039446386
0.8464679353028155
0.8467397757448765
0.8470116252739941
0.8472834838934512
0.8475553516066742
0.8478272284172271
0.8480991143287777
0.8483710093450474
0.8486429134697592
0.8489148267065919
0.8491867490591456
0.8494586805309169
0.8497306211252841
0.8500025708451877
0.850274529689741
0.8505464976621238
0.8508184747669738
0.851090461008401
0.8513624563887697
0.8516344609102261
0.8519064745736258
0.8521784973792765
0.8524505293262972
0.8527225704130695
0.8529946206382163
0.8532666800013583
0.8535387485033469
0.8538108261460273
0.8540829129317662
0.8543550088629837
0.854627113941845
0.8548992281701541
0.8551713515494089
0.8554434840809418
0.8557156257660677
0.8559877766061909
0.8562599366028503
0.8565321057577107
0.8568042840725187
0.857076471549049
0.8573486681891132
0.8576208739945012
0.8578930889667131
0.8581653131068812
0.8584375464158724
0.8587097888945301
0.8589820405439461
0.8592543013656596
0.8595265713617228
0.8597988505360027
0.8600711388933343
0.8603434360990179
0.8606157418989047
0.8608880562721614
0.8611603792072914
0.8614327107008
0.8617050507544345
0.8619773993720156
0.8622497565568612
0.8625221223103625
0.8627944966317449
0.8630668795186753
0.8633392709682243
0.8636116709777415
0.8638840795453752
0.8641564966701634
0.8644289223517881
0.8647013565901642
0.8649737993850417
0.8652462507357497
0.8655187106411317
0.8657911790996531
0.8660636561096114
0.8663361416693687
0.8666086357775348
0.8668811384330637
0.8671536496352561
0.8674261693836903
0.8676986976781179
0.8679712345183592
0.8682437799042225
0.8685163338354693
0.8687888963117792
0.8690614673328023
0.8693340468982438
0.8696066350090863
0.8698792316686933
0.8701518368851039
0.8704244506622828
0.8706970729898036
0.8709697038612252
0.8712423432734183
0.8715149912259025
0.8717876477201509
0.8720603127587868
0.8723329863448297
0.8726056684811554
0.8728783591702324
0.8731510584140996
0.8734237662144936
0.873696482573024
0.8739692074913197
0.8742419409711076
0.8745146830142232
0.8747874336225707
0.8750601927980652
0.8753329605425779
0.8756057368578529
0.8758785217454423
0.8761513152066837
0.8764241172427268
0.8766969278545852
0.8769697470424856
0.8772425748064648
0.8775154111472673
0.8777882560712198
0.87806110959048
0.8783339717209849
0.8786068424795573
0.8788797218814254
0.8791526099388617
0.8794255066610109
0.8796984120545372
0.8799713261245861
0.8802442488756497
0.8805171803121256
0.8807901204385449
0.8810630692595685
0.8813360267798823
0.881608993004098
0.8818819679367133
0.8821549515821375
0.8824279439447575
0.8827009450290081
0.882973954839421
0.8832469733806392
0.8835200006573969
0.8837930366744776
0.8840660814366623
0.8843391349486811
0.8846121972151753
0.8848852682406729
0.8851583480295763
0.8854314365861581
0.8857045339145625
0.8859776400188082
0.8862507549027907
0.8865238785702841
0.8867970110249417
0.8870701522699279
0.8873433023051764
0.8876164611341926
0.8878896287615344
0.8881628051921645
0.8884359904299169
0.8887091844769299
0.8889823873333493
0.8892555989979649
0.889528819469527
0.8898020487478412
0.8900752868342224
0.8903485337313335
0.890621789442665
0.8908950539719543
0.8911683273227501
0.8914416094982047
0.8917149005010716
0.8919882003338289
0.8922615089988435
0.8925348264985109
0.8928081528353374
0.8930814880120436
0.8933548320314258
0.8936281848961056
0.8939015466084199
0.8941749171704849
0.8944482965843908
0.8947216848524274
0.8949950819772456
0.8952684879619072
0.8955419028115618
0.8958153265317406
0.8960887591281145
0.8963622005988674
0.8966356503763385
0.8969091084378987
0.8971825747821877
0.8974560494123739
0.897729532333189
0.8980030235486409
0.8982765230608535
0.8985500308699925
0.8988235469749187
0.899097071374097
0.8993706040663669
0.8996441450513513
0.8999176943294657
0.9001912519016342
0.9004648177688815
0.9007383919319655
0.9010119743911593
0.9012855651462209
0.9015591641965183
0.9018327715412437
0.902106387179639
0.9023800111111685
0.9026536433356088
0.9029272838530521
0.9032009326638476
0.9034745897685127
0.9037482551676475
0.9040219288618733
0.9042956108518044
0.9045693011380475
0.9048429997212163
0.9051167066019377
0.9053904217808681
0.9056641452587487
0.9059378770364329
0.9062116171148659
0.9064853654977011
0.9067591221913728
0.9070328872040185
0.9073066605299751
0.9075804421622322
0.9078542320972185
0.9081280303341923
0.9084018368746526
0.908675651721587
0.9089494748786756
0.9092233063496379
0.9094971461378403
0.9097709942461709
0.9100448506771108
0.9103187154329005
0.9105925885157108
0.91086646992776
0.9111403596713586
0.9114142577488923
0.9116881641627688
0.9119620789153576
0.9122360020089414
0.9125099334456033
0.9127838732272319
0.9130578213547385
0.9133317778287708
0.9136057426511122
0.9138797158288609
0.9141536973744312
0.9144276873035151
0.9147016856323748
0.9149756923756049
0.9152497075449654
0.9155237311492974
0.9157977631951599
0.9160718036877152
0.9163458526314994
0.9166199100309015
0.9168939758903472
0.917168050214284
0.9174421330070912
0.9177162242730055
0.9179903240161092
0.9182644322403773
0.9185385489497575
0.9188126741482492
0.9190868078399574
0.91936095002911
0.9196351007200401
0.9199092599171463
0.9201834276248427
0.9204576038475105
0.9207317885894583
0.9210059818548944
0.9212801836479099
0.9215543939724695
0.9218286128324084
0.9221028402314305
0.9223770761731096
0.9226513206608898
0.9229255736980876
0.9231998352878941
0.9234741054333794
0.9237483841374974
0.9240226714030916
0.9242969672329014
0.9245712716283886
0.9248455845901301
0.9251199061218339
0.9253942362276184
0.9256685749099025
0.9259429221688443
0.926217278003272
0.9264916424119966
0.9267660153947646
0.927040396952597
0.9273147870876103
0.9275891858025678
0.9278635931004077
0.9281380089839012
0.9284124334554932
0.9286868665172978
0.9289613081711861
0.929235758418917
0.9295102172622975
0.9297846847030163
0.9300591607425329
0.9303336453820736
0.9306081386227567
0.9308826404657867
0.931157150912631
0.9314316699651101
0.9317061976253862
0.9319807338978705
0.9322552787871307
0.9325298322964909
0.9328043944222021
0.9330789651546001
0.9333535442602906
0.9336281314194718
0.9339027266345888
0.9341773299092091
0.9344519412460232
0.9347265606459315
0.9350011881081153
0.9352758236307188
0.9355504672117021
0.9358251188495103
0.9360997785433799
0.9363744462932758
0.936649122099573
0.9369238059626505
0.9371984978825475
0.9374731978587745
0.9377479058903021
0.9380226219756939
0.9382973461133121
0.9385720783015271
0.9388468185388722
0.9391215668241195
0.9393963231562797
0.9396710875345494
0.9399458599582381
0.9402206404267036
0.9404954289393149
0.9407702254954449
0.9410450300944874
0.9413198427358858
0.9415946634191587
0.9418694921439142
0.9421443289098482
0.9424191737167267
0.9426940265643647
0.9429688874525769
0.9432437563811782
0.9435186333500183
0.9437935183609165
0.944068411417764
0.9443433125282027
0.9446182216882906
0.9448931388900708
0.9451680641289255
0.9454429974029944
0.9457179387126324
0.945992888059708
0.9462678454468354
0.9465428108767245
0.9468177843517731
0.9470927658739182
0.9473677554446877
0.9476427530653539
0.9479177587371014
0.9481927724611457
0.9484677942387846
0.9487428240713841
0.9490178619603283
0.9492929079069571
0.949567961912513
0.9498430239778887
0.9501180941032343
0.9503931722882075
0.9506682585361458
0.9509433528556765
0.9512184552595513
0.9514935657622261
0.9517686843774361
0.9520438111165989
0.9523189459883029
0.9525940889986638
0.9528692401521136
0.9531443994522134
0.9534195669022377
0.953694742505459
0.9539699262651947
0.9542451181847323
0.9545203182672397
0.9547955265157255
0.9550707429330647
0.9553459675220715
0.9556212002855862
0.9558964412265472
0.9561716903480285
0.956446947653242
0.9567222131455093
0.9569974868282176
0.9572727687047707
0.9575480587785449
0.9578233570528539
0.9580986635309241
0.9583739782158777
0.9586493011107228
0.958924632218348
0.9591999715415194
0.9594753190828806
0.9597506748449552
0.9600260388301508
0.9603014110407654
0.9605767914789958
0.9608521801469471
0.9611275770466432
0.9614029821800379
0.9616783955490248
0.9619538171554464
0.962229247001102
0.9625046850877534
0.9627801314171278
0.9630555859905244
0.9633310488108013
0.9636065198770563
0.9638819991907517
0.9641574867533028
0.9644329825651614
0.9647084866260047
0.9649839989353529
0.9652595194931195
0.965535048299876
0.96581058535683
0.9660861306656268
0.9663616842281059
0.9666372460461174
0.9669128161214685
0.9671883944556756
0.9674639810498658
0.9677395759048323
0.9680151790212267
0.9682907903998044
0.9685664100416279
0.9688420379481661
0.969117674121279
0.9693933185652276
0.9696689712843959
0.9699446322812322
0.9702203015515205
0.9704959790857055
0.9707716648717987
0.9710473588400669
0.9713230605552911
0.9715987700208474
0.9718744872391857
0.9721502122110459
0.972425944935591
0.972701685411089
0.972977433635723
0.9732531896082049
0.9735289533280365
0.9738047247954217
0.9740805040109491
0.9743562909752038
0.9746320856884478
0.9749078881504547
0.9751836983605122
0.9754595163175572
0.9757353420203747
0.9760111754677921
0.97628701665882
0.9765628655927153
0.9768387222689744
0.9771145866872779
0.9773904588474199
0.9776663387492466
0.9779422263926212
0.9782181217774185
0.9784940249035421
0.9787699357709519
0.9790458543796905
0.9793217807298978
0.9795977148218128
0.9798736566557614
0.9801496062321375
0.980425563551382
0.9807015286139641
0.9809775014203697
0.9812534819710912
0.9815294702666293
0.9818054663074679
0.9820814700960688
0.9823574816370301
0.9826335009381275
0.9829095279950374
0.9831855628016299
0.9834616053548667
0.9837376556542736
0.9840137137014109
0.9842897794991869
0.9845658530511321
0.9848419343608087
0.9851180234314632
0.9853941202659221
0.9856702248666637
0.9859463372359706
0.9862224573760805
0.9864985852892826
0.9867747209779449
0.9870508644444846
0.9873270156913057
0.9876031747207319
0.9878793415343248
0.9881555161334227
0.988431698520239
0.9887078887015566
0.9889840866887274
0.9892602924959135
0.9895365061377344
0.9898127276273032
0.9900889569752025
0.990365194189422
0.9906414392759396
0.9909176922395249
0.9911939530844385
0.9914702218148643
0.9917464984350705
0.9920227829493873
0.9922990753621143
0.9925753756774434
0.9928516838994405
0.9931280000320838
0.9934043240793364
0.9936806560452198
0.9939569959338654
0.9942333437495329
0.9945096994965965
0.9947860631795096
0.9950624348027576
0.9953388143708125
0.9956152018880936
0.9958915973589378
0.9961680007875795
0.9964444121781377
0.9967208315346081
0.9969972588608581
0.9972736941606242
0.9975501374375114
0.9978265886949952
0.998103047936426
0.9983795151650372
0.9986559903839556
0.9989324735962142
0.9992089648047666
0.999485464012501
0.9997619712222541
