-4.996875
-4.990625000000001
-4.984375
-4.978125
-4.971875000000001
-4.965625
-4.959375000000001
-4.953125
-4.946875
-4.940625000000001
-4.934375
-4.928125000000001
-4.921875
-4.915625
-4.909375000000001
-4.903125
-4.896875000000001
-4.890625
-4.884375
-4.878125000000001
-4.871875
-4.865625000000001
-4.859375
-4.853125
-4.846875000000001
-4.840625
-4.834375000000001
-4.828125
-4.821875
-4.815625000000001
-4.809375
-4.803125000000001
-4.796875
-4.790625
-4.784375000000001
-4.778125
-4.771875000000001
-4.765625
-4.759375
-4.753125000000001
-4.746875
-4.740625000000001
-4.734375
-4.728125
-4.721875000000001
-4.715625
-4.709375000000001
-4.703125
-4.696875
-4.690625000000001
-4.684375
-4.678125000000001
-4.671875
-4.665625
-4.659375000000001
-4.653125
-4.646875000000001
-4.640625
-4.634375
-4.628125000000001
-4.621875
-4.615625000000001
-4.609375
-4.603125
-4.596875000000001
-4.590625
-4.584375000000001
-4.578125
-4.571875
-4.565625000000001
-4.559375
-4.553125000000001
-4.546875
-4.540625
-4.534375000000001
-4.528125
-4.521875000000001
-4.515625
-4.509375
-4.503125000000001
-4.496875
-4.490625000000001
-4.484375
-4.478125
-4.471875000000001
-4.465625
-4.459375000000001
-4.453125
-4.446875
-4.440625000000001
-4.434375
-4.428125000000001
-4.421875
-4.415625
-4.409375000000001
-4.403125
-4.396875000000001
-4.390625
-4.384375
-4.378125000000001
-4.371875
-4.365625000000001
-4.359375
-4.353125
-4.346875000000001
-4.340625
-4.334375000000001
-4.328125
-4.321875
-4.315625000000001
-4.309375
-4.303125000000001
-4.296875
-4.290625
-4.284375000000001
-4.278125
-4.271875000000001
-4.265625
-4.259375
-4.253125000000001
-4.246875
-4.240625000000001
-4.234375
-4.228125
-4.221875000000001
-4.215625
-4.209375000000001
-4.203125
-4.196875
-4.190625000000001
-4.184375
-4.178125000000001
-4.171875
-4.165625
-4.159375000000001
-4.153125
-4.146875000000001
-4.140625
-4.134375
-4.128125000000001
-4.121875
-4.115625000000001
-4.109375
-4.103125
-4.096875000000001
-4.090625
-4.084375000000001
-4.078125
-4.071875
-4.065625000000001
-4.059375
-4.053125000000001
-4.046875
-4.040625
-4.034375000000001
-4.028125
-4.021875000000001
-4.015625
-4.009375
-4.003125000000001
-3.996875
-3.990625000000001
-3.984375
-3.978125
-3.971875
-3.965625
-3.959375000000001
-3.953125
-3.946875
-3.940625
-3.934375
-3.928125000000001
-3.921875
-3.915625
-3.909375
-3.903125
-3.896875000000001
-3.890625
-3.884375
-3.878125
-3.871875
-3.865625000000001
-3.859375
-3.853125
-3.846875
-3.840625
-3.834375000000001
-3.828125
-3.821875
-3.815625
-3.809375
-3.803125000000001
-3.796875
-3.790625
-3.784375
-3.778125
-3.771875000000001
-3.765625
-3.759375
-3.753125
-3.746875
-3.740625000000001
-3.734375
-3.728125
-3.721875
-3.715625
-3.709375000000001
-3.703125
-3.696875
-3.690625
-3.684375
-3.678125000000001
-3.671875
-3.665625
-3.659375
-3.653125
-3.646875000000001
-3.640625
-3.634375
-3.628125
-3.621875
-3.615625000000001
-3.609375
-3.603125
-3.596875
-3.590625
-3.584375000000001
-3.578125
-3.571875
-3.565625
-3.559375
-3.553125000000001
-3.546875
-3.540625
-3.534375
-3.528125
-3.521875000000001
-3.515625
-3.509375
-3.503125
-3.496875
-3.490625000000001
-3.484375
-3.478125
-3.471875
-3.465625
-3.459375000000001
-3.453125
-3.446875
-3.440625
-3.434375
-3.428125000000001
-3.421875
-3.415625
-3.409375
-3.403125
-3.396875000000001
-3.390625
-3.384375
-3.378125
-3.371875
-3.365625000000001
-3.359375
-3.353125
-3.346875
-3.340625
-3.334375000000001
-3.328125
-3.321875
-3.315625
-3.309375
-3.303125000000001
-3.296875
-3.290625
-3.284375
-3.278125
-3.271875000000001
-3.265625
-3.259375
-3.253125
-3.246875
-3.240625000000001
-3.234375
-3.228125
-3.221875
-3.215625
-3.209375000000001
-3.203125
-3.196875
-3.190625
-3.184375
-3.178125000000001
-3.171875
-3.165625
-3.159375
-3.153125
-3.146875000000001
-3.140625
-3.134375
-3.128125
-3.121875
-3.115625000000001
-3.109375
-3.103125
-3.096875
-3.090625
-3.084375000000001
-3.078125
-3.071875
-3.065625
-3.059375
-3.053125000000001
-3.046875
-3.040625
-3.034375
-3.028125
-3.021875000000001
-3.015625
-3.009375
-3.003125
-2.996875
-2.990625
-2.984375
-2.978125
-2.971875
-2.965625
-2.959375
-2.953125
-2.946875
-2.940625
-2.934375
-2.928125
-2.921875
-2.915625
-2.909375
-2.903125
-2.896875
-2.890625
-2.884375
-2.878125
-2.871875
-2.865625
-2.859375
-2.853125
-2.846875
-2.840625
-2.834375
-2.828125
-2.821875
-2.815625
-2.809375
-2.803125
-2.796875
-2.790625
-2.784375
-2.778125
-2.771875
-2.765625
-2.759375
-2.753125
-2.746875
-2.740625
-2.734375
-2.728125
-2.721875
-2.715625
-2.709375
-2.703125
-2.696875
-2.690625
-2.684375
-2.678125
-2.671875
-2.665625
-2.659375
-2.653125
-2.646875
-2.640625
-2.634375
-2.628125
-2.621875
-2.615625
-2.609375
-2.603125
-2.596875
-2.590625
-2.584375
-2.578125
-2.571875
-2.565625
-2.559375
-2.553125
-2.546875
-2.540625
-2.534375
-2.528125
-2.521875
-2.515625
-2.509375
-2.503125
-2.496875
-2.490625
-2.484375
-2.478125
-2.471875
-2.465625
-2.459375
-2.453125
-2.446875
-2.440625
-2.434375
-2.428125
-2.421875
-2.415625
-2.409375
-2.403125
-2.396875
-2.390625
-2.384375
-2.378125
-2.371875
-2.365625
-2.359375
-2.353125
-2.346875
-2.340625
-2.334375
-2.328125
-2.321875
-2.315625
-2.309375
-2.303125
-2.296875
-2.290625
-2.284375
-2.278125
-2.271875
-2.265625
-2.259375
-2.253125
-2.246875
-2.240625
-2.234375
-2.228125
-2.221875
-2.215625
-2.209375
-2.203125
-2.196875
-2.190625
-2.184375
-2.178125
-2.171875
-2.165625
-2.159375
-2.153125
-2.146875
-2.140625
-2.134375
-2.128125
-2.121875
-2.115625
-2.109375
-2.103125
-2.096875
-2.090625
-2.084375
-2.078125
-2.071875
-2.065625
-2.059375
-2.053125
-2.046875
-2.040625
-2.034375
-2.028125
-2.021875
-2.015625
-2.009375
-2.003125
-1.996875
-1.990625
-1.984375
-1.978125
-1.971875
-1.965625
-1.959375
-1.953125
-1.946875
-1.940625
-1.934375
-1.928125
-1.921875
-1.915625
-1.909375
-1.903125
-1.896875
-1.890625
-1.884375
-1.878125
-1.871875
-1.865625
-1.859375
-1.853125
-1.846875
-1.840625
-1.834375
-1.828125
-1.821875
-1.815625
-1.809375
-1.803125
-1.796875
-1.790625
-1.784375
-1.778125
-1.771875
-1.765625
-1.759375
-1.753125
-1.746875
-1.740625
-1.734375
-1.728125
-1.721875
-1.715625
-1.709375
-1.703125
-1.696875
-1.690625
-1.684375
-1.678125
-1.671875
-1.665625
-1.659375
-1.653125
-1.646875
-1.640625
-1.634375
-1.628125
-1.621875
-1.615625
-1.609375
-1.603125
-1.596875
-1.590625
-1.584375
-1.578125
-1.571875
-1.565625
-1.559375
-1.553125
-1.546875
-1.540625
-1.534375
-1.528125
-1.521875
-1.515625
-1.509375
-1.503125
-1.496875
-1.490625
-1.484375
-1.478125
-1.471875
-1.465625
-1.459375
-1.453125
-1.446875
-1.440625
-1.434375
-1.428125
-1.421875
-1.415625
-1.409375
-1.403125
-1.396875
-1.390625
-1.384375
-1.378125
-1.371875
-1.365625
-1.359375
-1.353125
-1.346875
-1.340625
-1.334375
-1.328125
-1.321875
-1.315625
-1.309375
-1.303125
-1.296875
-1.290625
-1.284375
-1.278125
-1.271875
-1.265625
-1.259375
-1.253125
-1.246875
-1.240625
-1.234375
-1.228125
-1.221875
-1.215625
-1.209375
-1.203125
-1.196875
-1.190625
-1.184375
-1.178125
-1.171875
-1.165625
-1.159375
-1.153125
-1.146875
-1.140625
-1.134375
-1.128125
-1.121875
-1.115625
-1.109375
-1.103125
-1.096875
-1.090625
-1.084375
-1.078125
-1.071875
-1.065625
-1.059375
-1.053125
-1.046875
-1.040625
-1.034375
-1.028125
-1.021875
-1.015625
-1.009375
-1.003125
-0.9968750000000002
-0.9906250000000005
-0.984375
-0.9781250000000004
-0.9718749999999998
-0.9656250000000002
-0.9593750000000005
-0.953125
-0.9468750000000004
-0.9406249999999998
-0.9343750000000002
-0.9281250000000005
-0.921875
-0.9156250000000004
-0.9093749999999998
-0.9031250000000002
-0.8968750000000005
-0.890625
-0.8843750000000004
-0.8781249999999998
-0.8718750000000002
-0.8656250000000005
-0.859375
-0.8531250000000004
-0.8468749999999998
-0.8406250000000002
-0.8343750000000005
-0.828125
-0.8218750000000004
-0.8156249999999998
-0.8093750000000002
-0.8031250000000005
-0.796875
-0.7906250000000004
-0.7843749999999998
-0.7781250000000002
-0.7718750000000005
-0.765625
-0.7593750000000004
-0.7531249999999998
-0.7468750000000002
-0.7406250000000005
-0.734375
-0.7281250000000004
-0.7218749999999998
-0.7156250000000002
-0.7093750000000005
-0.703125
-0.6968750000000004
-0.6906249999999998
-0.6843750000000002
-0.6781250000000005
-0.671875
-0.6656250000000004
-0.6593749999999998
-0.6531250000000002
-0.6468750000000005
-0.640625
-0.6343750000000004
-0.6281249999999998
-0.6218750000000002
-0.6156250000000005
-0.609375
-0.6031250000000004
-0.5968749999999998
-0.5906250000000002
-0.5843750000000005
-0.578125
-0.5718750000000004
-0.5656249999999998
-0.5593750000000002
-0.5531250000000005
-0.546875
-0.5406250000000004
-0.5343749999999998
-0.5281250000000002
-0.5218750000000005
-0.515625
-0.5093750000000004
-0.5031249999999998
-0.4968750000000002
-0.4906250000000005
-0.484375
-0.4781250000000004
-0.4718749999999998
-0.4656250000000002
-0.4593750000000005
-0.453125
-0.4468750000000004
-0.4406249999999998
-0.4343750000000002
-0.4281250000000005
-0.421875
-0.4156250000000004
-0.4093749999999998
-0.4031250000000002
-0.3968750000000005
-0.390625
-0.3843750000000004
-0.3781249999999998
-0.3718750000000002
-0.3656250000000005
-0.359375
-0.3531250000000004
-0.3468749999999998
-0.3406250000000002
-0.3343750000000005
-0.328125
-0.3218750000000004
-0.3156249999999998
-0.3093750000000002
-0.3031250000000005
-0.296875
-0.2906250000000004
-0.2843749999999998
-0.2781250000000002
-0.2718750000000005
-0.265625
-0.2593750000000004
-0.2531249999999998
-0.2468750000000002
-0.2406250000000005
-0.234375
-0.2281250000000004
-0.2218749999999998
-0.2156250000000002
-0.2093749999999996
-0.203125
-0.1968750000000004
-0.1906249999999998
-0.1843750000000002
-0.1781249999999996
-0.171875
-0.1656250000000004
-0.1593749999999998
-0.1531250000000002
-0.1468749999999996
-0.140625
-0.1343750000000004
-0.1281249999999998
-0.1218750000000002
-0.1156249999999996
-0.109375
-0.1031250000000004
-0.09687499999999982
-0.09062500000000018
-0.08437499999999964
-0.078125
-0.07187500000000036
-0.06562499999999982
-0.05937500000000018
-0.05312499999999964
-0.046875
-0.04062500000000036
-0.03437499999999982
-0.02812500000000018
-0.02187499999999964
-0.015625
-0.009375000000000355
-0.003124999999999822
0.003124999999999822
0.009375000000000355
0.015625
0.02187499999999964
0.02812500000000018
0.03437499999999982
0.04062500000000036
0.046875
0.05312499999999964
0.05937500000000018
0.06562499999999982
0.07187500000000036
0.078125
0.08437499999999964
0.09062500000000018
0.09687499999999982
0.1031250000000004
0.109375
0.1156249999999996
0.1218750000000002
0.1281249999999998
0.1343750000000004
0.140625
0.1468749999999996
0.1531250000000002
0.1593749999999998
0.1656250000000004
0.171875
0.1781249999999996
0.1843750000000002
0.1906249999999998
0.1968750000000004
0.203125
0.2093749999999996
0.2156250000000002
0.2218749999999998
0.2281250000000004
0.234375
0.2406249999999996
0.2468750000000002
0.2531249999999998
0.2593750000000004
0.265625
0.2718749999999996
0.2781250000000002
0.2843749999999998
0.2906250000000004
0.296875
0.3031249999999996
0.3093750000000002
0.3156249999999998
0.3218750000000004
0.328125
0.3343749999999996
0.3406250000000002
0.3468749999999998
0.3531250000000004
0.359375
0.3656249999999996
0.3718750000000002
0.3781249999999998
0.3843750000000004
0.390625
0.3968749999999996
0.4031250000000002
0.4093749999999998
0.4156250000000004
0.421875
0.4281249999999996
0.4343750000000002
0.4406249999999998
0.4468750000000004
0.453125
0.4593749999999996
0.4656250000000002
0.4718749999999998
0.4781250000000004
0.484375
0.4906249999999996
0.4968750000000002
0.5031249999999998
0.5093750000000004
0.515625
0.5218749999999996
0.5281250000000002
0.5343749999999998
0.5406250000000004
0.546875
0.5531249999999996
0.5593750000000002
0.5656249999999998
0.5718750000000004
0.578125
0.5843749999999996
0.5906250000000002
0.5968749999999998
0.6031250000000004
0.609375
0.6156249999999996
0.6218750000000002
0.6281249999999998
0.6343750000000004
0.640625
0.6468749999999996
0.6531250000000002
0.6593749999999998
0.6656250000000004
0.671875
0.6781249999999996
0.6843750000000002
0.6906249999999998
0.6968750000000004
0.703125
0.7093749999999996
0.7156250000000002
0.7218749999999998
0.7281250000000004
0.734375
0.7406249999999996
0.7468750000000002
0.7531249999999998
0.7593750000000004
0.765625
0.7718749999999996
0.7781250000000002
0.7843749999999998
0.7906250000000004
0.796875
0.8031249999999996
0.8093750000000002
0.8156249999999998
0.8218750000000004
0.828125
0.8343749999999996
0.8406250000000002
0.8468749999999998
0.8531250000000004
0.859375
0.8656249999999996
0.8718750000000002
0.8781249999999998
0.8843750000000004
0.890625
0.8968749999999996
0.9031250000000002
0.9093749999999998
0.9156250000000004
0.921875
0.9281249999999996
0.9343750000000002
0.9406249999999998
0.9468750000000004
0.953125
0.9593749999999996
0.9656250000000002
0.9718749999999998
0.9781250000000004
0.984375
0.9906249999999996
0.9968750000000002
1.003125
1.009375
1.015625
1.021875
1.028125
1.034375
1.040625
1.046875
1.053125
1.059375
1.065625
1.071875
1.078125
1.084375
1.090625
1.096875
1.103125
1.109375
1.115625
1.121875
1.128125
1.134375
1.140625
1.146875
1.153125
1.159375
1.165625
1.171875
1.178125
1.184375
1.190625
1.196875
1.203125
1.209375
1.215625
1.221875
1.228125
1.234375
1.240625
1.246875
1.253125
1.259375
1.265625
1.271875
1.278125
1.284375
1.290625
1.296875
1.303125
1.309375
1.315625
1.321875
1.328125
1.334375
1.340625
1.346875
1.353125
1.359375
1.365625
1.371875
1.378125
1.384375
1.390625
1.396875
1.403125
1.409375
1.415625
1.421875
1.428125
1.434375
1.440625
1.446875
1.453125
1.459375
1.465625
1.471875
1.478125
1.484375
1.490625
1.496875
1.503125
1.509375
1.515625
1.521875
1.528125
1.534375
1.540625
1.546875
1.553125
1.559375
1.565625
1.571875
1.578125
1.584375
1.590625
1.596875
1.603125
1.609375
1.615625
1.621875
1.628125
1.634375
1.640625
1.646875
1.653125
1.659375
1.665625
1.671875
1.678125
1.684375
1.690625
1.696875
1.703125
1.709375
1.715625
1.721875
1.728125
1.734375
1.740625
1.746875
1.753125
1.759375
1.765625
1.771875
1.778125
1.784375
1.790625
1.796875
1.803125
1.809375
1.815625
1.821875
1.828125
1.834375
1.840625
1.846875
1.853125
1.859375
1.865625
1.871875
1.878125
1.884375
1.890625
1.896875
1.903125
1.909375
1.915625
1.921875
1.928125
1.934375
1.940625
1.946875
1.953125
1.959375
1.965625
1.971875
1.978125
1.984375
1.990625
1.996875
2.003125
2.009375
2.015625
2.021875
2.028125
2.034375
2.040625
2.046875
2.053125
2.059375
2.065625
2.071875
2.078125
2.084375
2.090625
2.096875
2.103125
2.109375
2.115625
2.121875
2.128125
2.134375
2.140625
2.146875
2.153125
2.159375
2.165625
2.171875
2.178125
2.184375
2.190625
2.196875
2.203125
2.209375
2.215625
2.221875
2.228125
2.234375
2.240625
2.246875
2.253125
2.259375
2.265625
2.271875
2.278125
2.284375
2.290625
2.296875
2.303125
2.309375
2.315625
2.321875
2.328125
2.334375
2.340625
2.346875
2.353125
2.359375
2.365625
2.371875
2.378125
2.384375
2.390625
2.396875
2.403125
2.409375
2.415625
2.421875
2.428125
2.434375
2.440625
2.446875
2.453125
2.459375
2.465625
2.471875
2.478125
2.484375
2.490625
2.496875
2.503125
2.509375
2.515625
2.521875
2.528125
2.534375
2.540625
2.546875
2.553125
2.559375
2.565625
2.571875
2.578125
2.584375
2.590625
2.596875
2.603125
2.609375
2.615625
2.621875
2.628125
2.634375
2.640625
2.646875
2.653125
2.659375
2.665625
2.671875
2.678125
2.684375
2.690625
2.696875
2.703125
2.709375
2.715625
2.721875
2.728125
2.734375
2.740625
2.746875
2.753125
2.759375
2.765625
2.771875
2.778125
2.784375
2.790625
2.796875
2.803125
2.809375
2.815625
2.821875
2.828125
2.834375
2.840625
2.846875
2.853125
2.859375
2.865625
2.871875
2.878125
2.884375
2.890625
2.896875
2.903125
2.909375
2.915625
2.921875
2.928125
2.934375
2.940625
2.946875
2.953125
2.959375
2.965625
2.971875
2.978125
2.984375
2.990625
2.996874999999999
3.003125000000001
3.009375
3.015625
3.021875
3.028124999999999
3.034375000000001
3.040625
3.046875
3.053125
3.059374999999999
3.065625000000001
3.071875
3.078125
3.084375
3.090624999999999
3.096875000000001
3.103125
3.109375
3.115625
3.121874999999999
3.128125000000001
3.134375
3.140625
3.146875
3.153124999999999
3.159375000000001
3.165625
3.171875
3.178125
3.184374999999999
3.190625000000001
3.196875
3.203125
3.209375
3.215624999999999
3.221875000000001
3.228125
3.234375
3.240625
3.246874999999999
3.253125000000001
3.259375
3.265625
3.271875
3.278124999999999
3.284375000000001
3.290625
3.296875
3.303125
3.309374999999999
3.315625000000001
3.321875
3.328125
3.334375
3.340624999999999
3.346875000000001
3.353125
3.359375
3.365625
3.371874999999999
3.378125000000001
3.384375
3.390625
3.396875
3.403124999999999
3.409375000000001
3.415625
3.421875
3.428125
3.434374999999999
3.440625000000001
3.446875
3.453125
3.459375
3.465624999999999
3.471875000000001
3.478125
3.484375
3.490625
3.496874999999999
3.503125000000001
3.509375
3.515625
3.521875
3.528124999999999
3.534375000000001
3.540625
3.546875
3.553125
3.559374999999999
3.565625000000001
3.571875
3.578125
3.584375
3.590624999999999
3.596875000000001
3.603125
3.609375
3.615625
3.621874999999999
3.628125000000001
3.634375
3.640625
3.646875
3.653124999999999
3.659375000000001
3.665625
3.671875
3.678125
3.684374999999999
3.690625000000001
3.696875
3.703125
3.709375
3.715624999999999
3.721875000000001
3.728125
3.734375
3.740625
3.746874999999999
3.753125000000001
3.759375
3.765625
3.771875
3.778124999999999
3.784375000000001
3.790625
3.796875
3.803125
3.809374999999999
3.815625000000001
3.821875
3.828125
3.834375
3.840624999999999
3.846875000000001
3.853125
3.859375
3.865625
3.871874999999999
3.878125000000001
3.884375
3.890625
3.896875
3.903124999999999
3.909375000000001
3.915625
3.921875
3.928125
3.934374999999999
3.940625000000001
3.946875
3.953125
3.959375
3.965624999999999
3.971875000000001
3.978125
3.984375
3.990625
3.996874999999999
4.003125000000001
4.009375
4.015625
4.021875
4.028124999999999
4.034375000000001
4.040625
4.046875
4.053125
4.059374999999999
4.065625000000001
4.071875
4.078125
4.084375
4.090624999999999
4.096875000000001
4.103125
4.109375
4.115625
4.121874999999999
4.128125000000001
4.134375
4.140625
4.146875
4.153124999999999
4.159375000000001
4.165625
4.171875
4.178125
4.184374999999999
4.190625000000001
4.196875
4.203125
4.209375
4.215624999999999
4.221875000000001
4.228125
4.234375
4.240625
4.246874999999999
4.253125000000001
4.259375
4.265625
4.271875
4.278124999999999
4.284375000000001
4.290625
4.296875
4.303125
4.309374999999999
4.315625000000001
4.321875
4.328125
4.334375
4.340624999999999
4.346875000000001
4.353125
4.359375
4.365625
4.371874999999999
4.378125000000001
4.384375
4.390625
4.396875
4.403124999999999
4.409375000000001
4.415625
4.421875
4.428125
4.434374999999999
4.440625000000001
4.446875
4.453125
4.459375
4.465624999999999
4.471875000000001
4.478125
4.484375
4.490625
4.496874999999999
4.503125000000001
4.509375
4.515625
4.521875
4.528124999999999
4.534375000000001
4.540625
4.546875
4.553125
4.559374999999999
4.565625000000001
4.571875
4.578125
4.584375
4.590625000000001
4.596875000000001
4.603125
4.609375
4.615625
4.621875000000001
4.628125000000001
4.634375
4.640625
4.646875
4.653125000000001
4.659375000000001
4.665625
4.671875
4.678125
4.684375000000001
4.690625000000001
4.696875
4.703125
4.709375
4.715625000000001
4.721875000000001
4.728125
4.734375
4.740625
4.746875000000001
4.753125000000001
4.759375
4.765625
4.771875
4.778125000000001
4.784375000000001
4.790625
4.796875
4.803125
4.809375000000001
4.815625000000001
4.821875
4.828125
4.834375
4.840625000000001
4.846875000000001
4.853125
4.859375
4.865625
4.871875000000001
4.878125000000001
4.884375
4.890625
4.896875
4.903125000000001
4.909375000000001
4.915625
4.921875
4.928125
4.934375000000001
4.940625000000001
4.946875
4.953125
4.959375
4.965625000000001
4.971875000000001
4.978125
4.984375
4.990625
4.996875000000001
