0
0.001095036904732446
0.002186434974596109
0.003277706609805654
0.004368912092105696
0.00546051678171851
0.006552640891019451
0.0076451497413957
0.008736672300628977
0.009828174454677542
0.01092000489511571
0.01201222074774994
0.0131040448636171
0.0141958521091926
0.01528784906923857
0.01637946057926715
0.01747011574673633
0.01855792494808709
0.01964405240019951
0.02072541896112469
0.02180499156928997
0.02288355949280184
0.02395824748923721
0.02503261152753927
0.02610790713987324
0.02718176326677239
0.0282553124916243
0.02932918306676936
0.03040361198458201
0.03147875146655581
0.03255487197981329
0.03363200400801679
0.03470917050246984
0.03578667108380012
0.03686451217232874
0.03794267248788665
0.03902128252937976
0.04010033382555087
0.04117978434365391
0.04225962250323139
0.04333985780275982
0.04442047840590007
0.04550145092782707
0.04658274952413093
0.04766435223845639
0.04874622868069575
0.04982835870086301
0.0509107284007367
0.05199209981191423
0.0530716971908817
0.05415142632647266
0.05522865455001485
0.05630438234050261
0.05737960606420582
0.05845475169593313
0.05953006456601132
0.06060596953034753
0.06168141423321826
0.06275635314278685
0.0638310367880331
0.06490599251304104
0.06598157968731015
0.06705790710192241
0.06813504687374952
0.06921303649356848
0.07029182834317223
0.07137152261443903
0.07245224317466864
0.07353409327330701
0.07461613737951769
0.07569828301676522
0.07678069455494378
0.07786347278954668
0.07894669357178231
0.08003040146866279
0.08111460642713426
0.08219931236716781
0.08328394930464376
0.08436612141407077
0.08544733930703134
0.08652815105711034
0.08760862549956293
0.08868909021886745
0.08976984651212422
0.09084984066805833
0.0919296144741498
0.09300950102823972
0.09408964864616384
0.09517013479539027
0.09625094825990339
0.09733207464903708
0.09841349319138114
0.0994951890841288
0.1005771579984252
0.1016594069720972
0.102741931805709
0.1038247168270686
0.1049078077154203
0.1059913337359957
0.1070749046733852
0.1081584524238271
0.109241966378499
0.110325509607462
0.1114091868967416
0.1124930775134107
0.1135772670682026
0.1146618564335184
0.1157469322807624
0.1168320570214906
0.1179174185462459
0.1190021818939615
0.1200866668288631
0.1211711839234671
0.1222558418101667
0.1233407176793545
0.1244258219895632
0.1255110724764725
0.1265963707326697
0.1276817138484187
0.1287671302253391
0.1298526314764684
0.1309382267290873
0.132023837597776
0.133109398765561
0.1341949501078192
0.135280527919165
0.1363661450104325
0.1374517609709129
0.1385373577550656
0.1396229788652443
0.140708633637885
0.1417943447453611
0.1428801548518047
0.1439659954905159
0.1450518898844625
0.146137858532839
0.1472238899492807
0.1483099514983781
0.1493961727352056
0.1504826367785839
0.1515690728374827
0.1526554546924171
0.1537418400174114
0.1548283459096307
0.1559150842723
0.1570021345724799
0.1580895693145664
0.1591774760602304
0.1602654462508223
0.1613534811223406
0.1624415301642872
0.1635294464437737
0.1646172364105017
0.1657049009992949
0.1667924458057835
0.1678799200748662
0.1689673559077051
0.1700547702302883
0.1711421737052102
0.1722295488622852
0.1733169046351402
0.1744042660933978
0.1754916018726999
0.1765788701260393
0.1776661205277623
0.178753378975143
0.1798406368774621
0.1809278577680618
0.1820150701652381
0.1831022871464538
0.1841895247105273
0.1852768422239402
0.186364171714853
0.1874515318743016
0.1885389449171956
0.1896264320992518
0.1907140067440234
0.1918017129351504
0.1928895023430451
0.193977338693623
0.1950651906149045
0.1961530351638143
0.1972409703105614
0.1983291383003333
0.1994176372402335
0.2005064354727159
0.2015952136466467
0.2026840751729435
0.2037731268337265
0.204862195455141
0.2059511065679333
0.2070398598178328
0.2081284758374551
0.2092169786007083
0.2103053983444168
0.2113937874934466
0.212482187766282
0.213570626541044
0.2146590953337474
0.2157475699643954
0.216836011032287
0.2179243881650037
0.2190127341751158
0.2201010642946383
0.2211893261008661
0.2222775452210584
0.2233657393280964
0.2244539315782121
0.225542129546174
0.2266303398931361
0.2277185939591656
0.2288068722700209
0.229895167770528
0.2309834972028768
0.2320718767069814
0.2331603160030476
0.2342488403063554
0.2353374512427142
0.2364260930364004
0.2375147422830467
0.238603380769023
0.2396921071149301
0.2407810433289778
0.2418702841406078
0.2429596368690813
0.244049008753408
0.2451385248825584
0.2462282650022418
0.2473182825757928
0.2484083554176806
0.249498440378027
0.2505870846852782
0.2516753174762683
0.2527638487899624
0.2538529690023807
0.2549399894560127
0.2560249823270484
0.2571091647641057
0.2581933261678817
0.2592779366269431
0.2603632403307656
0.2614493584602324
0.2625363390887468
0.2636241801597201
0.2647128630279812
0.2658023570402836
0.2668926030910256
0.2679828651175649
0.2690731342615952
0.2701634080513121
0.2712536864170199
0.2723439693061893
0.2734342569957281
0.2745245504837077
0.2756148508829528
0.2767051593844479
0.2777954771769557
0.2788858054142562
0.2799761451908676
0.2810664973738003
0.2821568637963052
0.2832472370809189
0.2843376145365309
0.2854279961349263
0.2865183818011426
0.2876087717048744
0.2886991665573938
0.2897895674004088
0.2908799753814764
0.2919703916600188
0.2930608173605129
0.2941512535607288
0.2952417011115776
0.2963321616130507
0.2974226280513588
0.2985130982995043
0.2996035723069171
0.3006940500489656
0.3017845316469314
0.3028750174786318
0.3039655085413627
0.3050560059210239
0.3061465107485815
0.307237024130587
0.308327547123297
0.3094180805906646
0.3105086260125537
0.3115991762460735
0.3126897300031409
0.3137802872478238
0.3148708479778087
0.3159614122936783
0.3170519804031272
0.3181425531320771
0.3192331314671599
0.3203237164908003
0.3214143092872624
0.3225049109025591
0.323595522195983
0.3246861446325468
0.3257767707199738
0.3268674000586305
0.3279580326401752
0.3290486685056805
0.3301393077355718
0.3312299505726231
0.3323205975636598
0.3334112496069347
0.3345019077019509
0.3355925728810671
0.3366832461620747
0.3377739283705105
0.3388646204050713
0.339955315528767
0.3410460136163366
0.3421367146989729
0.3432274188674859
0.344318126250177
0.345408837090604
0.3464995517525766
0.3475902710716916
0.3486809959643954
0.3497717273909319
0.3508624663123642
0.3519532134951234
0.3530439691540718
0.3541347275238128
0.3552254885786822
