-4.998437500000001
-4.9953125
-4.9921875
-4.9890625
-4.9859375
-4.982812500000001
-4.9796875
-4.9765625
-4.9734375
-4.9703125
-4.967187500000001
-4.9640625
-4.9609375
-4.9578125
-4.9546875
-4.951562500000001
-4.9484375
-4.9453125
-4.9421875
-4.9390625
-4.935937500000001
-4.9328125
-4.9296875
-4.9265625
-4.9234375
-4.920312500000001
-4.9171875
-4.9140625
-4.9109375
-4.9078125
-4.904687500000001
-4.9015625
-4.8984375
-4.8953125
-4.8921875
-4.889062500000001
-4.8859375
-4.8828125
-4.8796875
-4.8765625
-4.873437500000001
-4.8703125
-4.8671875
-4.8640625
-4.8609375
-4.857812500000001
-4.8546875
-4.8515625
-4.8484375
-4.8453125
-4.842187500000001
-4.8390625
-4.8359375
-4.8328125
-4.8296875
-4.826562500000001
-4.8234375
-4.8203125
-4.8171875
-4.8140625
-4.810937500000001
-4.8078125
-4.8046875
-4.8015625
-4.7984375
-4.795312500000001
-4.7921875
-4.7890625
-4.7859375
-4.7828125
-4.779687500000001
-4.7765625
-4.7734375
-4.7703125
-4.7671875
-4.764062500000001
-4.7609375
-4.7578125
-4.7546875
-4.7515625
-4.748437500000001
-4.7453125
-4.7421875
-4.7390625
-4.7359375
-4.732812500000001
-4.7296875
-4.7265625
-4.7234375
-4.7203125
-4.717187500000001
-4.7140625
-4.7109375
-4.7078125
-4.7046875
-4.701562500000001
-4.6984375
-4.6953125
-4.6921875
-4.6890625
-4.685937500000001
-4.6828125
-4.6796875
-4.6765625
-4.6734375
-4.670312500000001
-4.6671875
-4.6640625
-4.6609375
-4.6578125
-4.654687500000001
-4.6515625
-4.6484375
-4.6453125
-4.6421875
-4.639062500000001
-4.6359375
-4.6328125
-4.6296875
-4.6265625
-4.623437500000001
-4.6203125
-4.6171875
-4.6140625
-4.6109375
-4.607812500000001
-4.6046875
-4.6015625
-4.5984375
-4.5953125
-4.592187500000001
-4.5890625
-4.5859375
-4.5828125
-4.5796875
-4.576562500000001
-4.5734375
-4.5703125
-4.5671875
-4.5640625
-4.560937500000001
-4.5578125
-4.5546875
-4.5515625
-4.5484375
-4.545312500000001
-4.5421875
-4.5390625
-4.5359375
-4.5328125
-4.529687500000001
-4.5265625
-4.5234375
-4.5203125
-4.5171875
-4.514062500000001
-4.5109375
-4.5078125
-4.5046875
-4.5015625
-4.498437500000001
-4.4953125
-4.4921875
-4.4890625
-4.4859375
-4.482812500000001
-4.4796875
-4.4765625
-4.4734375
-4.4703125
-4.467187500000001
-4.4640625
-4.4609375
-4.4578125
-4.4546875
-4.451562500000001
-4.4484375
-4.4453125
-4.4421875
-4.4390625
-4.435937500000001
-4.4328125
-4.4296875
-4.4265625
-4.4234375
-4.420312500000001
-4.4171875
-4.4140625
-4.4109375
-4.4078125
-4.4046875
-4.4015625
-4.3984375
-4.3953125
-4.3921875
-4.3890625
-4.3859375
-4.3828125
-4.3796875
-4.3765625
-4.3734375
-4.3703125
-4.3671875
-4.3640625
-4.3609375
-4.3578125
-4.3546875
-4.3515625
-4.3484375
-4.3453125
-4.3421875
-4.3390625
-4.3359375
-4.3328125
-4.3296875
-4.3265625
-4.3234375
-4.3203125
-4.3171875
-4.3140625
-4.3109375
-4.3078125
-4.3046875
-4.3015625
-4.2984375
-4.2953125
-4.2921875
-4.2890625
-4.2859375
-4.2828125
-4.2796875
-4.2765625
-4.2734375
-4.2703125
-4.2671875
-4.2640625
-4.2609375
-4.2578125
-4.2546875
-4.2515625
-4.2484375
-4.2453125
-4.2421875
-4.2390625
-4.2359375
-4.2328125
-4.2296875
-4.2265625
-4.2234375
-4.2203125
-4.2171875
-4.2140625
-4.2109375
-4.2078125
-4.2046875
-4.2015625
-4.1984375
-4.1953125
-4.1921875
-4.1890625
-4.1859375
-4.1828125
-4.1796875
-4.1765625
-4.1734375
-4.1703125
-4.1671875
-4.1640625
-4.1609375
-4.1578125
-4.1546875
-4.1515625
-4.1484375
-4.1453125
-4.1421875
-4.1390625
-4.1359375
-4.1328125
-4.1296875
-4.1265625
-4.1234375
-4.1203125
-4.1171875
-4.1140625
-4.1109375
-4.1078125
-4.1046875
-4.1015625
-4.0984375
-4.0953125
-4.0921875
-4.0890625
-4.0859375
-4.0828125
-4.0796875
-4.0765625
-4.0734375
-4.0703125
-4.0671875
-4.0640625
-4.0609375
-4.0578125
-4.0546875
-4.0515625
-4.0484375
-4.0453125
-4.0421875
-4.0390625
-4.0359375
-4.0328125
-4.0296875
-4.0265625
-4.0234375
-4.0203125
-4.0171875
-4.0140625
-4.0109375
-4.0078125
-4.0046875
-4.0015625
-3.9984375
-3.9953125
-3.9921875
-3.9890625
-3.9859375
-3.9828125
-3.9796875
-3.9765625
-3.9734375
-3.9703125
-3.9671875
-3.9640625
-3.9609375
-3.9578125
-3.9546875
-3.9515625
-3.9484375
-3.9453125
-3.9421875
-3.9390625
-3.9359375
-3.9328125
-3.9296875
-3.9265625
-3.9234375
-3.9203125
-3.9171875
-3.9140625
-3.9109375
-3.9078125
-3.9046875
-3.9015625
-3.8984375
-3.8953125
-3.8921875
-3.8890625
-3.8859375
-3.8828125
-3.8796875
-3.8765625
-3.8734375
-3.8703125
-3.8671875
-3.8640625
-3.8609375
-3.8578125
-3.8546875
-3.8515625
-3.8484375
-3.8453125
-3.8421875
-3.8390625
-3.8359375
-3.8328125
-3.8296875
-3.8265625
-3.8234375
-3.8203125
-3.8171875
-3.8140625
-3.8109375
-3.8078125
-3.8046875
-3.8015625
-3.7984375
-3.7953125
-3.7921875
-3.7890625
-3.7859375
-3.7828125
-3.7796875
-3.7765625
-3.7734375
-3.7703125
-3.7671875
-3.7640625
-3.7609375
-3.7578125
-3.7546875
-3.7515625
-3.7484375
-3.7453125
-3.7421875
-3.7390625
-3.7359375
-3.7328125
-3.7296875
-3.7265625
-3.7234375
-3.7203125
-3.7171875
-3.7140625
-3.7109375
-3.7078125
-3.7046875
-3.7015625
-3.6984375
-3.6953125
-3.6921875
-3.6890625
-3.6859375
-3.6828125
-3.6796875
-3.6765625
-3.6734375
-3.6703125
-3.6671875
-3.6640625
-3.6609375
-3.6578125
-3.6546875
-3.6515625
-3.6484375
-3.6453125
-3.6421875
-3.6390625
-3.6359375
-3.6328125
-3.6296875
-3.6265625
-3.6234375
-3.6203125
-3.6171875
-3.6140625
-3.6109375
-3.6078125
-3.6046875
-3.6015625
-3.5984375
-3.5953125
-3.5921875
-3.5890625
-3.5859375
-3.5828125
-3.5796875
-3.5765625
-3.5734375
-3.5703125
-3.5671875
-3.5640625
-3.5609375
-3.5578125
-3.5546875
-3.5515625
-3.5484375
-3.5453125
-3.5421875
-3.5390625
-3.5359375
-3.5328125
-3.5296875
-3.5265625
-3.5234375
-3.5203125
-3.5171875
-3.5140625
-3.5109375
-3.5078125
-3.5046875
-3.5015625
-3.4984375
-3.4953125
-3.4921875
-3.4890625
-3.4859375
-3.4828125
-3.4796875
-3.4765625
-3.4734375
-3.4703125
-3.4671875
-3.4640625
-3.4609375
-3.4578125
-3.4546875
-3.4515625
-3.4484375
-3.4453125
-3.4421875
-3.4390625
-3.4359375
-3.4328125
-3.4296875
-3.4265625
-3.4234375
-3.4203125
-3.4171875
-3.4140625
-3.4109375
-3.4078125
-3.4046875
-3.4015625
-3.3984375
-3.3953125
-3.3921875
-3.3890625
-3.3859375
-3.3828125
-3.3796875
-3.3765625
-3.3734375
-3.3703125
-3.3671875
-3.3640625
-3.3609375
-3.3578125
-3.3546875
-3.3515625
-3.3484375
-3.3453125
-3.3421875
-3.3390625
-3.3359375
-3.3328125
-3.3296875
-3.3265625
-3.3234375
-3.3203125
-3.3171875
-3.3140625
-3.3109375
-3.3078125
-3.3046875
-3.3015625
-3.2984375
-3.2953125
-3.2921875
-3.2890625
-3.2859375
-3.2828125
-3.2796875
-3.2765625
-3.2734375
-3.2703125
-3.2671875
-3.2640625
-3.2609375
-3.2578125
-3.2546875
-3.2515625
-3.2484375
-3.2453125
-3.2421875
-3.2390625
-3.2359375
-3.2328125
-3.2296875
-3.2265625
-3.2234375
-3.2203125
-3.2171875
-3.2140625
-3.2109375
-3.2078125
-3.2046875
-3.2015625
-3.1984375
-3.1953125
-3.1921875
-3.1890625
-3.1859375
-3.1828125
-3.1796875
-3.1765625
-3.1734375
-3.1703125
-3.1671875
-3.1640625
-3.1609375
-3.1578125
-3.1546875
-3.1515625
-3.1484375
-3.1453125
-3.1421875
-3.1390625
-3.1359375
-3.1328125
-3.1296875
-3.1265625
-3.1234375
-3.1203125
-3.1171875
-3.1140625
-3.1109375
-3.1078125
-3.1046875
-3.1015625
-3.0984375
-3.0953125
-3.0921875
-3.0890625
-3.0859375
-3.0828125
-3.0796875
-3.0765625
-3.0734375
-3.0703125
-3.0671875
-3.0640625
-3.0609375
-3.0578125
-3.0546875
-3.0515625
-3.0484375
-3.0453125
-3.0421875
-3.0390625
-3.0359375
-3.0328125
-3.0296875
-3.0265625
-3.0234375
-3.0203125
-3.0171875
-3.0140625
-3.0109375
-3.0078125
-3.0046875
-3.0015625
-2.9984375
-2.9953125
-2.9921875
-2.9890625
-2.9859375
-2.9828125
-2.9796875
-2.9765625
-2.9734375
-2.9703125
-2.9671875
-2.9640625
-2.9609375
-2.9578125
-2.9546875
-2.9515625
-2.9484375
-2.9453125
-2.9421875
-2.9390625
-2.9359375
-2.9328125
-2.9296875
-2.9265625
-2.9234375
-2.9203125
-2.9171875
-2.9140625
-2.9109375
-2.9078125
-2.9046875
-2.9015625
-2.8984375
-2.8953125
-2.8921875
-2.8890625
-2.8859375
-2.8828125
-2.8796875
-2.8765625
-2.8734375
-2.8703125
-2.8671875
-2.8640625
-2.8609375
-2.8578125
-2.8546875
-2.8515625
-2.8484375
-2.8453125
-2.8421875
-2.8390625
-2.8359375
-2.8328125
-2.8296875
-2.8265625
-2.8234375
-2.8203125
-2.8171875
-2.8140625
-2.8109375
-2.8078125
-2.8046875
-2.8015625
-2.7984375
-2.7953125
-2.7921875
-2.7890625
-2.7859375
-2.7828125
-2.7796875
-2.7765625
-2.7734375
-2.7703125
-2.7671875
-2.7640625
-2.7609375
-2.7578125
-2.7546875
-2.7515625
-2.7484375
-2.7453125
-2.7421875
-2.7390625
-2.7359375
-2.7328125
-2.7296875
-2.7265625
-2.7234375
-2.7203125
-2.7171875
-2.7140625
-2.7109375
-2.7078125
-2.7046875
-2.7015625
-2.6984375
-2.6953125
-2.6921875
-2.6890625
-2.6859375
-2.6828125
-2.6796875
-2.6765625
-2.6734375
-2.6703125
-2.6671875
-2.6640625
-2.6609375
-2.6578125
-2.6546875
-2.6515625
-2.6484375
-2.6453125
-2.6421875
-2.6390625
-2.6359375
-2.6328125
-2.6296875
-2.6265625
-2.6234375
-2.6203125
-2.6171875
-2.6140625
-2.6109375
-2.6078125
-2.6046875
-2.6015625
-2.5984375
-2.5953125
-2.5921875
-2.5890625
-2.5859375
-2.5828125
-2.5796875
-2.5765625
-2.5734375
-2.5703125
-2.5671875
-2.5640625
-2.5609375
-2.5578125
-2.5546875
-2.5515625
-2.5484375
-2.5453125
-2.5421875
-2.5390625
-2.5359375
-2.5328125
-2.5296875
-2.5265625
-2.5234375
-2.5203125
-2.5171875
-2.5140625
-2.5109375
-2.5078125
-2.5046875
-2.5015625
-2.4984375
-2.4953125
-2.4921875
-2.4890625
-2.4859375
-2.4828125
-2.4796875
-2.4765625
-2.4734375
-2.4703125
-2.4671875
-2.4640625
-2.4609375
-2.4578125
-2.4546875
-2.4515625
-2.4484375
-2.4453125
-2.4421875
-2.4390625
-2.4359375
-2.4328125
-2.4296875
-2.4265625
-2.4234375
-2.4203125
-2.4171875
-2.4140625
-2.4109375
-2.4078125
-2.4046875
-2.4015625
-2.3984375
-2.3953125
-2.3921875
-2.3890625
-2.3859375
-2.3828125
-2.3796875
-2.3765625
-2.3734375
-2.3703125
-2.3671875
-2.3640625
-2.3609375
-2.3578125
-2.3546875
-2.3515625
-2.3484375
-2.3453125
-2.3421875
-2.3390625
-2.3359375
-2.3328125
-2.3296875
-2.3265625
-2.3234375
-2.3203125
-2.3171875
-2.3140625
-2.3109375
-2.3078125
-2.3046875
-2.3015625
-2.2984375
-2.2953125
-2.2921875
-2.2890625
-2.2859375
-2.2828125
-2.2796875
-2.2765625
-2.2734375
-2.2703125
-2.2671875
-2.2640625
-2.2609375
-2.2578125
-2.2546875
-2.2515625
-2.2484375
-2.2453125
-2.2421875
-2.2390625
-2.2359375
-2.2328125
-2.2296875
-2.2265625
-2.2234375
-2.2203125
-2.2171875
-2.2140625
-2.2109375
-2.2078125
-2.2046875
-2.2015625
-2.1984375
-2.1953125
-2.1921875
-2.1890625
-2.1859375
-2.1828125
-2.1796875
-2.1765625
-2.1734375
-2.1703125
-2.1671875
-2.1640625
-2.1609375
-2.1578125
-2.1546875
-2.1515625
-2.1484375
-2.1453125
-2.1421875
-2.1390625
-2.1359375
-2.1328125
-2.1296875
-2.1265625
-2.1234375
-2.1203125
-2.1171875
-2.1140625
-2.1109375
-2.1078125
-2.1046875
-2.1015625
-2.0984375
-2.0953125
-2.0921875
-2.0890625
-2.0859375
-2.0828125
-2.0796875
-2.0765625
-2.0734375
-2.0703125
-2.0671875
-2.0640625
-2.0609375
-2.0578125
-2.0546875
-2.0515625
-2.0484375
-2.0453125
-2.0421875
-2.0390625
-2.0359375
-2.0328125
-2.0296875
-2.0265625
-2.0234375
-2.0203125
-2.0171875
-2.0140625
-2.0109375
-2.0078125
-2.0046875
-2.0015625
-1.9984375
-1.9953125
-1.9921875
-1.9890625
-1.9859375
-1.9828125
-1.9796875
-1.9765625
-1.9734375
-1.9703125
-1.9671875
-1.9640625
-1.9609375
-1.9578125
-1.9546875
-1.9515625
-1.9484375
-1.9453125
-1.9421875
-1.9390625
-1.9359375
-1.9328125
-1.9296875
-1.9265625
-1.9234375
-1.9203125
-1.9171875
-1.9140625
-1.9109375
-1.9078125
-1.9046875
-1.9015625
-1.8984375
-1.8953125
-1.8921875
-1.8890625
-1.8859375
-1.8828125
-1.8796875
-1.8765625
-1.8734375
-1.8703125
-1.8671875
-1.8640625
-1.8609375
-1.8578125
-1.8546875
-1.8515625
-1.8484375
-1.8453125
-1.8421875
-1.8390625
-1.8359375
-1.8328125
-1.8296875
-1.8265625
-1.8234375
-1.8203125
-1.8171875
-1.8140625
-1.8109375
-1.8078125
-1.8046875
-1.8015625
-1.7984375
-1.7953125
-1.7921875
-1.7890625
-1.7859375
-1.7828125
-1.7796875
-1.7765625
-1.7734375
-1.7703125
-1.7671875
-1.7640625
-1.7609375
-1.7578125
-1.7546875
-1.7515625
-1.7484375
-1.7453125
-1.7421875
-1.7390625
-1.7359375
-1.7328125
-1.7296875
-1.7265625
-1.7234375
-1.7203125
-1.7171875
-1.7140625
-1.7109375
-1.7078125
-1.7046875
-1.7015625
-1.6984375
-1.6953125
-1.6921875
-1.6890625
-1.6859375
-1.6828125
-1.6796875
-1.6765625
-1.6734375
-1.6703125
-1.6671875
-1.6640625
-1.6609375
-1.6578125
-1.6546875
-1.6515625
-1.6484375
-1.6453125
-1.6421875
-1.6390625
-1.6359375
-1.6328125
-1.6296875
-1.6265625
-1.6234375
-1.6203125
-1.6171875
-1.6140625
-1.6109375
-1.6078125
-1.6046875
-1.6015625
-1.5984375
-1.5953125
-1.5921875
-1.5890625
-1.5859375
-1.5828125
-1.5796875
-1.5765625
-1.5734375
-1.5703125
-1.5671875
-1.5640625
-1.5609375
-1.5578125
-1.5546875
-1.5515625
-1.5484375
-1.5453125
-1.5421875
-1.5390625
-1.5359375
-1.5328125
-1.5296875
-1.5265625
-1.5234375
-1.5203125
-1.5171875
-1.5140625
-1.5109375
-1.5078125
-1.5046875
-1.5015625
-1.4984375
-1.4953125
-1.4921875
-1.4890625
-1.4859375
-1.4828125
-1.4796875
-1.4765625
-1.4734375
-1.4703125
-1.4671875
-1.4640625
-1.4609375
-1.4578125
-1.4546875
-1.4515625
-1.4484375
-1.4453125
-1.4421875
-1.4390625
-1.4359375
-1.4328125
-1.4296875
-1.4265625
-1.4234375
-1.4203125
-1.4171875
-1.4140625
-1.4109375
-1.4078125
-1.4046875
-1.4015625
-1.3984375
-1.3953125
-1.3921875
-1.3890625
-1.3859375
-1.3828125
-1.3796875
-1.3765625
-1.3734375
-1.3703125
-1.3671875
-1.3640625
-1.3609375
-1.3578125
-1.3546875
-1.3515625
-1.3484375
-1.3453125
-1.3421875
-1.3390625
-1.3359375
-1.3328125
-1.3296875
-1.3265625
-1.3234375
-1.3203125
-1.3171875
-1.3140625
-1.3109375
-1.3078125
-1.3046875
-1.3015625
-1.2984375
-1.2953125
-1.2921875
-1.2890625
-1.2859375
-1.2828125
-1.2796875
-1.2765625
-1.2734375
-1.2703125
-1.2671875
-1.2640625
-1.2609375
-1.2578125
-1.2546875
-1.2515625
-1.2484375
-1.2453125
-1.2421875
-1.2390625
-1.2359375
-1.2328125
-1.2296875
-1.2265625
-1.2234375
-1.2203125
-1.2171875
-1.2140625
-1.2109375
-1.2078125
-1.2046875
-1.2015625
-1.1984375
-1.1953125
-1.1921875
-1.1890625
-1.1859375
-1.1828125
-1.1796875
-1.1765625
-1.1734375
-1.1703125
-1.1671875
-1.1640625
-1.1609375
-1.1578125
-1.1546875
-1.1515625
-1.1484375
-1.1453125
-1.1421875
-1.1390625
-1.1359375
-1.1328125
-1.1296875
-1.1265625
-1.1234375
-1.1203125
-1.1171875
-1.1140625
-1.1109375
-1.1078125
-1.1046875
-1.1015625
-1.0984375
-1.0953125
-1.0921875
-1.0890625
-1.0859375
-1.0828125
-1.0796875
-1.0765625
-1.0734375
-1.0703125
-1.0671875
-1.0640625
-1.0609375
-1.0578125
-1.0546875
-1.0515625
-1.0484375
-1.0453125
-1.0421875
-1.0390625
-1.0359375
-1.0328125
-1.0296875
-1.0265625
-1.0234375
-1.0203125
-1.0171875
-1.0140625
-1.0109375
-1.0078125
-1.0046875
-1.0015625
-0.9984374999999996
-0.9953124999999998
-0.9921875
-0.9890625000000002
-0.9859375000000004
-0.9828124999999996
-0.9796874999999998
-0.9765625
-0.9734375000000002
-0.9703125000000004
-0.9671874999999996
-0.9640624999999998
-0.9609375
-0.9578125000000002
-0.9546875000000004
-0.9515624999999996
-0.9484374999999998
-0.9453125
-0.9421875000000002
-0.9390625000000004
-0.9359374999999996
-0.9328124999999998
-0.9296875
-0.9265625000000002
-0.9234375000000004
-0.9203124999999996
-0.9171874999999998
-0.9140625
-0.9109375000000002
-0.9078125000000004
-0.9046874999999996
-0.9015624999999998
-0.8984375
-0.8953125000000002
-0.8921875000000004
-0.8890624999999996
-0.8859374999999998
-0.8828125
-0.8796875000000002
-0.8765625000000004
-0.8734374999999996
-0.8703124999999998
-0.8671875
-0.8640625000000002
-0.8609375000000004
-0.8578124999999996
-0.8546874999999998
-0.8515625
-0.8484375000000002
-0.8453125000000004
-0.8421874999999996
-0.8390624999999998
-0.8359375
-0.8328125000000002
-0.8296875000000004
-0.8265624999999996
-0.8234374999999998
-0.8203125
-0.8171875000000002
-0.8140625000000004
-0.8109374999999996
-0.8078124999999998
-0.8046875
-0.8015625000000002
-0.7984375000000004
-0.7953124999999996
-0.7921874999999998
-0.7890625
-0.7859375000000002
-0.7828125000000004
-0.7796874999999996
-0.7765624999999998
-0.7734375
-0.7703125000000002
-0.7671875000000004
-0.7640624999999996
-0.7609374999999998
-0.7578125
-0.7546875000000002
-0.7515625000000004
-0.7484374999999996
-0.7453124999999998
-0.7421875
-0.7390625000000002
-0.7359375000000004
-0.7328124999999996
-0.7296874999999998
-0.7265625
-0.7234375000000002
-0.7203125000000004
-0.7171874999999996
-0.7140624999999998
-0.7109375
-0.7078125000000002
-0.7046875000000004
-0.7015624999999996
-0.6984374999999998
-0.6953125
-0.6921875000000002
-0.6890625000000004
-0.6859374999999996
-0.6828124999999998
-0.6796875
-0.6765625000000002
-0.6734375000000004
-0.6703124999999996
-0.6671874999999998
-0.6640625
-0.6609375000000002
-0.6578125000000004
-0.6546874999999996
-0.6515624999999998
-0.6484375
-0.6453125000000002
-0.6421875000000004
-0.6390624999999996
-0.6359374999999998
-0.6328125
-0.6296875000000002
-0.6265625000000004
-0.6234374999999996
-0.6203124999999998
-0.6171875
-0.6140625000000002
-0.6109375000000004
-0.6078124999999996
-0.6046874999999998
-0.6015625
-0.5984375000000002
-0.5953125000000004
-0.5921874999999996
-0.5890624999999998
-0.5859375
-0.5828125000000002
-0.5796875000000004
-0.5765624999999996
-0.5734374999999998
-0.5703125
-0.5671875000000002
-0.5640625000000004
-0.5609374999999996
-0.5578124999999998
-0.5546875
-0.5515625000000002
-0.5484375000000004
-0.5453124999999996
-0.5421874999999998
-0.5390625
-0.5359375000000002
-0.5328125000000004
-0.5296874999999996
-0.5265624999999998
-0.5234375
-0.5203125000000002
-0.5171875000000004
-0.5140624999999996
-0.5109374999999998
-0.5078125
-0.5046875000000002
-0.5015625000000004
-0.4984374999999996
-0.4953124999999998
-0.4921875
-0.4890625000000002
-0.4859375000000004
-0.4828124999999996
-0.4796874999999998
-0.4765625
-0.4734375000000002
-0.4703125000000004
-0.4671874999999996
-0.4640624999999998
-0.4609375
-0.4578125000000002
-0.4546875000000004
-0.4515624999999996
-0.4484374999999998
-0.4453125
-0.4421875000000002
-0.4390625000000004
-0.4359374999999996
-0.4328124999999998
-0.4296875
-0.4265625000000002
-0.4234375000000004
-0.4203124999999996
-0.4171874999999998
-0.4140625
-0.4109375000000002
-0.4078125000000004
-0.4046874999999996
-0.4015624999999998
-0.3984375
-0.3953125000000002
-0.3921875000000004
-0.3890624999999996
-0.3859374999999998
-0.3828125
-0.3796875000000002
-0.3765625000000004
-0.3734374999999996
-0.3703124999999998
-0.3671875
-0.3640625000000002
-0.3609375000000004
-0.3578124999999996
-0.3546874999999998
-0.3515625
-0.3484375000000002
-0.3453125000000004
-0.3421874999999996
-0.3390624999999998
-0.3359375
-0.3328125000000002
-0.3296875000000004
-0.3265624999999996
-0.3234374999999998
-0.3203125
-0.3171875000000002
-0.3140625000000004
-0.3109374999999996
-0.3078124999999998
-0.3046875
-0.3015625000000002
-0.2984375000000004
-0.2953124999999996
-0.2921874999999998
-0.2890625
-0.2859375000000002
-0.2828125000000004
-0.2796874999999996
-0.2765624999999998
-0.2734375
-0.2703125000000002
-0.2671875000000004
-0.2640624999999996
-0.2609374999999998
-0.2578125
-0.2546875000000002
-0.2515625000000004
-0.2484374999999996
-0.2453124999999998
-0.2421875
-0.2390625000000002
-0.2359375000000004
-0.2328124999999996
-0.2296874999999998
-0.2265625
-0.2234375000000002
-0.2203125000000004
-0.2171874999999996
-0.2140624999999998
-0.2109375
-0.2078125000000002
-0.2046874999999995
-0.2015624999999996
-0.1984374999999998
-0.1953125
-0.1921875000000002
-0.1890624999999995
-0.1859374999999996
-0.1828124999999998
-0.1796875
-0.1765625000000002
-0.1734374999999995
-0.1703124999999996
-0.1671874999999998
-0.1640625
-0.1609375000000002
-0.1578124999999995
-0.1546874999999996
-0.1515624999999998
-0.1484375
-0.1453125000000002
-0.1421874999999995
-0.1390624999999996
-0.1359374999999998
-0.1328125
-0.1296875000000002
-0.1265624999999995
-0.1234374999999996
-0.1203124999999998
-0.1171875
-0.1140625000000002
-0.1109374999999995
-0.1078124999999996
-0.1046874999999998
-0.1015625
-0.09843750000000018
-0.09531249999999947
-0.09218749999999964
-0.08906249999999982
-0.0859375
-0.08281250000000018
-0.07968749999999947
-0.07656249999999964
-0.07343749999999982
-0.0703125
-0.06718750000000018
-0.06406249999999947
-0.06093749999999964
-0.05781249999999982
-0.0546875
-0.05156250000000018
-0.04843749999999947
-0.04531249999999964
-0.04218749999999982
-0.0390625
-0.03593750000000018
-0.03281249999999947
-0.02968749999999964
-0.02656249999999982
-0.0234375
-0.02031250000000018
-0.01718749999999947
-0.01406249999999964
-0.01093749999999982
-0.0078125
-0.004687500000000178
-0.001562499999999467
0.001562500000000355
0.004687500000000178
0.0078125
0.01093749999999982
0.01406250000000053
0.01718750000000036
0.02031250000000018
0.0234375
0.02656249999999982
0.02968750000000053
0.03281250000000036
0.03593750000000018
0.0390625
0.04218749999999982
0.04531250000000053
0.04843750000000036
0.05156250000000018
0.0546875
0.05781249999999982
0.06093750000000053
0.06406250000000036
0.06718750000000018
0.0703125
0.07343749999999982
0.07656250000000053
0.07968750000000036
0.08281250000000018
0.0859375
0.08906249999999982
0.09218750000000053
0.09531250000000036
0.09843750000000018
0.1015625
0.1046874999999998
0.1078125000000005
0.1109375000000004
0.1140625000000002
0.1171875
0.1203124999999998
0.1234375000000005
0.1265625000000004
0.1296875000000002
0.1328125
0.1359374999999998
0.1390625000000005
0.1421875000000004
0.1453125000000002
0.1484375
0.1515624999999998
0.1546875000000005
0.1578125000000004
0.1609375000000002
0.1640625
0.1671874999999998
0.1703125000000005
0.1734375000000004
0.1765625000000002
0.1796875
0.1828124999999998
0.1859375000000005
0.1890625000000004
0.1921875000000002
0.1953125
0.1984374999999998
0.2015625000000005
0.2046875000000004
0.2078125000000002
0.2109375
0.2140624999999998
0.2171875000000005
0.2203125000000004
0.2234375000000002
0.2265625
0.2296874999999998
0.2328125000000005
0.2359375000000004
0.2390625000000002
0.2421875
0.2453124999999998
0.2484375000000005
0.2515625000000004
0.2546875000000002
0.2578125
0.2609374999999998
0.2640625000000005
0.2671875000000004
0.2703125000000002
0.2734375
0.2765624999999998
0.2796875000000005
0.2828125000000004
0.2859375000000002
0.2890625
0.2921874999999998
0.2953125000000005
0.2984375000000004
0.3015625000000002
0.3046875
0.3078124999999998
0.3109375000000005
0.3140625000000004
0.3171875000000002
0.3203125
0.3234374999999998
0.3265625000000005
0.3296875000000004
0.3328125000000002
0.3359375
0.3390624999999998
0.3421875000000005
0.3453125000000004
0.3484375000000002
0.3515625
0.3546874999999998
0.3578125000000005
0.3609375000000004
0.3640625000000002
0.3671875
0.3703124999999998
0.3734375000000005
0.3765625000000004
0.3796875000000002
0.3828125
0.3859374999999998
0.3890625000000005
0.3921875000000004
0.3953125000000002
0.3984375
0.4015624999999998
0.4046875000000005
0.4078125000000004
0.4109375000000002
0.4140625
0.4171874999999998
0.4203125000000005
0.4234375000000004
0.4265625000000002
0.4296875
0.4328124999999998
0.4359375000000005
0.4390625000000004
0.4421875000000002
0.4453125
0.4484374999999998
0.4515625000000005
0.4546875000000004
0.4578125000000002
0.4609375
0.4640624999999998
0.4671875000000005
0.4703125000000004
0.4734375000000002
0.4765625
0.4796874999999998
0.4828125000000005
0.4859375000000004
0.4890625000000002
0.4921875
0.4953124999999998
0.4984375000000005
0.5015625000000004
0.5046875000000002
0.5078125
0.5109374999999998
0.5140625000000005
0.5171875000000004
0.5203125000000002
0.5234375
0.5265624999999998
0.5296875000000005
0.5328125000000004
0.5359375000000002
0.5390625
0.5421874999999998
0.5453125000000005
0.5484375000000004
0.5515625000000002
0.5546875
0.5578124999999998
0.5609375000000005
0.5640625000000004
0.5671875000000002
0.5703125
0.5734374999999998
0.5765625000000005
0.5796875000000004
0.5828125000000002
0.5859375
0.5890624999999998
0.5921875000000005
0.5953125000000004
0.5984375000000002
0.6015625
0.6046874999999998
0.6078125000000005
0.6109375000000004
0.6140625000000002
0.6171875
0.6203124999999998
0.6234375000000005
0.6265625000000004
0.6296875000000002
0.6328125
0.6359374999999998
0.6390625000000005
0.6421875000000004
0.6453125000000002
0.6484375
0.6515624999999998
0.6546875000000005
0.6578125000000004
0.6609375000000002
0.6640625
0.6671874999999998
0.6703125000000005
0.6734375000000004
0.6765625000000002
0.6796875
0.6828124999999998
0.6859375000000005
0.6890625000000004
0.6921875000000002
0.6953125
0.6984374999999998
0.7015625000000005
0.7046875000000004
0.7078125000000002
0.7109375
0.7140624999999998
0.7171875000000005
0.7203125000000004
0.7234375000000002
0.7265625
0.7296874999999998
0.7328125000000005
0.7359375000000004
0.7390625000000002
0.7421875
0.7453124999999998
0.7484375000000005
0.7515625000000004
0.7546875000000002
0.7578125
0.7609374999999998
0.7640625000000005
0.7671875000000004
0.7703125000000002
0.7734375
0.7765624999999998
0.7796875000000005
0.7828125000000004
0.7859375000000002
0.7890625
0.7921874999999998
0.7953125000000005
0.7984375000000004
0.8015625000000002
0.8046875
0.8078124999999998
0.8109375000000005
0.8140625000000004
0.8171875000000002
0.8203125
0.8234374999999998
0.8265625000000005
0.8296875000000004
0.8328125000000002
0.8359375
0.8390624999999998
0.8421875000000005
0.8453125000000004
0.8484375000000002
0.8515625
0.8546874999999998
0.8578125000000005
0.8609375000000004
0.8640625000000002
0.8671875
0.8703124999999998
0.8734375000000005
0.8765625000000004
0.8796875000000002
0.8828125
0.8859374999999998
0.8890625000000005
0.8921875000000004
0.8953125000000002
0.8984375
0.9015624999999998
0.9046875000000005
0.9078125000000004
0.9109375000000002
0.9140625
0.9171874999999998
0.9203125000000005
0.9234375000000004
0.9265625000000002
0.9296875
0.9328124999999998
0.9359375000000005
0.9390625000000004
0.9421875000000002
0.9453125
0.9484374999999998
0.9515625000000005
0.9546875000000004
0.9578125000000002
0.9609375
0.9640624999999998
0.9671875000000005
0.9703125000000004
0.9734375000000002
0.9765625
0.9796874999999998
0.9828125000000005
0.9859375000000004
0.9890625000000002
0.9921875
0.9953124999999998
0.9984375000000005
1.0015625
1.0046875
1.0078125
1.0109375
1.014062500000001
1.0171875
1.0203125
1.0234375
1.0265625
1.029687500000001
1.0328125
1.0359375
1.0390625
1.0421875
1.045312500000001
1.0484375
1.0515625
1.0546875
1.0578125
1.060937500000001
1.0640625
1.0671875
1.0703125
1.0734375
1.076562500000001
1.0796875
1.0828125
1.0859375
1.0890625
1.092187500000001
1.0953125
1.0984375
1.1015625
1.1046875
1.107812500000001
1.1109375
1.1140625
1.1171875
1.1203125
1.123437500000001
1.1265625
1.1296875
1.1328125
1.1359375
1.139062500000001
1.1421875
1.1453125
1.1484375
1.1515625
1.154687500000001
1.1578125
1.1609375
1.1640625
1.1671875
1.170312500000001
1.1734375
1.1765625
1.1796875
1.1828125
1.185937500000001
1.1890625
1.1921875
1.1953125
1.1984375
1.201562500000001
1.2046875
1.2078125
1.2109375
1.2140625
1.217187500000001
1.2203125
1.2234375
1.2265625
1.2296875
1.232812500000001
1.2359375
1.2390625
1.2421875
1.2453125
1.248437500000001
1.2515625
1.2546875
1.2578125
1.2609375
1.264062500000001
1.2671875
1.2703125
1.2734375
1.2765625
1.279687500000001
1.2828125
1.2859375
1.2890625
1.2921875
1.295312500000001
1.2984375
1.3015625
1.3046875
1.3078125
1.310937500000001
1.3140625
1.3171875
1.3203125
1.3234375
1.326562500000001
1.3296875
1.3328125
1.3359375
1.3390625
1.342187500000001
1.3453125
1.3484375
1.3515625
1.3546875
1.357812500000001
1.3609375
1.3640625
1.3671875
1.3703125
1.373437500000001
1.3765625
1.3796875
1.3828125
1.3859375
1.389062500000001
1.3921875
1.3953125
1.3984375
1.4015625
1.404687500000001
1.4078125
1.4109375
1.4140625
1.4171875
1.420312500000001
1.4234375
1.4265625
1.4296875
1.4328125
1.435937500000001
1.4390625
1.4421875
1.4453125
1.4484375
1.451562500000001
1.4546875
1.4578125
1.4609375
1.4640625
1.467187500000001
1.4703125
1.4734375
1.4765625
1.4796875
1.482812500000001
1.4859375
1.4890625
1.4921875
1.4953125
1.498437500000001
1.5015625
1.5046875
1.5078125
1.5109375
1.514062500000001
1.5171875
1.5203125
1.5234375
1.5265625
1.529687500000001
1.5328125
1.5359375
1.5390625
1.5421875
1.545312500000001
1.5484375
1.5515625
1.5546875
1.5578125
1.560937500000001
1.5640625
1.5671875
1.5703125
1.5734375
1.576562500000001
1.5796875
1.5828125
1.5859375
1.5890625
1.592187500000001
1.5953125
1.5984375
1.6015625
1.6046875
1.607812500000001
1.6109375
1.6140625
1.6171875
1.6203125
1.623437500000001
1.6265625
1.6296875
1.6328125
1.6359375
1.639062500000001
1.6421875
1.6453125
1.6484375
1.6515625
1.654687500000001
1.6578125
1.6609375
1.6640625
1.6671875
1.670312500000001
1.6734375
1.6765625
1.6796875
1.6828125
1.685937500000001
1.6890625
1.6921875
1.6953125
1.6984375
1.701562500000001
1.7046875
1.7078125
1.7109375
1.7140625
1.717187500000001
1.7203125
1.7234375
1.7265625
1.7296875
1.732812500000001
1.7359375
1.7390625
1.7421875
1.7453125
1.748437500000001
1.7515625
1.7546875
1.7578125
1.7609375
1.764062500000001
1.7671875
1.7703125
1.7734375
1.7765625
1.779687500000001
1.7828125
1.7859375
1.7890625
1.7921875
1.795312500000001
1.7984375
1.8015625
1.8046875
1.8078125
1.810937500000001
1.8140625
1.8171875
1.8203125
1.8234375
1.826562500000001
1.8296875
1.8328125
1.8359375
1.8390625
1.842187500000001
1.8453125
1.8484375
1.8515625
1.8546875
1.857812500000001
1.8609375
1.8640625
1.8671875
1.8703125
1.873437500000001
1.8765625
1.8796875
1.8828125
1.8859375
1.889062500000001
1.8921875
1.8953125
1.8984375
1.9015625
1.904687500000001
1.9078125
1.9109375
1.9140625
1.9171875
1.920312500000001
1.9234375
1.9265625
1.9296875
1.9328125
1.935937500000001
1.9390625
1.9421875
1.9453125
1.9484375
1.951562500000001
1.9546875
1.9578125
1.9609375
1.9640625
1.967187500000001
1.9703125
1.9734375
1.9765625
1.9796875
1.982812500000001
1.9859375
1.9890625
1.9921875
1.9953125
1.998437500000001
2.0015625
2.0046875
2.0078125
2.0109375
2.014062500000001
2.0171875
2.0203125
2.0234375
2.0265625
2.029687500000001
2.0328125
2.0359375
2.0390625
2.0421875
2.045312500000001
2.0484375
2.0515625
2.0546875
2.0578125
2.060937500000001
2.0640625
2.0671875
2.0703125
2.0734375
2.076562500000001
2.0796875
2.0828125
2.0859375
2.0890625
2.092187500000001
2.0953125
2.0984375
2.1015625
2.1046875
2.107812500000001
2.1109375
2.1140625
2.1171875
2.1203125
2.123437500000001
2.1265625
2.1296875
2.1328125
2.1359375
2.139062500000001
2.1421875
2.1453125
2.1484375
2.1515625
2.154687500000001
2.1578125
2.1609375
2.1640625
2.1671875
2.170312500000001
2.1734375
2.1765625
2.1796875
2.1828125
2.185937500000001
2.1890625
2.1921875
2.1953125
2.1984375
2.201562500000001
2.2046875
2.2078125
2.2109375
2.2140625
2.217187500000001
2.2203125
2.2234375
2.2265625
2.2296875
2.232812500000001
2.2359375
2.2390625
2.2421875
2.2453125
2.248437500000001
2.2515625
2.2546875
2.2578125
2.2609375
2.264062500000001
2.2671875
2.2703125
2.2734375
2.2765625
2.279687500000001
2.2828125
2.2859375
2.2890625
2.2921875
2.295312500000001
2.2984375
2.3015625
2.3046875
2.3078125
2.310937500000001
2.3140625
2.3171875
2.3203125
2.3234375
2.326562500000001
2.3296875
2.3328125
2.3359375
2.3390625
2.342187500000001
2.3453125
2.3484375
2.3515625
2.3546875
2.357812500000001
2.3609375
2.3640625
2.3671875
2.3703125
2.373437500000001
2.3765625
2.3796875
2.3828125
2.3859375
2.389062500000001
2.3921875
2.3953125
2.3984375
2.4015625
2.404687500000001
2.4078125
2.4109375
2.4140625
2.4171875
2.420312500000001
2.4234375
2.4265625
2.4296875
2.4328125
2.435937500000001
2.4390625
2.4421875
2.4453125
2.4484375
2.451562500000001
2.4546875
2.4578125
2.4609375
2.4640625
2.467187500000001
2.4703125
2.4734375
2.4765625
2.4796875
2.482812500000001
2.4859375
2.4890625
2.4921875
2.4953125
2.498437500000001
2.5015625
2.5046875
2.5078125
2.5109375
2.514062500000001
2.5171875
2.5203125
2.5234375
2.5265625
2.529687500000001
2.5328125
2.5359375
2.5390625
2.5421875
2.545312500000001
2.5484375
2.5515625
2.5546875
2.5578125
2.560937500000001
2.5640625
2.5671875
2.5703125
2.5734375
2.576562500000001
2.5796875
2.5828125
2.5859375
2.5890625
2.592187500000001
2.5953125
2.5984375
2.6015625
2.6046875
2.607812500000001
2.6109375
2.6140625
2.6171875
2.6203125
2.623437500000001
2.6265625
2.6296875
2.6328125
2.6359375
2.639062500000001
2.6421875
2.6453125
2.6484375
2.6515625
2.654687500000001
2.6578125
2.6609375
2.6640625
2.6671875
2.670312500000001
2.6734375
2.6765625
2.6796875
2.6828125
2.685937500000001
2.6890625
2.6921875
2.6953125
2.6984375
2.701562500000001
2.7046875
2.7078125
2.7109375
2.7140625
2.717187500000001
2.7203125
2.7234375
2.7265625
2.7296875
2.732812500000001
2.7359375
2.7390625
2.7421875
2.7453125
2.748437500000001
2.7515625
2.7546875
2.7578125
2.7609375
2.764062500000001
2.7671875
2.7703125
2.7734375
2.7765625
2.779687500000001
2.7828125
2.7859375
2.7890625
2.7921875
2.795312500000001
2.7984375
2.8015625
2.8046875
2.8078125
2.810937500000001
2.8140625
2.8171875
2.8203125
2.8234375
2.826562500000001
2.8296875
2.8328125
2.8359375
2.8390625
2.842187500000001
2.8453125
2.8484375
2.8515625
2.8546875
2.857812500000001
2.8609375
2.8640625
2.8671875
2.8703125
2.873437500000001
2.8765625
2.8796875
2.8828125
2.8859375
2.889062500000001
2.8921875
2.8953125
2.8984375
2.9015625
2.904687500000001
2.9078125
2.9109375
2.9140625
2.9171875
2.920312500000001
2.9234375
2.9265625
2.9296875
2.9328125
2.935937500000001
2.9390625
2.9421875
2.9453125
2.9484375
2.951562500000001
2.9546875
2.9578125
2.9609375
2.9640625
2.967187500000001
2.9703125
2.9734375
2.9765625
2.9796875
2.982812500000001
2.9859375
2.9890625
2.9921875
2.9953125
2.998437500000001
3.001562499999999
3.0046875
3.007812500000001
3.0109375
3.014062500000001
3.017187499999999
3.0203125
3.023437500000001
3.0265625
3.029687500000001
3.032812499999999
3.0359375
3.039062500000001
3.0421875
3.045312500000001
3.048437499999999
3.0515625
3.054687500000001
3.0578125
3.060937500000001
3.064062499999999
3.0671875
3.070312500000001
3.0734375
3.076562500000001
3.079687499999999
3.0828125
3.085937500000001
3.0890625
3.092187500000001
3.095312499999999
3.0984375
3.101562500000001
3.1046875
3.107812500000001
3.110937499999999
3.1140625
3.117187500000001
3.1203125
3.123437500000001
3.126562499999999
3.1296875
3.132812500000001
3.1359375
3.139062500000001
3.142187499999999
3.1453125
3.148437500000001
3.1515625
3.154687500000001
3.157812499999999
3.1609375
3.164062500000001
3.1671875
3.170312500000001
3.173437499999999
3.1765625
3.179687500000001
3.1828125
3.185937500000001
3.189062499999999
3.1921875
3.195312500000001
3.1984375
3.201562500000001
3.204687499999999
3.2078125
3.210937500000001
3.2140625
3.217187500000001
3.220312499999999
3.2234375
3.226562500000001
3.2296875
3.232812500000001
3.235937499999999
3.2390625
3.242187500000001
3.2453125
3.248437500000001
3.251562499999999
3.2546875
3.257812500000001
3.2609375
3.264062500000001
3.267187499999999
3.2703125
3.273437500000001
3.2765625
3.279687500000001
3.282812499999999
3.2859375
3.289062500000001
3.2921875
3.295312500000001
3.298437499999999
3.3015625
3.304687500000001
3.3078125
3.310937500000001
3.314062499999999
3.3171875
3.320312500000001
3.3234375
3.326562500000001
3.329687499999999
3.3328125
3.335937500000001
3.3390625
3.342187500000001
3.345312499999999
3.3484375
3.351562500000001
3.3546875
3.357812500000001
3.360937499999999
3.3640625
3.367187500000001
3.3703125
3.373437500000001
3.376562499999999
3.3796875
3.382812500000001
3.3859375
3.389062500000001
3.392187499999999
3.3953125
3.398437500000001
3.4015625
3.404687500000001
3.407812499999999
3.4109375
3.414062500000001
3.4171875
3.420312500000001
3.423437499999999
3.4265625
3.429687500000001
3.4328125
3.435937500000001
3.439062499999999
3.4421875
3.445312500000001
3.4484375
3.451562500000001
3.454687499999999
3.4578125
3.460937500000001
3.4640625
3.467187500000001
3.470312499999999
3.4734375
3.476562500000001
3.4796875
3.482812500000001
3.485937499999999
3.4890625
3.492187500000001
3.4953125
3.498437500000001
3.501562499999999
3.5046875
3.507812500000001
3.5109375
3.514062500000001
3.517187499999999
3.5203125
3.523437500000001
3.5265625
3.529687500000001
3.532812499999999
3.5359375
3.539062500000001
3.5421875
3.545312500000001
3.548437499999999
3.5515625
3.554687500000001
3.5578125
3.560937500000001
3.564062499999999
3.5671875
3.570312500000001
3.5734375
3.576562500000001
3.579687499999999
3.5828125
3.585937500000001
3.5890625
3.592187500000001
3.595312499999999
3.5984375
3.601562500000001
3.6046875
3.607812500000001
3.610937499999999
3.6140625
3.617187500000001
3.6203125
3.623437500000001
3.626562499999999
3.6296875
3.632812500000001
3.6359375
3.639062500000001
3.642187499999999
3.6453125
3.648437500000001
3.6515625
3.654687500000001
3.657812499999999
3.6609375
3.664062500000001
3.6671875
3.670312500000001
3.673437499999999
3.6765625
3.679687500000001
3.6828125
3.685937500000001
3.689062499999999
3.6921875
3.695312500000001
3.6984375
3.701562500000001
3.704687499999999
3.7078125
3.710937500000001
3.7140625
3.717187500000001
3.720312499999999
3.7234375
3.726562500000001
3.7296875
3.732812500000001
3.735937499999999
3.7390625
3.742187500000001
3.7453125
3.748437500000001
3.751562499999999
3.7546875
3.757812500000001
3.7609375
3.764062500000001
3.767187499999999
3.7703125
3.773437500000001
3.7765625
3.779687500000001
3.782812499999999
3.7859375
3.789062500000001
3.7921875
3.795312500000001
3.798437499999999
3.8015625
3.804687500000001
3.8078125
3.810937500000001
3.814062499999999
3.8171875
3.820312500000001
3.8234375
3.826562500000001
3.829687499999999
3.8328125
3.835937500000001
3.8390625
3.842187500000001
3.845312499999999
3.8484375
3.851562500000001
3.8546875
3.857812500000001
3.860937499999999
3.8640625
3.867187500000001
3.8703125
3.873437500000001
3.876562499999999
3.8796875
3.882812500000001
3.8859375
3.889062500000001
3.892187499999999
3.8953125
3.898437500000001
3.9015625
3.904687500000001
3.907812499999999
3.9109375
3.914062500000001
3.9171875
3.920312500000001
3.923437499999999
3.9265625
3.929687500000001
3.9328125
3.935937500000001
3.939062499999999
3.9421875
3.945312500000001
3.9484375
3.951562500000001
3.954687499999999
3.9578125
3.960937500000001
3.9640625
3.967187500000001
3.970312499999999
3.9734375
3.976562500000001
3.9796875
3.982812500000001
3.985937499999999
3.9890625
3.992187500000001
3.9953125
3.998437500000001
4.001562499999999
4.0046875
4.007812500000001
4.0109375
4.014062500000001
4.017187499999999
4.0203125
4.023437500000001
4.0265625
4.029687500000001
4.032812499999999
4.0359375
4.039062500000001
4.0421875
4.045312500000001
4.048437499999999
4.0515625
4.054687500000001
4.0578125
4.060937500000001
4.064062499999999
4.0671875
4.070312500000001
4.0734375
4.076562500000001
4.079687499999999
4.0828125
4.085937500000001
4.0890625
4.092187500000001
4.095312499999999
4.0984375
4.101562500000001
4.1046875
4.107812500000001
4.110937499999999
4.1140625
4.117187500000001
4.1203125
4.123437500000001
4.126562499999999
4.1296875
4.132812500000001
4.1359375
4.139062500000001
4.142187499999999
4.1453125
4.148437500000001
4.1515625
4.154687500000001
4.157812499999999
4.1609375
4.164062500000001
4.1671875
4.170312500000001
4.173437499999999
4.1765625
4.179687500000001
4.1828125
4.185937500000001
4.189062499999999
4.1921875
4.195312500000001
4.1984375
4.201562500000001
4.204687499999999
4.2078125
4.210937500000001
4.2140625
4.217187500000001
4.220312499999999
4.2234375
4.226562500000001
4.2296875
4.232812500000001
4.235937499999999
4.2390625
4.242187500000001
4.2453125
4.248437500000001
4.251562499999999
4.2546875
4.257812500000001
4.2609375
4.264062500000001
4.267187499999999
4.2703125
4.273437500000001
4.2765625
4.279687500000001
4.282812499999999
4.2859375
4.289062500000001
4.2921875
4.295312500000001
4.298437499999999
4.3015625
4.304687500000001
4.3078125
4.310937500000001
4.314062499999999
4.3171875
4.320312500000001
4.3234375
4.326562500000001
4.329687499999999
4.3328125
4.335937500000001
4.3390625
4.342187500000001
4.345312499999999
4.3484375
4.351562500000001
4.3546875
4.357812500000001
4.360937499999999
4.3640625
4.367187500000001
4.3703125
4.373437500000001
4.376562499999999
4.3796875
4.382812500000001
4.3859375
4.389062500000001
4.392187499999999
4.3953125
4.398437500000001
4.4015625
4.404687500000001
4.407812499999999
4.4109375
4.414062500000001
4.4171875
4.420312500000001
4.423437499999999
4.4265625
4.429687500000001
4.4328125
4.435937500000001
4.439062499999999
4.4421875
4.445312500000001
4.4484375
4.451562500000001
4.454687499999999
4.4578125
4.460937500000001
4.4640625
4.467187500000001
4.470312499999999
4.4734375
4.476562500000001
4.4796875
4.482812500000001
4.485937499999999
4.4890625
4.492187500000001
4.4953125
4.498437500000001
4.501562499999999
4.5046875
4.507812500000001
4.5109375
4.514062500000001
4.517187499999999
4.5203125
4.523437500000001
4.5265625
4.529687500000001
4.532812499999999
4.5359375
4.539062500000001
4.5421875
4.545312500000001
4.548437499999999
4.5515625
4.554687500000001
4.5578125
4.560937500000001
4.564062499999999
4.5671875
4.570312500000001
4.5734375
4.576562500000001
4.579687499999999
4.5828125
4.585937500000001
4.5890625
4.592187500000001
4.595312500000001
4.5984375
4.601562500000001
4.6046875
4.607812500000001
4.610937500000001
4.6140625
4.617187500000001
4.6203125
4.623437500000001
4.626562500000001
4.6296875
4.632812500000001
4.6359375
4.639062500000001
4.642187500000001
4.6453125
4.648437500000001
4.6515625
4.654687500000001
4.657812500000001
4.6609375
4.664062500000001
4.6671875
4.670312500000001
4.673437500000001
4.6765625
4.679687500000001
4.6828125
4.685937500000001
4.689062500000001
4.6921875
4.695312500000001
4.6984375
4.701562500000001
4.704687500000001
4.7078125
4.710937500000001
4.7140625
4.717187500000001
4.720312500000001
4.7234375
4.726562500000001
4.7296875
4.732812500000001
4.735937500000001
4.7390625
4.742187500000001
4.7453125
4.748437500000001
4.751562500000001
4.7546875
4.757812500000001
4.7609375
4.764062500000001
4.767187500000001
4.7703125
4.773437500000001
4.7765625
4.779687500000001
4.782812500000001
4.7859375
4.789062500000001
4.7921875
4.795312500000001
4.798437500000001
4.8015625
4.804687500000001
4.8078125
4.810937500000001
4.814062500000001
4.8171875
4.820312500000001
4.8234375
4.826562500000001
4.829687500000001
4.8328125
4.835937500000001
4.8390625
4.842187500000001
4.845312500000001
4.8484375
4.851562500000001
4.8546875
4.857812500000001
4.860937500000001
4.8640625
4.867187500000001
4.8703125
4.873437500000001
4.876562500000001
4.8796875
4.882812500000001
4.8859375
4.889062500000001
4.892187500000001
4.8953125
4.898437500000001
4.9015625
4.904687500000001
4.907812500000001
4.9109375
4.914062500000001
4.9171875
4.920312500000001
4.923437500000001
4.9265625
4.929687500000001
4.9328125
4.935937500000001
4.939062500000001
4.9421875
4.945312500000001
4.9484375
4.951562500000001
4.954687500000001
4.9578125
4.960937500000001
4.9640625
4.967187500000001
4.970312500000001
4.9734375
4.976562500000001
4.9796875
4.982812500000001
4.985937500000001
4.9890625
4.992187500000001
4.9953125
4.998437500000001
