0.00125 0.1504426284263328
0.00375 0.150393650033507
0.006249999999999999 0.1503738418357675
0.008750000000000001 0.1503450599158312
0.01125 0.1503307255878664
0.01375 0.1503179569183574
0.01625 0.1503094983951495
0.01875 0.1503064178073125
0.02125 0.1503084209808319
0.02375 0.1503160978391367
0.02625 0.1503309251652397
0.02875 0.1503534853515845
0.03125 0.1503845981170463
0.03375 0.1504247421420827
0.03625 0.1504741414977528
0.03875 0.1505327952222081
0.04125 0.1506004810592882
0.04375 0.1506768322177655
0.04625 0.1507613773118257
0.04875 0.1508535613818132
0.05125 0.1509527454797007
0.05375 0.1510582206984988
0.05625 0.1511692423629669
0.05875 0.1512850745011003
0.06125 0.1514050319741777
0.06375 0.1515285138243276
0.06625 0.1516550266823282
0.06875000000000001 0.1517841974346275
0.07124999999999999 0.1519157739677002
0.07375 0.1520496143337364
0.07625 0.1521856672502108
0.07875 0.1523239482469872
0.08125 0.152464515307252
0.08375 0.1526074464203729
0.08625000000000001 0.1527528201903143
0.08875 0.1529006999641099
0.09125 0.1530511217438452
0.09375 0.153204086167938
0.09625 0.1533595549016932
0.09875 0.1535174517277975
0.10125 0.1536776683749422
0.10375 0.1538400746313862
0.10625 0.1540045316173735
0.10875 0.154170906379936
0.11125 0.1543390854225788
0.11375 0.154508984596035
0.11625 0.154680553116463
0.11875 0.1548537704022364
0.12125 0.1550286358314045
0.12375 0.1552051531475693
0.12625 0.1553833126828214
0.12875 0.1555630754007409
0.13125 0.1557443626826512
0.13375 0.155927054709681
0.13625 0.1561109984372382
0.13875 0.1562960239645111
0.14125 0.1564819661353806
0.14375 0.1566686869751563
0.14625 0.15685609438378
0.14875 0.1570441534105328
0.15125 0.1572328883153122
0.15375 0.1574223755436963
0.15625 0.1576127279431187
0.15875 0.1578040697575728
0.16125 0.1579965100335222
0.16375 0.1581901614143378
0.16625 0.1583851626646729
0.16875 0.1585814682671721
0.17125 0.158778993763864
0.17375 0.1589777099973027
0.17625 0.1591776120581915
0.17875 0.159378562635606
0.18125 0.1595805001977181
0.18375 0.1597833917745727
0.18625 0.1599872562552056
0.18875 0.1601921493805471
0.19125 0.1603981659645089
0.19375 0.160605412594116
0.19625 0.1608139805059786
0.19875 0.1610239020616424
0.20125 0.161235110509845
0.20375 0.1614474131012249
0.20625 0.1616604864333266
0.20875 0.1618738966295957
0.21125 0.162087124721844
0.21375 0.1622996314658303
0.21625 0.1625111179737318
0.21875 0.1627216844408865
0.22125 0.1629304934146412
0.22375 0.1631362134572638
0.22625 0.1633408639767416
0.22875 0.1635447552431677
0.23125 0.1637479793858993
0.23375 0.1639510814429879
0.23625 0.1641546908458776
0.23875 0.1643594010214207
0.24125 0.1645660187863371
0.24375 0.1647753635381361
0.24625 0.1649873020633003
0.24875 0.1652012005613866
0.25125 0.1654174692634913
0.25375 0.1656367352646921
0.25625 0.165858480529463
0.25875 0.1660824805670465
0.26125 0.166308495465444
0.26375 0.1665362581817605
0.26625 0.1667654751264165
0.26875 0.1669958436558807
0.27125 0.1672270404001181
0.27375 0.1674587164926673
0.2762500000000001 0.167690495287758
0.2787500000000001 0.1679219755538337
0.2812500000000001 0.168152745954986
0.2837500000000001 0.1683823904778353
0.2862500000000001 0.1686105063229613
0.28875 0.168836914780515
0.29125 0.169061918199555
0.29375 0.1692851625798618
0.29625 0.1695048435808892
0.29875 0.1697226964760727
0.30125 0.1699392037900137
0.30375 0.1701540577105618
0.30625 0.1703673382076877
0.30875 0.1705792720267943
0.31125 0.170789976542379
0.31375 0.1709995162969472
0.31625 0.1712079031356196
0.31875 0.1714151129861066
0.32125 0.1716210937988513
0.32375 0.1718257776890174
0.32625 0.1720290932937742
0.32875 0.1722309734385603
0.33125 0.1724313612276765
0.33375 0.1726302114725911
0.33625 0.1728274901974172
0.3387500000000001 0.1730231732281708
0.3412500000000001 0.1732172447795981
0.3437500000000001 0.1734096971511487
0.3462500000000001 0.1736005320850735
0.3487500000000001 0.1737897645777342
0.35125 0.1739774289085015
0.35375 0.174163585376183
0.35625 0.1743483244756198
0.35875 0.1745317641582189
0.36125 0.1747140364752303
0.36375 0.1748952627899479
0.36625 0.175075521461139
0.36875 0.1752548168340236
0.37125 0.1754330613569757
0.37375 0.1756100817002357
0.37625 0.1757856541340763
0.37875 0.1759595652367132
0.38125 0.1761316841192566
0.38375 0.1763020255141831
0.38625 0.176470782413731
0.38875 0.1766383136203838
0.39125 0.176805084055137
0.39375 0.1769715701028435
0.39625 0.1771381537885121
0.39875 0.1773050340830813
0.4012500000000001 0.1774721793893903
0.4037500000000001 0.1776393335805173
0.4062500000000001 0.1778060727790392
0.4087500000000001 0.1779718964178378
0.4112500000000001 0.1781363282553513
0.4137500000000001 0.1782990028646004
0.41625 0.1784597198145347
0.41875 0.1786184583217208
0.42125 0.1787753558344105
0.42375 0.1789306617622455
0.42625 0.179084680881981
0.42875 0.1792377199935275
0.43125 0.1793900474756776
0.43375 0.179541870194028
0.43625 0.1796933272630526
0.43875 0.1798444965736426
0.44125 0.1799954084101879
0.44375 0.180146060909666
0.44625 0.1802964338074118
0.44875 0.180446498698229
0.45125 0.1805962251368694
0.45375 0.1807455823151164
0.45625 0.1808945359223807
0.45875 0.1810430387726225
0.46125 0.1811910120593105
0.4637500000000001 0.1813383138899781
0.4662500000000001 0.1814846954389016
0.4687500000000001 0.1816297506360108
0.4712500000000001 0.1817728670270209
0.4737500000000001 0.1819131831638237
0.4762500000000001 0.1820495612879569
0.47875 0.1821805963918701
0.48125 0.1823046833871431
0.48375 0.1824201320349297
0.48625 0.1825252829358671
0.48875 0.1826185987612144
0.49125 0.1826987696345116
0.49375 0.1827648609805419
0.49625 0.1828164145890291
0.49875 0.1828534047973729
0.5012500000000001 0.182876221671562
0.50375 0.1828860635016016
0.5062500000000001 0.1828857276312481
0.50875 0.182880216386377
0.51125 0.1828769508827556
0.51375 0.1828866679260251
0.51625 0.1829259762024394
0.51875 0.1830195480878222
0.52125 0.183198800835111
0.52375 0.183481815756392
0.52625 0.1839628528879791
0.5287500000000001 0.1847905815180748
0.53125 0.1860916793622064
0.5337500000000001 0.187977947229464
0.53625 0.1905949843445394
0.5387500000000001 0.1939163670954689
0.54125 0.1981086490441753
0.5437500000000001 0.2034310413338151
0.54625 0.210078544920033
0.5487500000000001 0.2182506957463985
0.55125 0.2281658882953444
0.5537500000000001 0.2400616402242187
0.55625 0.2541974147812439
0.5587500000000001 0.2708579896152574
0.56125 0.2903555058924138
0.5637500000000001 0.3130295942979537
0.56625 0.3392447653329783
0.5687500000000001 0.3693817936509914
0.57125 0.4038211176440616
0.5737500000000001 0.4429152525568505
0.57625 0.4869498634888251
0.57875 0.5361057910277663
0.58125 0.5904304291974639
0.58375 0.6497349176941255
0.58625 0.7136070720636264
0.58875 0.7816845977965972
0.5912500000000001 0.855221272453436
0.59375 0.9338290344753878
0.5962500000000001 1.016035264516109
0.59875 1.100889908093751
0.6012500000000001 1.187722556105994
0.60375 1.275829108128696
0.6062500000000001 1.364429581223006
0.60875 1.452670045084502
0.6112500000000001 1.539629709675562
0.61375 1.62432774828149
0.6162500000000001 1.705715081800248
0.61875 1.782668871220904
0.6212500000000001 1.854167987115342
0.62375 1.919993557392115
0.6262500000000001 1.979895674029434
0.62875 2.033394462456892
0.6312500000000001 2.080582651001087
0.63375 2.12160328914901
0.6362500000000001 2.155567683299356
0.63875 2.182291026982887
0.64125 2.21078005287153
0.64375 2.334704672665448
0.64625 3.278906181852429
0.64875 4.762984412801487
0.65125 5.2051590896844
0.6537500000000001 5.206925320744927
0.65625 5.092358319443805
0.6587500000000001 5.011424062109468
0.66125 4.936223446837221
0.6637500000000001 4.851349772123963
0.66625 4.766551025854509
0.6687500000000001 4.685429159478996
0.67125 4.607343685327843
0.6737500000000001 4.534401169578912
0.67625 4.470610701096992
0.6787500000000001 4.416427755972204
0.68125 4.369528469655716
0.6837500000000001 4.330386993762205
0.68625 4.299248499656456
0.6887500000000001 4.275438237306671
0.69125 4.25743940836593
0.6937500000000001 4.243451706251673
0.69625 4.231622093737036
0.6987500000000001 4.21973547470287
0.70125 4.205040335043731
0.70375 4.184626115168894
0.70625 4.156317409813993
0.70875 4.11811348154911
0.71125 4.076489259034429
0.71375 4.01993738646201
0.7162500000000001 3.957905373907742
0.71875 3.898663917762245
0.7212500000000001 3.8443462760967
0.72375 3.799671064320641
0.7262500000000001 3.762970372179575
0.72875 3.762880408629264
0.7312500000000001 3.773721287486659
0.73375 3.788428209052205
0.7362500000000001 3.814967932783943
0.73875 3.856866669218583
0.7412500000000001 3.912155757076646
0.74375 3.977496014537643
0.7462500000000001 4.05040854183792
0.74875 4.129068647699065
0.7512500000000001 4.211807084899577
0.75375 4.297036937403246
0.7562500000000001 4.383439860544684
0.75875 4.47037837793495
0.7612500000000001 4.559600584254463
0.76375 4.655371098234268
0.7662500000000001 4.754387328635859
0.76875 4.860053769254251
0.77125 4.970107724122843
0.77375 5.075883075182371
0.77625 5.159627987179151
0.7787500000000001 5.204766063185654
0.78125 5.208057144740722
0.7837500000000001 5.182803976915806
0.78625 5.139824065315807
0.7887500000000001 5.040399777694324
0.79125 4.852450694729844
0.7937500000000001 4.586724668152584
0.79625 4.222289225426986
0.7987500000000001 3.763649234470272
0.80125 3.231130122585749
0.8037500000000001 2.654578661058042
0.80625 2.079701979137967
0.8087500000000001 1.563484145488416
0.81125 1.159008138092334
0.8137500000000001 0.9197291950074128
0.81625 0.8483440558005999
0.8187500000000001 0.8251247169580103
0.82125 0.8128706556187871
0.8237500000000001 0.8061170530101982
0.82625 0.8020282473556337
0.8287500000000001 0.8040556213222904
0.83125 0.8164190327188471
0.83375 0.8334733139171392
0.83625 0.8514153115069483
0.83875 0.8670341106365311
0.8412500000000001 0.8780588038856491
0.84375 0.8841380130902114
0.8462500000000001 0.8867878529029722
0.84875 0.8875856432343179
0.8512500000000001 0.8890856488943895
0.85375 0.8922986788059798
0.8562500000000001 0.8946314061489747
0.85875 0.8957268526866168
0.8612500000000001 0.8911291865239244
0.86375 0.8364316812960219
0.8662500000000001 0.6276239387781443
0.86875 0.3658115105516246
0.8712500000000001 0.3075336263873458
0.87375 0.3044271239035219
0.8762500000000001 0.3047461505566011
0.87875 0.3052521962959258
0.8812500000000001 0.305688187293626
0.88375 0.3061479102524792
0.8862500000000001 0.3066027838257359
0.88875 0.3070157441060208
0.8912500000000001 0.3073640734247966
0.89375 0.3076380655948513
0.89625 0.3078378572923456
0.89875 0.3079652317227494
0.90125 0.3080360265107429
0.9037500000000001 0.3080750145857621
0.90625 0.308102602345879
0.9087500000000001 0.3081305796830471
0.91125 0.3081631361891262
0.9137500000000001 0.3082119510082367
0.91625 0.3082862684018737
0.9187500000000001 0.3083814797492931
0.92125 0.3084702327134016
0.9237500000000001 0.3085416575009223
0.92625 0.3085929380974022
0.9287500000000001 0.3086230333511841
0.93125 0.3086351789404637
0.9337500000000001 0.3086294743827289
0.93625 0.3086268949949684
0.9387500000000001 0.3086106352089253
0.94125 0.3085838984920627
0.9437500000000001 0.3085609065423198
0.94625 0.3085324542898794
0.9487500000000001 0.3085169730812852
0.95125 0.3085161074424297
0.9537500000000001 0.3085584252756531
0.95625 0.30860148108506
0.95875 0.3086484631831375
0.96125 0.3086725760609721
0.96375 0.308696393631831
0.9662500000000001 0.3087116189089537
0.96875 0.3087064148116316
0.9712500000000001 0.3086328484817941
0.97375 0.3085413046810925
0.9762500000000001 0.3084331156428032
0.97875 0.3083212000378885
0.9812500000000001 0.308224081520053
0.98375 0.3081866842562425
0.9862500000000001 0.308240724907593
0.98875 0.3084616329126065
0.9912500000000001 0.3087486901121513
0.99375 0.3090801930085094
0.9962500000000001 0.3093514479375221
0.99875 0.3094882404984989
