0
0.0002641107046026614
0.0005038251552356172
0.0007323810625242304
0.0009498830029266705
0.001159475835533996
0.00136436436421275
0.001565695074461566
0.001763946021498963
0.001959678957738032
0.002153563079577823
0.002346244322689091
0.002538223768561764
0.002730034159154302
0.002920642841166986
0.003110130464268397
0.003300107762148511
0.003492378661070291
0.003688268681212844
0.003887501454524456
0.004090196106522668
0.004297558702033164
0.004509597754868385
0.004726311219603591
0.004947974221906789
0.005174700064444876
0.005406430744742979
0.005643288611579988
0.005884967913002473
0.006131044935565386
0.006381536282280811
0.006636375452568612
0.006895447626538716
0.007158634818914327
0.007425912482726324
0.007697239658808005
0.007972470993647866
0.008251380227431545
0.008533721003280146
0.008819181517259684
0.009107419819980648
0.009398044519030596
0.009690650612642605
0.009984837000939399
0.01028023507429206
0.01057653670502238
0.01087345914053948
0.01117075680437235
0.01146823989047242
0.01176574287493695
0.01206314427246167
0.01236036588849961
0.01265738014515232
0.01295419620113818
0.01325086116141153
0.01354719284693395
0.0138431203024481
0.01413871378529137
0.01443408274207183
0.01472930892514929
0.01502448026996808
0.01531969614544764
0.01561510172740098
0.01591086886324007
0.01620716965788225
0.0165041629276239
0.01680192807730336
0.01710049637276518
0.01739936502837693
0.01769862461352485
0.01799840038210677
0.01829879131692392
0.0185998406714658
0.0189015620388981
0.01920396946361827
0.01950708159828647
0.01981092609742932
0.02011553636278837
0.02042094959701701
0.02072720522027911
0.02103434500806265
0.02134240252381613
0.02165132662174693
0.0219609021040095
0.02227114365327123
0.02258206843518735
0.02289369543877682
0.02320603815298423
0.02351911151602868
0.02383292823285416
0.0241474966457163
0.02446282128738492
0.02477890030923535
0.02509572686423707
0.02541329126528225
0.02573158312303306
0.02605059314163194
0.0263703143801516
0.02669074289508949
0.02701187778424041
0.02733356341436558
0.0276557705401017
0.02797850324061225
0.02830176524744066
0.02862555703929254
0.02894987901669256
0.02927473501711645
0.02960013427653332
0.02992608773080007
0.03025260547293326
0.03057969558530704
0.03090736428108936
0.03123561621303847
0.03156445479456414
0.03189388259224041
0.03222390170380077
0.03255451436861372
0.03288572296146573
0.03321753014368091
0.0335499240236099
0.03388276168755193
0.03421604108593693
0.03454976162833685
0.03488392022744144
0.03521851602754476
0.03555354832347927
0.03588901961616466
0.0362249326204361
0.03656128951427798
0.03689809185308791
0.03723534030577023
0.03757303469002955
0.03791117472054217
0.03824976084548402
0.03858879451578551
0.03892827813102106
0.0392682147724266
0.03960860787770273
0.03994946096023235
0.04029077741912334
0.04063256062612382
0.04097475959662737
0.0413173133337222
0.04166022530949329
0.04200350011177947
0.04234714345062181
0.04269116078638188
0.04303555741241897
0.04338033740042072
0.04372549803963085
0.04407103711071656
0.04441695400984002
0.04476324943257448
0.04510992499146668
0.04545698286494284
0.04580442563806796
0.04615225614203865
0.04650047707263433
0.04684909098458623
0.0471981003856019
0.04754750842789166
0.04789731891907081
0.04824753637413045
0.04859816717199113
0.04894913436610455
0.04930043636654972
0.0496520750271944
0.05000405217241547
0.05035636875776781
0.05070902490379824
0.05106202024713644
0.05141535445096972
0.05176902532077792
0.05212302744406341
0.05247735654014554
0.05283200958209747
0.05318698459080315
0.05354228038033494
0.05389789632425025
0.05425383216631514
0.0546100878813014
0.05496666358292476
0.05532355947046873
0.05568077580218256
0.05603831288245196
0.05639617106832959
0.05675435264847441
0.05711286124997523
0.05747169227847871
0.05783076841854008
0.05819009615877669
0.05854968154564536
0.05890952927311809
0.05926964276380502
0.05963002455885594
0.05999067679827817
0.06035160161779458
0.06071280140206477
0.06107427889752218
0.06143603722237551
0.06179807982071789
0.06216041050375697
0.06252303340185736
0.06288594955443154
0.06324915644427381
0.06361265223327786
0.06397643621315278
0.06434050858100765
0.06470487016939078
0.06506952223774672
0.06543446633759414
0.06579970419024785
0.0661652387499779
0.06653107530814034
0.06689721798368838
0.06726359602575975
0.06763021022739769
0.06799706837268536
0.06836417664190815
0.06873153893794674
0.06909915709284729
0.06946703147734436
0.0698351616616131
0.07020354700159517
0.07057218705740689
0.07094108182906143
0.07131023183636825
0.07167963808854089
0.07204930199192977
0.07241922523731012
0.07278940677091733
0.07315984311740187
0.0735305315550339
0.07390147022721763
0.07427265796827534
0.07464409418751007
0.07501577880927479
0.07538771222290454
0.07575989520945349
0.0761323288347964
0.07650501469873978
0.07687795694223226
0.0772511600324315
0.07762457546323856
0.07799818829890655
0.07837200564067455
0.07874603346018927
0.07912027619290361
0.07949473684001211
0.07986941731566648
0.08024431887166071
0.08061944246279719
0.08099478901702586
0.08137035960445146
0.08174615550135735
0.08212217817235534
0.0824984292007313
0.08287491019853051
0.08325162272277183
0.08362856806152182
0.08400574430933819
0.08438314779188483
0.0847607754638345
0.0851386252020557
0.0855166956442201
0.0858949861696237
0.08627349656517026
0.08665222697147622
0.0870311778746337
0.08741035005203175
0.08778974478880595
0.08816936572371298
0.08854921717416092
0.0889292802749565
0.08930951213682378
0.08968991875460762
0.09007050593557377
0.09045127864593877
0.09083224080421511
0.09121339534142046
0.09159474441505441
0.09197628966253825
0.09235803245467275
0.0927399740944493
0.09312211594515707
0.09350445948982276
0.09388700633760688
0.09426975819823319
0.09465271684388865
0.09503588407256802
0.09541926168052864
0.09580285144626377
0.09618665381630603
0.09657066595297616
0.09695488534414143
0.09733931026948218
0.09772393969624318
0.09810877317034283
0.09849381073540801
0.09887905285666795
0.09926450033147145
0.09965015426101861
0.1000360175022158
0.1004220940892372
0.1008083802200886
0.1011948262280876
0.1015814381898222
0.1019682217259211
0.1023551816085614
0.1027423214529061
0.1031296437705477
0.1035171501860943
0.1039048417293977
0.1042927191039606
0.1046807829093215
0.1050690337820498
0.1054574724594343
0.1058460997816899
0.1062349166558714
0.1066239240047192
0.1070131227183964
0.1074025136196866
0.107792097446262
0.1081818745324007
0.1085718424742104
0.1089619980289369
0.1093523385583256
0.1097428621044788
0.1101335672887108
0.1105244532270384
0.110915519418458
0.1113067656825849
0.1116981920537378
0.1120897986875048
0.1124815857829542
0.1128735542267515
0.1132657062287182
0.1136580445072313
0.1140505436392293
0.1144431822079769
0.1148359639168036
0.1152288923518943
0.1156219705693916
0.1160152009274655
0.1164085851193556
0.116802124312912
0.1171958193273592
0.1175896707984907
0.1179836793060648
0.118377845455818
0.1187721699148474
0.1191666534305915
0.1195612968307637
0.1199561010074398
0.1203510668891373
0.1207461954073369
0.1211414874649563
0.1215369439127648
0.1219325655368419
0.1223283530572987
0.1227243053418293
0.1231204195391588
0.1235166931918643
0.1239131245129993
0.1243097123022535
0.1247064558551292
0.1251033548850663
0.1255004094418782
0.1258976198221423
0.1262949864786217
0.1266925099397661
0.1270901915658154
0.1274880339608413
0.127886041572825
0.1282841677045906
0.1286824147919169
0.1290807866026137
0.1294792870853258
0.1298779198633698
0.1302766880320117
0.1306755940104177
0.1310746395515331
0.1314738258681364
0.1318731538112244
0.1322726240471007
0.1326722371989017
0.1330719939378326
0.1334718950209304
0.1338719413039777
0.1342721337308652
0.1346724733072424
0.1350729610655402
0.1354735980290222
0.1358743851818312
0.136275323449546
0.1366764134532034
0.1370776535497898
0.1374790413013785
0.1378805747751189
0.138282252631496
0.1386840740475233
0.1390860386383247
0.139488146378205
0.1398903975130633
0.1402927924680331
0.1406953317613225
0.141098015935225
0.1415008456111462
0.1419038225620581
0.1423069495194398
0.1427102031159512
0.143113571316201
0.1435170575677846
0.1439206652346014
0.1443243973135253
0.1447282562369898
0.1451322438903626
0.1455363616302553
0.1459406103849962
0.1463449908005005
0.1467495033870051
0.1471541486367977
0.1475589271000144
0.147963839419376
0.1483688863297075
0.1487740686417872
0.1491793872250355
0.1495848429846896
0.1499904368363176
0.1503961696798967
0.1508020423765981
0.1512080557311002
0.1516142088388281
0.1520204994816757
0.1524269257666511
0.1528334863099697
0.1532401801787212
0.1536470068198919
0.1540539659902767
0.1544610576800272
0.154868282032888
0.1552756392730143
0.1556831296484172
0.1560907533966406
0.156498510732235
0.1569064019161965
0.1573144281578719
0.15772259151127
0.1581308698910196
0.1585392561850996
0.1589477531888274
0.1593563634794026
0.1597650891834595
0.1601739319812066
0.1605828931510449
0.1609919736792128
0.1614011743118667
0.1618104956175323
0.1622199380637296
0.1626295020889107
0.1630391881562149
0.1634489967838219
0.1638589285536017
0.1642689841039905
0.1646791641113487
0.1650894692731465
0.1654999002971437
0.1659104578912229
0.1663211427528737
0.1667319555581206
0.1671428965645245
0.1675539639634064
0.1679651558796651
0.1683764708987499
0.1687879080394468
0.1691994666870942
0.1696111465290595
0.1700229474861981
0.1704348696398895
0.1708469131621367
0.1712590782585079
0.1716713651309365
0.1720837739619912
0.172496304916916
0.1729089581564313
0.1733217339995561
0.1737346337468988
0.1741476527943042
0.1745607709200234
0.1749739907580845
0.1753873146825821
0.175800744705645
0.17621428239391
0.1766279288914133
0.177041685098843
0.1774555517308022
0.1778695294155376
0.1782836186941247
0.178697820032938
0.1791121338534689
0.1795265605675925
0.1799411006073725
0.1803557544430882
0.1807705225882159
0.1811854055938507
0.1816004040368998
0.1820155185030963
0.1824307495781124
0.1828460978427035
0.1832615638729766
0.1836771469828152
0.1840928454551218
0.184508657829515
0.1849245830556299
0.1853406204443721
0.1857567696057726
0.1861730303865715
0.1865894028038668
0.187005886978603
0.1874224830772669
0.1878391912695573
0.1882560117057787
0.1886729445127233
0.1890899898029207
0.1895071476904124
0.1899244183066457
0.1903418018722521
0.1907592993504053
0.1911769040865167
0.1915946026593579
0.1920123972896992
0.1924302898157985
0.1928482817083868
0.1932663740547882
0.1936845676356087
0.1941028630249625
0.1945212607604264
0.1949397613704581
0.1953583654191971
0.1957770734444371
0.1961958859232462
0.1966148032748947
0.1970338258862197
0.1974529541425394
0.197872188451849
0.1982915292567577
0.1987109770344871
0.1991305322887457
0.1995501955379163
0.1999699673016067
0.200389848051608
0.200809837032132
0.2012299327808087
0.2016501341135044
0.2020704402210252
0.2024908506165658
0.2029113650723789
0.203331983556665
0.2037527061696749
0.2041735330832913
0.2045944644910316
0.2050155005740802
0.2054366414852488
0.2058578873486957
0.2062792382703841
0.2067006943533246
0.2071222557124086
0.2075439224854153
0.2079656948127687
0.2083875732062882
0.2088095586144488
0.209231634538657
0.2096538017687472
0.2100760617771964
0.2104984156984704
0.2109208643425647
0.2113434082758447
0.2117660479253078
0.2121887836879272
0.2126116160449331
0.2130345455335072
0.213457572710477
0.2138806980888678
0.2143039221157443
0.2147272451834162
0.2151506676560353
0.215574189896001
0.2159978122810521
0.2164215352096881
0.2168453590973759
0.2172692843681272
0.2176933114460623
0.2181174407495126
0.218541671921353
0.2189660036069
0.2193904346195203
0.2198149641324593
0.2202395916364663
0.2206643168776619
0.2210891397953139
0.2215140604596684
0.2219390790135253
0.222364195623621
0.2227894104468477
0.2232147236131145
0.2236401352229992
0.2240656453556993
0.2244912540818677
0.2249169614765983
0.225342767629458
0.2257686726503136
0.22619467663988
0.2266207797244011
0.227046982204319
0.2274732828075252
0.2278996692961758
0.2283261433469087
0.2287527058736638
0.2291793575155566
0.2296060987053621
0.2300329297596408
0.2304598509684884
0.2308868626575298
0.2313139652939619
0.2317411594103618
0.2321684455650083
0.2325958242669117
0.2330232959480165
0.2334508609734659
0.2338785196695181
0.2343062723517216
0.2347341193433312
0.2351620609814835
0.2355900976139033
0.2360182295911594
0.2364464572638385
0.2368747807921671
0.2373031991792515
0.2377317112109552
0.2381603159717836
0.2385890128648944
0.2390178015598831
0.2394466819323283
0.2398756540019966
0.240304717873503
0.2407338736853501
0.2411631215726915
0.2415924616462845
0.2420218939865031
0.2424514186484274
0.2428810356727579
0.2433107450976862
0.2437405469683457
0.2441704413423421
0.2446004282914757
0.2450305078993425
0.2454606802181439
0.2458909453198983
0.2463213033775193
0.2467517549573602
0.2471822914996799
0.2476129104753833
0.2480436127232903
0.2484743986097341
0.2489052683725344
0.249336222190068
0.249767260248228
0.2501983827852424
0.2506295901356194
0.2510608827414749
0.2514922610933625
0.251923725667021
0.2523552768669166
0.2527869150169283
0.2532186403817384
0.2536504531981276
0.2540823537011673
0.2545143421384872
0.2549464187727626
0.2553785838766
0.2558108377263845
0.2562431805945907
0.2566756125516627
0.257108132593258
0.2575407396218891
0.2579734328261546
0.2584062116813735
0.2588390759010638
0.259272025381839
0.2597050601466145
0.2601381802905166
0.260571385935446
0.2610046771980835
0.2614380541730748
0.2618715169297348
0.262305065518135
0.2627386999795573
0.263172420356916
0.2636062267023138
0.2640401190806848
0.2644740975699365
0.2649081622588461
0.265342313227162
0.2657765505590126
0.2662108743195171
0.2666452847319379
0.2670797823941685
0.2675143584081626
0.2679490118194712
0.2683837432961447
0.2688185530961986
0.26925344139737
0.2696884083559001
0.2701234541561552
0.2705585790461795
0.2709937833354026
0.2714290674542756
0.2718644318637098
0.2722998770289832
0.2727354033545089
0.2731710111635926
0.2736067007136222
0.2740424722260037
0.2744783259142988
0.2749142620017934
0.2753502807270335
0.2757863823405906
0.2762225671010983
0.2766588352583674
0.2770951867920292
0.2775316206828702
0.2779681359513863
0.2784047318946624
0.2788414080681015
0.2792781642408851
0.2797150003463505
0.280151916429199
0.2805889125944264
0.2810259889646661
0.2814631456510465
0.2819003827391687
0.28233770028819
0.2827750983385642
0.2832125769232972
0.2836501360783991
0.2840877758499029
0.2845254962966445
0.2849632974894173
0.2854011795078898
0.2858391424368176
0.2862771863302754
0.2867153112519739
0.2871535173147601
0.2875918047802162
0.2880301740808127
0.2884686219584739
0.2889071429296615
0.2893457375024942
0.2897844058503425
0.2902231480056457
0.2906619640437946
0.2911008541026205
0.2915398183904231
0.2919788571835178
0.2924179708027756
0.292857159636819
0.2932964240771871
0.2937357645062436
0.2941751812453554
0.2946146745408663
0.2950542445805477
0.2954938915220595
0.2959336155189565
0.2963734167368119
0.2968132953584444
0.2972532515827767
0.2976932856155465
0.2981333976481038
0.2985735871980364
0.2990138533209233
0.2994541952416351
0.2998946124270202
0.3003351045543348
0.3007756714724668
0.3012163131592394
0.3016570296763927
0.3020978211268442
0.302538687620141
0.3029796292503161
0.3034206460869959
0.3038617381773815
0.3043029055548183
0.3047441482493904
0.3051854662969841
0.3056268597448732
0.3060683286534609
0.3065098730949405
0.3069514931501771
0.3073931889051261
0.3078349604405716
0.3082768078204967
0.3087187311047183
0.3091607304510221
0.3096028061567971
0.3100449586676829
0.3104871856183145
0.3109294814731367
0.3113718466832038
0.3118142813876547
0.3122567855582762
0.3126993592474228
0.3131420025938825
0.3135847158154485
0.3140274991951473
0.3144703530573553
0.3149132777607025
0.315356273687253
0.3157993412022911
0.3162424806280461
0.3166856922235932
0.3171289761937752
0.3175723327127117
0.3180157619478005
0.3184592640760046
0.3189028392902304
0.3193464877990854
0.3197902098186354
0.320234005558057
0.3206778748528703
0.3211218168640344
0.3215658308336439
0.3220099162318131
0.3224540727317182
0.3228983001732165
0.3233425985244556
0.3237869678410815
0.3242314082261035
0.3246759197957006
0.3251205026555369
0.3255651568893427
0.3260098825583412
0.3264546797079094
0.3268995483771928
0.3273444886080555
0.3277895004511575
0.3282345839684684
0.3286797392327027
0.3291249663247846
0.3295702653305725
0.3300156363378211
0.3304610794201097
0.3309065946503641
0.3313521820860846
0.3317978419021608
0.3322435744012798
0.3326893799839507
0.3331352593268387
0.3335812063085701
0.3340272194376566
0.3344732990142191
0.3349194450922821
0.3353656575883529
0.3358119365391044
0.3362582820882505
0.3367046944605326
0.3371511739336577
0.3375977208015752
0.3380443353985951
0.3384910180372375
0.3389377690032196
0.3393845885280864
0.3398314767899883
0.3402784339326873
0.3407254600886863
0.341172555397009
0.3416197200118709
0.3420669541029693
0.3425142578534833
0.3429616314417068
0.3434090749888829
0.3438565879900259
0.344304169659297
0.3447518193716763
0.345199536703467
0.3456473214020603
0.3460951733493769
0.3465430925273729
0.3469910789821498
0.3474391327903799
0.3478872540323268
0.3483354427745989
0.3487836990633113
0.3492320229258156
0.3496804143776182
0.3501288734308765
0.3505774001016663
0.3510259944145049
0.3514746564038627
0.3519233861132786
0.3523721835930863
0.3528210488977437
0.3532699820834873
0.3537189832066765
0.3541680522959468
0.3546171893886059
0.3550663945703067
0.3555156680399537
0.3559650100987827
0.356414421113903
0.3568639017254834
0.3573134465704653
0.3577630537772352
0.3582127235703415
0.3586624560299073
0.3591122510851463
0.3595621087636968
0.3600120291792834
0.3604620124814387
0.3609120588632168
0.3613621685626292
0.3618123418305395
0.3622625789345202
0.3627128801226827
0.3631632456226825
0.3636136756183343
0.3640641702472591
0.3645147296152642
0.3649653538158118
0.3654160429461588
0.3658667971163702
0.3663176164530618
0.3667685010910726
0.3672194511644714
0.3676704665874032
0.3681215466411971
0.3685726906498686
0.3690238981272619
0.3694751687589974
0.3699265023696274
0.3703778988880788
0.3708293583132292
0.3712808806861733
0.3717324660657081
0.3721841145098961
0.3726358260649885
0.3730876007616074
0.3735394386167196
0.3739913396390357
0.3744433038353574
0.3748953312159579
0.3753474217979758
0.3757995756066566
0.3762517926748782
0.3767040730416555
0.377156416750306
0.3776088238467734
0.3780612943783651
0.3785138283862905
0.3789664259022382
0.3794190869536299
0.3798718116486262
0.3803246002012226
0.380777452910585
0.3812303701376787
0.3816833526551334
0.382136394122411
0.382589494015633
0.3830426525166084
0.3834958696663355
0.3839491454154428
0.3844024798085041
0.3848558729653804
0.3853093250597535
0.3857628362994377
0.3862164068863895
0.386670037014825
0.3871237268892879
0.3875774767285362
0.3880312867422764
0.3884851571251188
0.3889390880372307
0.3893930795993451
0.389847131903154
0.3903012450276058
0.3907554190535847
0.3912096540735608
0.3916639501955693
0.3921183075332066
0.3925727261705762
0.3930272056941651
0.3934817454471568
0.3939363449061334
0.3943910037159276
0.3948457216644072
0.395300498651129
0.3957553346554799
0.3962102297052401
0.3966651838534403
0.3971201971604733
0.3975752696822464
0.3980304014641711
0.398485592540121
0.3989408429349624
0.3993961526689465
0.3998515217623434
0.4003069502391535
0.4007624381293414
0.4012179854695834
0.4016735923028704
0.4021292586774469
0.4025849846455254
0.4030407702620861
0.4034966155839177
0.4039525206662727
0.4044084855472833
0.4048645102693995
0.4053205949355758
0.4057767397468428
0.4062329449868977
0.4066892109884142
0.4071455382345802
0.4076019245724511
0.408058366072078
0.4085148629311189
0.4089714153060391
0.4094280232068639
0.4098846866424865
0.4103414057034862
0.410798180539015
0.4112550113351863
0.4117118982978078
0.4121688416383233
0.412625841563707
0.4130828982668238
0.4135400119174535
0.41399718268594
0.4144544107479359
0.4149116962621381
0.4153690393576255
0.4158264401369726
0.416283898687678
0.4167414150947488
0.4171989894521537
0.4176566218593394
0.4181143124202253
0.4185720610208053
0.4190298670550593
0.4194877299720337
0.4199456493859549
0.4204036250573996
0.4208616568633821
0.4213197447672447
0.4217778887892377
0.4222360889785173
0.4226943453941137
0.4231526580935057
0.4236110271267342
0.4240694525346789
0.4245279343500465
0.4249864725998774
0.4254450673085836
0.4259037185007601
0.4263624262033091
0.4268211904467155
0.4272800112655532
0.4277388886984247
0.4281978227875707
0.428656813578337
0.4291158611186236
0.429574965458367
0.4300341266490612
0.4304933447210361
0.430952619714389
0.4314119517144668
0.4318713408957932
0.4323307875103702
0.4327902918574528
0.4332498542489475
0.4337094750836126
0.4341691523076767
0.4346288821373787
0.435088664739484
0.4355485002639006
0.4360083887958092
0.4364683303355813
0.436928324958324
0.4373883727891309
0.4378484739817391
0.438308628704264
0.4387688371288476
0.4392290994246135
0.4396894157537006
0.440149786264068
0.4406102111187162
0.441070690464518
0.441531224437586
0.441991813150643
0.4424524566941168
0.4429131551450523
0.443373908576956
0.4438347170676024
0.444295580690842
0.44475649952654
0.4452174735195727
0.4456785021045247
0.4461395847480165
0.4466007210696538
0.4470619108259412
0.4475231538830304
0.4479844501893576
0.4484457997486557
0.4489072025951723
0.4493686587734222
0.4498301683249702
0.4502917312847168
0.4507533476807203
0.4512150175359
0.4516767408700548
0.4521385177014613
0.4526003480479408
0.4530622319275537
0.4535241693591163
0.4539861603626708
0.4544482049599561
0.4549103031748536
0.4553724550337531
0.4558346605657767
0.456296919802825
0.4567592327794354
0.4572215995324735
0.4576840200829976
0.4581464944601694
0.4586090227240428
0.4590716050158817
0.459534241550828
0.4599969325915226
0.4604596784163751
0.4609224793016622
0.4613853357995167
0.4618482430765899
0.4623112001979629
0.4627742073021127
0.4632372645278134
0.4637003719203215
0.4641635295034859
0.4646267373599472
0.4650899956075101
0.4655533043820742
0.4660166638272935
0.4664800740876959
0.4669435353044674
0.4674070476134682
0.4678706111441409
0.4683342260186072
0.4687978923745173
0.4692616103365777
0.4697253800167243
0.4701892015050091
0.4706530748724784
0.4711170001798253
0.471580977488386
0.4720450068582312
0.4725090883498049
0.4729732218932158
0.4734374069688135
0.4739016430207856
0.4743659296801427
0.4748302667328255
0.4752946540778223
0.4757590916891239
0.4762235795838917
0.4766881177978515
0.4771527063686629
0.477617345327142
0.4780820346949853
0.4785467744862524
0.4790115647126165
0.4794764053877815
0.4799412965296818
0.4804062381603194
0.4808712303040742
0.4813362729856698
0.4818013662287351
0.4822665100553926
0.4827317044868207
0.4831969495444349
0.4836622452512313
0.4841275916329028
0.4845929887184898
0.4850584365404998
0.4855239351289309
0.48598948451137
0.4864550847130265
0.4869207358228111
0.4873864380068736
0.487852191491292
0.4883179965335777
0.4887838533932722
0.4892497623096693
0.4897157237150713
0.4901817339908586
0.4906477914011357
0.491113896084077
0.4915800481798908
0.4920462478079008
0.4925124949821185
0.4929787897716877
0.4934451322796691
0.4939115226261033
0.4943779609385244
0.4948444473462597
0.4953109819769189
0.4957775649545582
0.4962441963991165
0.4967108764266401
0.4971776051470542
0.4976443826763308
0.4981112091307198
0.4985780846198986
0.4990450092362906
0.4995119830507849
0.4999790061201229
0.5004460784911254
0.500913200206025
0.5013803712655002
0.5018475912932183
0.5023148598356012
0.5027821764533615
0.5032495408508321
0.5037169528969578
0.5041844125713949
0.504651919913097
0.5051194749813999
0.5055870778316606
0.506054728504138
0.5065224270228947
0.5069901734006504
0.5074579676456827
0.5079258097676377
0.5083936997807124
0.5088616377065095
0.5093296235739575
0.5097976574171238
0.5102657392720327
0.5107338691737154
0.5112020471544075
0.5116702732432289
0.5121385474671339
0.5126068698525922
0.5130752404273887
0.5135436592220565
0.5140121262706696
0.5144806416101773
0.5149492052651813
0.5154178172686191
0.5158864776939184
0.5163551866854189
0.5168239444473163
0.5172927512189497
0.5177616072474062
0.5182305127645366
0.5186994679779102
0.5191684733035183
0.5196375243940604
0.5201066205188334
0.5205757618198356
0.5210449484415647
0.5215141805318527
0.5219834581104132
0.5224527812437942
0.5229221500273746
0.5233915645705124
0.5238610249886502
0.5243305313990189
0.5248000839179822
0.5252696826595243
0.5257393277346359
0.5262090192513058
0.5266787573121763
0.5271485420258939
0.5276183735016068
0.5280882518423842
0.5285581771353083
0.5290281494475291
0.5294981688335637
0.5299682353379875
0.5304383490012721
0.5309085098331416
0.5313787175089859
0.5318489716060766
0.532319271766642
0.5327896176594669
0.5332600091359799
0.5337304461736971
0.5342009288181296
0.5346714571373169
0.5351420311932289
0.535612651028878
0.5360833166672943
0.5365540281174629
0.5370247853826078
0.5374955884674395
0.5379664373820235
0.5384373321433922
0.5389082727764187
0.5393792593122113
0.5398502917851302
0.5403213702295513
0.5407924946774124
0.5412636651571487
0.5417348816940617
0.5422061443117232
0.5426774530338158
0.5431488078858393
0.5436202088962929
0.5440916560971678
0.5445631495155867
0.545034689182918
0.5455062751312816
0.5459779074569556
0.546449586321895
0.5469213119351805
0.547393084527203
0.5478649043246994
0.5483367715321898
0.5488086863223132
0.5492806489388483
0.5497526565109387
0.5502247072080731
0.5506968011726991
0.5511689385430982
0.5516411194628068
0.5521133440293894
0.5525856122761671
0.5530579242716641
0.5535302801036295
0.5540026798682547
0.5544751236652282
0.5549476115948807
0.5554201437563754
0.5558927202466712
0.5563653411600948
0.5568380065883021
0.5573107166185933
0.5577834713402537
0.5582562708468173
0.5587291152240753
0.5592020045440733
0.5596749388622274
0.5601479182152588
0.5606209426279589
0.5610940120959323
0.5615671263116735
0.5620402848601177
0.5625134873923786
0.5629867336489351
0.5634600234347
0.5639333566625723
0.5644067333542445
0.5648801535810454
0.5653536174179945
0.5658271249184585
0.5663006761069563
0.5667742709840596
0.5672479095368034
0.5677215917492978
0.5681953176103614
0.5686690871171336
0.5691429002752844
0.5696167570959806
0.5700906575947716
0.5705646017904062
0.5710385897031978
0.5715126213530736
0.5719866967578268
0.5724608159321575
0.5729349788877772
0.573409185634442
0.5738834361815038
0.574357730539493
0.5748320687213311
0.5753064507334649
0.5757808765882836
0.5762553463080653
0.576729859975642
0.5772044177327426
0.5776790197614267
0.5781536662600137
0.5786283574207156
0.5791030934136756
0.5795778743792749
0.5800527004281661
0.5805275718315486
0.5810024842644893
0.5814774375288213
0.5819524317492742
0.5824274670453121
0.5829025435391466
0.583377661301488
0.5838528203484474
0.5843280207266945
0.5848032624993439
0.5852785457369977
0.5857538705136979
0.586229236904512
0.5867046449839339
0.5871800948249546
0.587655586498707
0.5881311200744971
0.5886066956199688
0.589082313201172
0.5895579728823963
0.5900336747227733
0.5905094187903012
0.5909852051473546
0.5914610338475937
0.5919369049240129
0.5924128183686024
0.5928887738794141
0.5933647710334182
0.5938408094710939
0.5943168889225557
0.5947930092206896
0.5952691702965031
0.5957453721251976
0.5962216147139848
0.5966978981236307
0.5971742224239215
0.5976505876654911
0.5981269938704087
0.5986034410360849
0.5990799291454815
0.5995564581778996
0.6000330281169521
0.6005096389546039
0.600986290691772
0.6014629833367457
0.6019397169027474
0.6024164914054467
0.6028933068609892
0.6033701632864661
0.6038470606999075
0.6043239991198356
0.6048009785645643
0.6052779990516457
0.6057550605978103
0.6062321632194823
0.6067093069336918
0.6071864917503793
0.6076637176845171
0.6081409847599069
0.6086182930581173
0.6090956427173785
0.6095730339151536
0.6100504668453017
0.6105279416967673
0.6110054586383372
0.6114830178112738
0.6119606193292148
0.6124382633016101
0.6129159478491718
0.6133936707755689
0.6138714322188368
0.6143492323057563
0.6148270711601069
0.6153049489075562
0.6157828655993571
0.6162608212749923
0.6167388159977494
0.6172168498431201
0.61769492289204
0.6181730352278928
0.6186511869346911
0.6191293780958901
0.6196076087937455
0.6200858791091118
0.6205641891214919
0.6210425389091244
0.6215209285489401
0.6219993581163162
0.6224778276846568
0.6229563373240815
0.623434887105598
0.6239134770963971
0.6243921073525558
0.6248707778112289
0.6253494880831906
0.6258282378067546
0.6263070266888319
0.6267858545271304
0.6272647212205631
0.6277436267572106
0.6282225711847998
0.6287015545364056
0.6291805768524552
0.6296596382056072
0.6301387386688601
0.6306178782967439
0.6310970571210582
0.6315762751559456
0.6320555324065598
0.6325348288771926
0.633014164576771
0.6334935395213268
0.6339729537340586
0.6344524072439709
0.6349319000839873
0.6354114322885724
0.6358910038936884
0.636370614936647
0.6368502654555713
0.6373299554885485
0.6378096850728647
0.6382894542447221
0.6387692630395857
0.639249111493013
0.6397289996303056
0.6402089274835246
0.6406888951061939
0.6411689026074512
0.6416489501466281
0.6421290379149074
0.6426091661135863
0.6430893349350216
0.6435695445499247
0.644049795102116
0.6445300867097383
0.6450104194706984
0.6454907934772149
0.6459712063321724
0.6464516565943116
0.6469321444146063
0.6474126699293519
0.6478932332658087
0.6483738345514383
0.6488544739140016
0.6493351513881708
0.6498158670328076
0.6502966209235865
0.6507774131439575
0.6512582437804102
0.6517391129201168
0.6522200206494487
0.6527009670530866
0.653181952213634
0.6536629762115913
0.6541440391254875
0.6546251410319789
0.6551062820058002
0.6555874621172061
0.6560686814452218
0.6565499400564508
0.6570312380075998
0.6575125752966013
0.657993951601638
0.6584753665782691
0.6589568199419744
0.6594383114901071
0.6599198411138332
0.6604014087907256
0.6608830145597491
0.6613646584908219
0.6618463405985039
0.6623280609268879
0.6628098195437662
0.6632916165136769
0.6637734518838532
0.6642553256823069
0.6647372379230361
0.6652191886135327
0.6657011777613705
0.6661832053783989
0.666665271482402
0.6671473760968197
0.6676295192493534
0.6681117009695917
0.6685939212886882
0.6690761802388453
0.6695584778524239
0.6700408141608458
0.6705231891937156
0.6710056029785735
0.6714880555414041
0.6719705469077152
0.6724530771017909
0.6729356461425048
0.6734182540529418
0.6739009008936118
0.6743835867779938
0.6748663118620954
0.6753490763253005
0.6758318803501902
0.6763147241063406
0.6767976077407044
0.6772805313748413
0.6777634951075451
0.6782464990205818
0.6787295431852558
0.6792126276680747
0.6796957497154168
0.6801789084165016
0.6806621039076561
0.6811453363084242
0.681628605725463
0.6821119122630153
0.6825952560303105
0.6830786371026748
0.683562055507684
0.6840455112955386
0.684529004527563
0.6850125352688495
0.6854961035851601
0.6859797095414372
0.68646335320111
0.6869470346259146
0.6874307538760294
0.6879145110103219
0.6883983060865172
0.6888821391614719
0.6893660102884978
0.6898499195246002
0.6903338669168814
0.6908178525063174
0.6913018761732146
0.6917859375675282
0.6922700363706334
0.6927541723277442
0.6932383452656993
0.6937225550982594
0.694206801812295
0.6946910854407718
0.6951754060339487
0.695659763616354
0.6961441581756689
0.6966285897401869
0.6971130583513168
0.6975975640438299
0.6980821068377087
0.698566686738703
0.6990513037433181
0.6995359578447481
0.7000206490376395
0.7005053773208357
0.7009901426981429
0.7014749451776309
0.701959784770128
0.702444661487503
0.7029295753410769
0.7034145263403452
0.7038995144935859
0.7043845398083939
0.7048696022920227
0.7053547019515248
0.7058398387938527
0.7063250128261008
0.7068102240514064
0.7072954724741252
0.7077807580960331
0.7082660809642034
0.7087514411742779
0.7092368388579912
0.7097222741648104
0.710207747243781
0.7106932582297643
0.7111788072359939
0.711664394352779
0.7121500196507524
0.7126356831864876
0.7131213850084445
0.7136071251618065
0.7140929028174876
0.7145787153164577
0.7150645627762621
0.7155504452996885
0.7160363629724886
0.7165223158738325
0.7170083040857661
0.7174943276944112
0.7179803867190605
0.7184664811807565
0.7189526111159027
0.7194387765672767
0.7199249775789923
0.7204112141946797
0.7208974864567962
0.7213837944065032
0.7218701380838732
0.722356517528227
0.7228429327784162
0.7233293838729126
0.7238158708496494
0.7243023937466384
0.7247889525981679
0.7252755474327031
0.7257621782706336
0.7262488450975727
0.7267355476229508
0.7272222855444969
0.7277090585981933
0.7281958665762625
0.7286827093435791
0.7291695868381406
0.7296564990543238
0.7301434460177955
0.7306304277623618
0.731117444316736
0.7316044956426401
0.7320915817379656
0.7325787026297823
0.7330658583499907
0.7335530489205606
0.7340402743488851
0.7345275346298987
0.7350148297512817
0.7355021596989438
0.7359895244611587
0.7364769240307513
0.7369643584054721
0.7374518275870919
0.7379393315798681
0.7384268703889686
0.7389144440192639
0.7394020524746924
0.7398896957582179
0.7403773738721861
0.7408650868187368
0.7413528346016158
0.7418406172274116
0.7423284347059514
0.7428162870427438
0.7433041742477878
0.7437920963397102
0.7442800533797309
0.744768045469973
0.7452560727403275
0.7457441353317169
0.7462322333806983
0.7467203670085875
0.7472085363163083
0.7476967413844502
0.7481849822769331
0.7486732590463379
0.7491615717391923
0.7496499204025173
0.750138303005001
0.7506267183638992
0.7511151665836517
0.7516036477546192
0.7520921619582558
0.7525807092761557
0.7530692897957858
0.7535579035901335
0.7540465506750588
0.7545352310867948
0.7550239448710089
0.7555126920767125
0.756001472752954
0.7564902869478101
0.7569791347080989
0.7574680160794454
0.7579569311065297
0.7584458798333705
0.7589348623035151
0.7594238785600599
0.7599129286454915
0.7604020126022416
0.7608911304698056
0.7613802822825614
0.7618694680697549
0.7623586878320133
0.7628479413366781
0.7633372283031291
0.7638265484981357
0.7643159017417578
0.7648052879173128
0.7652947069675722
0.765784158882467
0.7662736436811973
0.7667631613947669
0.7672527120538594
0.767742295683686
0.7682319122710903
0.7687215618123699
0.7692112443427496
0.769700959910425
0.7701907085573516
0.7706804903107988
0.7711703051832891
0.7716601531771897
0.7721500342906576
0.7726399485227159
0.7731298958763952
0.7736198763598232
0.7741098899857318
0.7745999367701017
0.7750900167306266
0.7755801298854887
0.7760702762526872
0.7765604558499379
0.7770506686950139
0.7775409148062735
0.778031194202932
0.7785215069065636
0.7790118529370409
0.7795022323184393
0.7799926450763299
0.7804830912774894
0.7809735710301151
0.7814640844715521
0.7819546317518191
0.7824452130180294
0.7829358284030565
0.7834264780198221
0.7839171619608322
0.7844078803014602
0.784898633105069
0.7853894204282542
0.7858802423250389
0.786371098849494
0.7868619883765436
0.7873529094744383
0.7878438622547477
0.7883348468189708
0.7888258632558861
0.7893169116503251
0.7898079920911349
0.7902991046746195
0.7907902494812472
0.791281426541763
0.7917726359037637
0.7922638776213609
0.7927551517498788
0.7932464583431326
0.7937377974529388
0.7942291691292469
0.7947205734204881
0.7952120103739815
0.7957034800362791
0.7961949824533651
0.7966865176714257
0.7971780857345201
0.7976696866823404
0.7981613205499337
0.7986529873697105
0.7991446870093581
0.7996364191974485
0.8001281836937534
0.8006199803194635
0.8011118089547392
0.8016036695437053
0.8020955620756647
0.8025874865653213
0.8030794430370043
0.803571431514855
0.8040634520192562
0.8045555045679271
0.8050475891807076
0.8055397058310992
0.8060318545398596
0.8065240353578861
0.8070162483400876
0.8075084935297334
0.808000770953554
0.8084930806241465
0.80898542254575
0.8094777967202699
0.8099702031516971
0.810462641848286
0.8109551128227346
0.811447616091077
0.8119401516710861
0.8124327195808297
0.8129253198377473
0.8134179524583487
0.8139106174584405
0.8144033148536833
0.8148960446602387
0.8153888068950337
0.8158816015701871
0.8163744287036075
0.8168672883254446
0.817360180506129
0.8178531053531496
0.8183460629979413
0.8188390535801937
0.8193320772340597
0.819825134078914
0.8203182242154269
0.8208113477262022
0.8213045046793735
0.8217976951333695
0.8222909191413798
0.8227841767546213
0.8232774680241137
0.8237707930011353
0.8242641508369587
0.8247575394505033
0.8252509589105592
0.8257444093153972
0.8262378907522105
0.826731403297631
0.8272249470261701
0.8277185220168551
0.8282121283555217
0.8287057661216604
0.829199435336801
0.8296931360372416
0.8301868682652384
0.8306806320638682
0.8311744274747875
0.831668254538108
0.8321621132927506
0.832656003776852
0.8331499260281027
0.833643880084087
0.8341378659828238
0.8346318837589991
0.835125933443217
0.8356200150629582
0.8361141286213525
0.8366082739137645
0.837102450690784
0.8375966587395128
0.8380908978969516
0.8385851680632199
0.8390794692022474
0.8395738013169812
0.840068164427538
0.84056255855123
0.8410569836952516
0.8415514398585703
0.8420459270379904
0.8425404452342328
0.8430349944565069
0.8435295746821857
0.8440241859231115
0.8445188282205174
0.845013501620363
0.845508206158143
0.8460029418540519
0.8464977087152253
0.8469925067411935
0.8474873359294968
0.8479821962796942
0.8484770877952048
0.8489720104832769
0.8494669643538036
0.8499619494177567
0.8504569656858261
0.8509520131675851
0.8514470918712439
0.8519422018038881
0.852437342972021
0.8529325153822308
0.8534277190394349
0.8539229539471436
0.8544182201095413
0.8549135175620292
0.8554088463791397
0.8559042066662605
0.8563995985453829
0.8568950221402766
0.8573904775648653
0.8578859649167048
0.8583814842755977
0.8588770357060602
0.859372619261789
0.8598682349903783
0.8603638829370639
0.860859563146932
0.8613552756656215
0.8618510205389223
0.8623467978118234
0.8628426056418131
0.8633384430869314
0.8638343102035675
0.8643302070772788
0.8648261337854356
0.8653220903959475
0.8658180769743867
0.8663140935899667
0.8668101403177355
0.8673062172346346
0.8678023243613369
0.8682984617228521
0.8687946293515226
0.869290827280807
0.8697870555434053
0.8702833141707605
0.8707796031934583
0.871275922641661
0.8717722725454222
0.8722686529354793
0.872765063841452
0.8732615052898225
0.8737579773035888
0.8742544799038925
0.8747510130251943
0.8752475764207048
0.8757441698657331
0.8762407931772718
0.876737446224468
0.8772341289338845
0.8777308412826771
0.8782275832794292
0.8787243549589924
0.8792211563461129
0.8797179874521026
0.8802148482710701
0.8807117387869665
0.8812086589840747
0.8817056088549221
0.8822025884033607
0.882699597622089
0.8831966365080987
0.8836937050927134
0.8841908034178352
0.8846879315190476
0.8851850894185471
0.8856822771255262
0.8861794946404479
0.8866767419601819
0.8871740190820903
0.8876713260062978
0.8881686627362355
0.888666029278009
0.8891634256392545
0.8896608518280221
0.8901583078520058
0.8906557937182248
0.8911533094331039
0.891650855002829
0.8921484304338431
0.8926460357281675
0.8931436708909257
0.8936413359334663
0.8941390309017081
0.894636755875319
0.8951345109573947
0.8956322962621461
0.8961301119028962
0.8966279579830901
0.8971258345914732
0.8976237418013442
0.8981216796728718
0.8986196482570081
0.8991176475995691
0.8996156777444516
0.9001137387354983
0.9006118306170307
0.9011099534334108
0.9016081072281317
0.9021062915843375
0.9026045042917573
0.9031027453953032
0.9036010149551197
0.9040993130501636
0.9045976397518486
0.9050959951252276
0.9055943792353128
0.9060927921515599
0.9065912339489418
0.9070897047034809
0.907588204436539
0.9080867331755517
0.9085852909539687
0.9090838778056296
0.9095824937634377
0.9100811388588274
0.910579813122214
0.9110785165834332
0.9115772492721328
0.9120760112184112
0.9125748024495367
0.9130736229894142
0.9135724728595687
0.9140713520699658
0.9145702604687304
0.9150691978305819
0.9155681639607933
0.916067158709179
0.9165661819787507
0.9170652337256718
0.9175643139480819
0.9180634226683722
0.9185625599136756
0.9190617257155572
0.9195609200879997
0.9200601430331941
0.9205593945437072
0.9210586746100059
0.921557983227953
0.9220573204027818
0.922556686149991
0.9230560804559881
0.9235555033365527
0.9240549548320055
0.9245544349863489
0.9250539438345002
0.9255534813982241
0.9260530476879428
0.9265526427071943
0.9270522664572548
0.9275519189405136
0.9280516001621678
0.9285513101304687
0.9290510488560574
0.9295508163509597
0.9300506126276659
0.9305504376985283
0.9310502915755388
0.9315501742704305
0.9320500857950015
0.9325500261571485
0.9330499953670456
0.9335499934382409
0.9340500204169861
0.9345500763823894
0.9350501614369133
0.9355502756937366
0.9360504192657472
0.9365505922571091
0.9370507947586297
0.9375510268468059
0.9380512885856752
0.9385515800302248
0.939051901230103
0.9395522522326736
0.9400526330849011
0.9405530438340106
0.9410534845271971
0.941553955210819
0.9420544559295153
0.9425549861688218
0.9430555439465893
0.9435561293008853
0.9440567422827522
0.9445573829667537
0.9450580514279814
0.9455587477344015
0.9460594719510151
0.9465602241450476
0.9470610043884803
0.9475618127577001
0.9480626493203351
0.9485635140973815
0.9490644071193004
0.9495653284200811
0.9500662780329711
0.950567255989767
0.9510682623205712
0.9515692970542747
0.9520703602197916
0.9525714518433572
0.9530725719478503
0.9535737205535354
0.9540748976801483
0.95457610326678
0.9550773370948676
0.9555785989667609
0.9560798887229072
0.9565812062511232
0.9570825514910616
0.9575839244278249
0.9580853250768004
0.9585867534660726
0.9590882096214668
0.959589693562882
0.9600912053011015
0.9605927448372976
0.961094312167304
0.9615959072857023
0.9620975301908443
0.9625991808879296
0.9631008593893593
0.9636025657050461
0.9641042998231837
0.9646060617692263
0.9651078515836612
0.9656096693046911
0.9661115149596001
0.9666133885634091
0.967115290121831
0.9676172196357331
0.9681191771051642
0.9686211625319886
0.9691231759209695
0.9696252172796338
0.970127286617447
0.970629383944796
0.9711315092721319
0.9716336626094456
0.9721358439661065
0.9726380533509965
0.9731402907667455
0.9736425562190729
0.9741448497245188
0.9746471713305774
0.9751495211131942
0.9756518991669492
0.9761543055933302
0.9766567404903723
0.9771592039458502
0.9776616960351232
0.9781642168218281
0.9786667663603511
0.9791693446988881
0.9796719518822262
0.9801745879537558
0.9806772529565404
0.9811799469335316
0.9816826699271625
0.9821854219786429
0.9826882031272429
0.9831910134097724
0.9836938526513641
0.9841967186427676
0.9846996114129405
0.9852025309965479
0.9857054774390323
0.9862084508095829
0.9867114511733882
0.9872144785882513
0.9877175331095962
0.9882206147953205
0.9887237237078425
0.98922685991348
0.9897300234678549
0.9902332143848241
0.9907364326867126
0.9912396783988249
0.9917429515458023
0.9922462521509293
0.9927495802361039
0.9932529358225456
0.9937563189284031
0.9942597295686392
0.99476316775629
0.9952666335046219
0.995770126709007
0.996273647158775
0.9967771946679831
0.9972807690895005
0.9977843703231836
0.9982879983176007
0.9987916530615937
0.9992953345688634
0.9997990428616994
