0
0.0002737592261831115
0.000546574688790862
0.0008193561428397329
0.001092133287830103
0.001365019648004334
0.001638041879126902
0.001911193024645067
0.002184119055657646
0.002457046852744171
0.00273007051308848
0.003003186949940252
0.003276386456830144
0.00354964771090215
0.003822970347525454
0.004096349615865749
0.004369754314796801
0.00464316578615601
0.004916608457235603
0.005190078296922838
0.005463569325541326
0.005737079566411716
0.006010607665561055
0.006284151342943633
0.006557708408255394
0.006831277063535659
0.007104855778477962
0.007378443642734319
0.007652039947743183
0.007925643866338979
0.008199254582966137
0.00847286999402019
0.008746489122213002
0.009020111820316897
0.009293738169225617
0.009567368266769124
0.009841002117717242
0.01011463980731591
0.01038828134592044
0.01066192519881874
0.01093557125614943
0.01120917365603693
0.01148195378691963
0.01175444847513559
0.01202641443579297
0.0122978876628943
0.0125691818590286
0.01283976717817049
0.01311009845520133
0.01337992212334183
0.01364934678672537
0.01391853522799545
0.01418719460878544
0.01445567859747992
0.01472367154989563
0.01499142304241702
0.01525892029375856
0.01552607622556996
0.01579317251025475
0.01605981770213274
0.01632637864506788
0.01659268336509804
0.01685882569333172
0.01712493146275347
0.0173907568471611
0.01765664207252184
0.01792235634167667
0.01818805705664221
0.01845392061967637
0.01871958948134684
0.01898542012713548
0.01925132560028917
0.01951727207935889
0.01978344975856682
0.02004970796894906
0.02031610766348658
0.02058279994439264
0.02084962936359672
0.02111666177503942
0.02138396317207256
0.02165133945559603
0.02191872720513234
0.02218612037706827
0.02245351392202952
0.02272091182380954
0.02298831618289745
0.02325572716515964
0.02352314490745236
0.02379057125879132
0.02405800971195121
0.02432545979923551
0.02459290720116772
0.02486035751043881
0.02512781322523191
0.02539527562973269
0.02566274454648931
0.02593021999039047
0.02619770032851014
0.02646518400593839
0.02673266987587339
0.02700015698191855
0.02726764559256703
0.02753513733687572
0.02780263322434605
0.02807013392099563
0.02833763851041282
0.02860514730964839
0.02887266137714299
0.02914017769290489
0.02940769623819922
0.02967521718356721
0.02994274091517553
0.03021026776862591
0.03047779786171355
0.03074533110835589
0.03101286893132342
0.03128041467464115
0.03154797204993869
0.03181553899939785
0.0320831049956555
0.03235067163317739
0.03261824013743895
0.03288581194818638
0.03315338847858045
0.03342097076799795
0.03368855957853439
0.03395615562368091
0.03422375962910134
0.03449137248993254
0.03475899568107629
0.03502663160046621
0.03529427780391273
0.03556192575712615
0.03582957636562299
0.03609723017394504
0.03636488760443945
0.03663254922263193
0.0369002156513146
0.03716788751812636
0.03743556553640935
0.03770325044495425
0.03797094297915424
0.03823864441465459
0.03850635104762486
0.03877405987234155
0.03904177109593868
0.03930948484944799
0.0395772012246483
0.03984492028780576
0.04011264224139554
0.04038036761879508
0.040648097419226
0.04091583249746086
0.04118357363438913
0.04145132143112845
0.04171907285973743
0.04198682649720243
0.04225458229448681
0.04252234026897368
0.04279010037985368
0.04305786270644683
0.04332562741438997
0.04359339490401043
0.04386116605600049
0.04412894153988361
0.04439672218052289
0.04466450814406894
0.04493229610297941
0.04520008599867948
0.045467804972201
0.04573559227935458
0.04600303519727351
0.04627043007838868
0.04653798909391404
0.04680529471022528
0.04707275130217513
0.04734022635510498
0.0476077392569805
0.04787551665891218
0.04814334221853998
0.0484111693944552
0.04867899813393012
0.0489468287129702
0.04921466146194939
0.04948249675189029
0.04975033512262873
0.05001817730181501
0.05028597525262971
0.05055371513142942
0.05082126453000318
0.05108863679500195
0.05135592348311334
0.05162316267921688
0.05189020466016737
0.05215710534464378
0.05242394391609261
0.05269074241749422
0.05295737575553802
0.0532238893084375
0.05349034790968513
0.05375677274083658
0.05402305607114628
0.05428924323668113
0.05455538508504893
0.05482150312369384
0.05508754033163717
0.05535349713477822
0.0556194036900317
0.05588528253999763
0.05615115509187558
0.05641699416784395
0.05668278159027572
0.05694853388288433
0.05721428109373965
0.0574800290376417
0.05774577060749314
0.05801150919401012
0.05827726366949344
0.05854301749240138
0.05880877414227646
0.0590745414236283
0.05934031936425499
0.05960610643825642
0.05987190456889319
0.06013771862799695
0.06040355035760053
0.06066939251944038
0.06093528246960814
0.06120125319033954
0.06146721460751539
0.06173317329421191
0.06199915584327254
0.06226521665494697
0.06253140167320029
0.06279764614527983
0.06306388584429694
0.06333017451299176
0.06359655536678109
0.06386304704448015
0.06412966079211874
0.06439641479067944
0.06466328366717811
0.06493021103039705
0.06519720684100556
0.06546427492696652
0.06573141702820813
0.06599863321284986
0.06626591939333146
0.06653326761854229
0.06680066543093353
0.06706810090853009
0.06733556088760576
0.06760303926102859
0.06787053833151362
0.06813805761020819
0.06840559295936958
0.06867314261195365
0.06894070564831982
0.06920828150823652
0.06947587005729472
0.06974347104860723
0.07001108441380648
0.07027871042918529
0.070546348895292
0.07081399942694448
0.07108166159404809
0.07134933506484004
0.0716170198721094
0.07188471587936528
0.07215242252961014
0.07242013997243482
0.07268786862038665
0.0729556084530714
0.07322335999759674
0.07349075813939401
0.07375800654200439
0.07402534568862489
0.07429229022077818
0.07455930939345773
0.07482624323944104
0.07509311867424219
0.07536021756413221
0.07562724766840177
0.07589439854476743
0.0761618321607387
0.07642925816591686
0.07669691584583349
0.07696475779872254
0.07723260326941569
0.07750044906355281
0.07776829669099249
0.07803614753015109
0.07830400279041835
0.07857186358586669
0.07883973096826342
0.07910760594898511
0.07937548949362645
0.07964338277878906
0.079911288365943
0.08017920901000979
0.08044708844842277
0.08071491902434554
0.08098274828308133
0.08125043719464461
0.08151805332147143
0.08178563332272631
0.08205320458371781
0.08232072041607132
0.08258816993874774
0.08285558235355885
0.08312297795534596
0.08339037805647055
0.08365777908817491
0.08392515701639987
0.08419250161564482
0.08445983455072602
0.08472717042078291
0.08499449928066288
0.08526182124586745
0.08552914517528015
0.08579648851520823
0.08606383194487614
0.08633116940522145
0.08659848621730575
0.08686580378241501
0.08713315982620075
0.08740053289565551
0.08766787243583202
0.08793520279122419
0.08820258271815686
0.08847005453283449
0.08873756924149313
0.08900505794620306
0.08927256551586106
0.08954012921800392
0.08980777281354176
0.0900755043403898
0.09034333022451317
0.09061123442438992
0.09087917164549346
0.09114713527955602
0.09141512438054823
0.09168313562099641
0.09195116271423982
0.09221921904379279
0.09248730402381057
0.09275542505095549
0.0930235630727074
0.09329170549478652
0.09355980176280924
0.09382779522147126
0.09409570344979094
0.09436355027565203
0.0946312891115612
0.09489893243442084
0.09516649618686825
0.09543400267620809
0.0957014381257795
0.09596877705914339
0.09623603652696254
0.09650324998388142
0.09677041754421206
0.09703748958130286
0.09730449749719573
0.09757146018503166
0.09783840232505062
0.0981053123570214
0.0983721547299114
0.09863895424253799
0.09890572301111912
0.09917247322991768
0.09943921912157604
0.09970595762129771
0.09997265805800327
0.1002393317425276
0.1005059854966635
0.1007726275436766
0.1010392759245966
0.1013059344152177
0.101572599506887
0.1018392734230204
0.1021059504346208
0.1023726310764125
0.1026393158250798
0.1029060075805184
0.1031727090971554
0.1034394183875786
0.1037061366313157
0.1039728658924802
0.104239608282902
0.1045063568084094
0.1047731283613627
0.1050399427733693
0.1053068087741054
0.1055736608507505
0.1058405074682574
0.10610737732629
0.1063742998400054
0.1066412981153565
0.1069083888829289
0.1071754985326936
0.1074426237349511
0.1077097759872396
0.1079769674714508
0.1082442058079613
0.1085114957060908
0.1087788406612377
0.1090462423461427
0.1093137015621861
0.1095812210016581
0.109848707430002
0.1101161472667901
0.1103835640075135
0.1106509429610121
0.1109182447966401
0.1111854958237862
0.1114527196407916
0.1117199349669391
0.1119871189160642
0.1122542772254924
0.1125214208393137
0.1127885460087598
0.1130556619840389
0.1133227544799054
0.1135898372833875
0.1138569218212728
0.1141240201069946
0.1143911310733593
0.1146582452796196
0.1149253570854661
0.1151924617680055
0.1154595923314722
0.1157267574359707
0.1159938936673009
0.116261015878255
0.116528168324809
0.116795406755825
0.1170626976879785
0.1173299641891285
0.1175972460972291
0.1178645900738284
0.1181320268517092
0.1183995726119896
0.1186672136076819
0.1189348814599122
0.119202597967907
0.1194703707058283
0.1197382015452933
0.1200060835469649
0.1202740090841902
0.1205419731510821
0.1208099779427101
0.1210780241260002
0.1213461112255996
0.1216142212532256
0.1218823319194022
0.1221504440945621
0.122418558793571
0.1226866770182613
0.1229547997218676
0.1232229278374732
0.1234910623640565
0.1237592043592487
0.1240273556356539
0.124295518703314
0.1245636854503775
0.1248318544156805
0.1251000262961203
0.1253682019254087
0.1256363694184659
0.1259045295371916
0.1261726838380224
0.1264408387880746
0.1267089987306867
0.1269771636958675
0.1272453202692329
0.1275134654417216
0.127781600780136
0.1280497289961203
0.1283178585418818
0.1285859881051735
0.1288541094717684
0.1291222239027655
0.1293903317393055
0.1296584389540955
0.1299260642140723
0.130193681521785
0.1304610635199095
0.1307283008393534
0.1309957252766021
0.1312628642994091
0.131530101334817
0.1317974248911111
0.1320646977504238
0.1323322029696337
0.1325998064165619
0.1328675061385229
0.1331355152670403
0.1334035925699927
0.1336716632741007
0.1339397359769753
0.1342078133142209
0.1344758983291369
0.1347439803524096
0.1350120575500086
0.1352801304782222
0.1355481925339998
0.1358162389613581
0.1360841971806099
0.1363521225472575
0.1366199804763269
0.1368876999664737
0.1371553404699681
0.1374229603026506
0.1376905039235977
0.1379579462065763
0.1382253356202848
0.1384927067415988
0.1387600672451552
0.139027337241246
0.1392945647444692
0.1395617635089711
0.1398289628415957
0.1400961639083569
0.140363345818887
0.1406304866190994
0.1408976061184275
0.1411647287657465
0.1414318601087645
0.1416990027209045
0.1419661562621098
0.1422333152984929
0.1425004808929037
0.1427676616450587
0.143034849136185
0.1433020203991539
0.143569180570754
0.1438363321387291
0.1441034786194775
0.1443706274704849
0.1446377824180819
0.1449049446814741
0.1451721151732688
0.1454392906030993
0.1457064692331781
0.1459736527688842
0.146240844269574
0.146508046567437
0.1467752604907927
0.1470424923381809
0.1473097401029952
0.1475769946027519
0.1478442475096188
0.148111500789272
0.1483787720523475
0.1486460833185468
0.1489134526545454
0.1491808409264799
0.1494482259682377
0.1497156182457382
0.1499830352144362
0.1502504856351449
0.1505179745336358
0.1507855082705644
0.1510530963093586
0.1513207472629827
0.1515884675171691
0.1518562128062211
0.1521239747611838
0.1523917551213337
0.1526595545937796
0.1529273761283289
0.1531952207498085
0.1534630884080624
0.1537309787245463
0.1539988911557066
0.1542668251129407
0.1545347570162957
0.1548026819714102
0.1550706058562395
0.1553385269285451
0.1556064341184501
0.1558743334393751
0.156142229510254
0.1564101233736197
0.1566780197260402
0.1569459101341702
0.1572137974431838
0.1574816841657148
0.157749575036295
0.1580171600935851
0.1582846565055049
0.1585520874803174
0.1588192316461096
0.1590865058763731
0.1593535639986622
0.1596206453045887
0.1598879795861506
0.1601551162630428
0.1604224416688754
0.1606899256217296
0.1609574479278994
0.1612252553096492
0.1614932415350831
0.1617613119847125
0.162029420413311
0.1622975483049418
0.1625656861668294
0.1628338378744386
0.1631020059347045
0.1633701926359011
0.1636383977716796
0.1639066162421781
0.1641747259587106
0.1644428038060534
0.1647108217477151
0.1649787055277281
0.1652465151119435
0.165514306489599
0.1657820222361535
0.1660496437519023
0.1663172141625378
0.1665847650558517
0.1668523105616478
0.1671197692721192
0.1673871812458866
0.1676545639702161
0.1679219428328001
0.1681892934565676
0.1684566118672503
0.1687239090408822
0.1689912059284635
0.1692584864551056
0.1695257404432218
0.1697929803231459
0.1700602156332208
0.1703274556628895
0.1705947255401078
0.1708619917696971
0.1711292480713291
0.1713964834920033
0.1716637338541938
0.171931039110407
0.1721983156445661
0.1724655632505581
0.172732828639566
0.1730001698121262
0.1732675915107114
0.1735349751176109
0.1738023625481585
0.1740698044844392
0.1743373288645386
0.1746049580650429
0.1748726892946254
0.1751404406066762
0.175408236193002
0.1756760835832811
0.1759439864577913
0.1762119408496552
0.1764799383783717
0.1767479731670283
0.1770160323059508
0.1772841179188003
0.1775522115699899
0.177820278910591
0.1780883188955972
0.178356330969028
0.1786243149516153
0.1788922712189057
0.1791601967450717
0.1794280882265067
0.1796959446757981
0.1799637685146049
0.1802315627267005
0.1804993319470765
0.1807670779874769
0.1810347895355502
0.1813024665838771
0.1815701137777087
0.1818377347790325
0.1821053364563561
0.1823729184983805
0.1826404654172217
0.1829079869512634
0.1831754885375913
0.1834429746089873
0.1837104504890244
0.1839779235689027
0.1842453997930749
0.1845128636276319
0.1847803147009963
0.1850477545881063
0.1853151844095178
0.1855826062929923
0.185850023177038
0.1861174399956783
0.1863848608205379
0.1866522884693149
0.1869197242153453
0.1871871692932726
0.1874546132268984
0.1877219737415276
0.1879894296199708
0.1882568914356596
0.1885243612353106
0.1887918414271635
0.1890593295918014
0.1893268231591591
0.1895943220503696
0.1898618214733424
0.1901293175976577
0.1903968223914596
0.1906643523273199
0.1909319228418028
0.1911995193492642
0.1914671096166985
0.1917347026086719
0.1920023079237503
0.1922699348363169
0.1925375878304914
0.1928052728986968
0.1930729983092794
0.193340772510873
0.1936084993515674
0.1938762081173969
0.1941438023143565
0.1944113183782216
0.1946787936584635
0.1949462466834644
0.1952136745294226
0.1954810324574057
0.1957483411408787
0.196015624997487
0.1962829023750546
0.1965501472319565
0.1968173654330009
0.1970845746473151
0.1973517832058474
0.1976189841105945
0.1978861705950255
0.1981533547478185
0.1984205471368767
0.1986877528872483
0.1989549623206301
0.199222181240506
0.1994894068955576
0.1997566430812348
0.2000239229330828
0.2002912158159716
0.2005584935109722
0.20082577130518
0.2010930880078375
0.2013604938113177
0.2016279585798545
0.2018954001812588
0.2021628597793511
0.2024303843997999
0.2026980008195596
0.2029657186053214
0.2032335436693268
0.2035014351833808
0.2037693683015318
0.2040373494513001
0.2043053824982984
0.2045734667601272
0.2048415957404116
0.2051097632353539
0.205377967968513
0.2056462092210333
0.2059144800522423
0.2061827902893685
0.2064511271709524
0.2067194822854092
0.2069878438143601
0.2072561956489964
0.2075245227370881
0.2077928256278726
0.2080611112542037
0.2083293740651586
0.2085976085993841
0.2088658215660761
0.2091340205918658
0.2094022131070102
0.2096704092324272
0.2099385784202683
0.2102067320233186
0.2104748722373987
0.2107430023099733
0.2110111285723623
0.2112792567756628
0.2115473880683135
0.2118155059384703
0.212083611630078
0.2123517073358362
0.212619795187577
0.2128878837709183
0.2131559799161512
0.213424067282668
0.2136921460544814
0.2139602169552257
0.2142282828676774
0.214496346541146
0.2147644249999953
0.2150325103204836
0.215300569921304
0.2155686239238911
0.2158366824589074
0.2161047597734731
0.2163728664715287
0.2166409856919787
0.2169090931153587
0.2171771990739159
0.2174453117841665
0.2177134350080217
0.2179815714734188
0.2182497227049473
0.2185178881412408
0.218786067991577
0.2190542628660167
0.2193224370016516
0.2195905841538493
0.2198587060254564
0.2201267972448293
0.2203948568993875
0.2206628872741413
0.2209308907384783
0.2211988694153523
0.2214668268897402
0.2217347635838747
0.222002669828782
0.2222705462737292
0.2225383957076226
0.222806221009511
0.2230740249071542
0.2233418100873887
0.2236095825339272
0.2238773231510021
0.2241450375229635
0.2244127324464263
0.2246804124299941
0.224948080681038
0.225215741175571
0.2254834002128533
0.225751062501759
0.2260187130545171
0.2262863528086961
0.2265539831487558
0.2268216051463516
0.2270892203283503
0.2273568315661514
0.2276244419191885
0.2278920532759651
0.2281596671037999
0.2284272858759946
0.2286949107611097
0.2289625437912185
0.2292301828145888
0.2294978251174949
0.2297654703399863
0.2300331198373111
0.2303007760180856
0.2305684405694481
0.2308361119116533
0.2311037882854292
0.231371469667258
0.2316391549001466
0.2319068381428247
0.2321745185014567
0.2324422097625073
0.2327099252394146
0.2329776761562593
0.2332454445727498
0.2335132080025848
0.233780973382631
0.2340487486676252
0.2343165381101626
0.2345843458310283
0.2348521783060364
0.2351200428626505
0.2353879471015421
0.2356558984790426
0.2359239002022771
0.2361919335425189
0.2364599685968659
0.2367280108526711
0.2369960661359385
0.2372641368511496
0.2375322243567031
0.2378003299173561
0.2380684557383715
0.2383366038778943
0.2386047756932574
0.2388729712033691
0.2391411903111219
0.2394094331775767
0.2396777002287556
0.2399459915783938
0.240214307796711
0.2404826496539715
0.2407510183995331
0.2410194152622959
0.2412878412513178
0.2415562763422187
0.2418247127333242
0.2420931528581116
0.2423615976054978
0.2426300485017199
0.2428985072219797
0.24316697538552
0.2434354548875629
0.2437039467011154
0.2439724512448157
0.2442409687468514
0.2445094996693909
0.244778043659598
0.245046593073467
0.2453151489537859
0.245583712983731
0.2458522868141721
0.2461208711906571
0.2463894649741396
0.2466580641382512
0.2469266675024195
0.2471952750058213
0.247463886861245
0.2477325037907503
0.2480011266041843
0.2482697551980834
0.2485383893561423
0.2488070253448157
0.2490756642053014
0.2493443058798195
0.2496129478806077
0.2498815899213137
0.2501502239271163
0.2504188104012838
0.250687370180207
0.2509559274968452
0.251224467542376
0.2514929606179253
0.2517614098286204
0.2520298445084171
0.2522982596286379
0.252566644436388
0.2528350057737846
0.2531033607906844
0.2533717270958297
0.253640111726241
0.2539084949267403
0.2541768736888694
0.2544452444545763
0.2547136266477001
0.2549820529095882
0.255250459893075
0.2555188352506143
0.2557872126199788
0.25605565028036
0.2563241924605069
0.2565927246564211
0.2568612429658493
0.2571297829384749
0.2573983835524705
0.2576670691405488
0.2579357565641395
0.2582044252507694
0.2584730669279021
0.2587416812541278
0.2590102693530019
0.2592788303573995
0.2595473627089712
0.2598158666238197
0.2600843438189128
0.2603527953989581
0.2606212203149392
0.2608896168790633
0.2611579833381071
0.2614263196296088
0.2616946273762216
0.2619629067735382
0.262231153551268
0.2624993700322155
0.2627675594137223
0.2630357249331925
0.2633038706727603
0.2635719927062501
0.2638400831615716
0.2641081452016923
0.2643761826238584
0.2646442009147942
0.2649122051371875
0.2651801984319055
0.2654481841487992
0.2657161612382025
0.2659841187237575
0.2662520615630375
0.2665199920167748
0.2667879113370985
0.267055821046413
0.2673237232501682
0.2675916229929678
0.2678595246995484
0.268127430778049
0.2683953418653625
0.2686632563850391
0.2689311721583048
0.2691990859357157
0.2694669986070011
0.2697349117697693
0.2700028266772952
0.2702707445846689
0.2705386659138414
0.2708065911515183
0.2710745218950402
0.2713424560477905
0.2716103930434506
0.2718783336450946
0.2721462791953644
0.2724142313856363
0.2726821909428192
0.2729501562335331
0.2732181288540925
0.2734861203580397
0.273754129571282
0.2740221308845488
0.2742901256713943
0.27455812344603
0.2748261345580688
0.2750941692007941
0.275362234860797
0.2756303386804236
0.2758984885736912
0.2761666577067645
0.2764348263327037
0.276703000623105
0.2769711863479555
0.2772393857369167
0.2775076007028346
0.2777758335012148
0.2780440873021399
0.2783123665023854
0.2785806754082262
0.2788490173546828
0.279117394699027
0.279385808684134
0.2796542620848418
0.2799227579064433
0.2801912749802086
0.2804597936443265
0.2807283175994353
0.2809968523647133
0.2812653993408056
0.2815339601572716
0.281802537391698
0.2820711320033303
0.282339744216776
0.2826083741587401
0.2828770218888287
0.2831456874700941
0.2834143709510306
0.2836830716412929
0.2839517889466624
0.2842205227606254
0.2844892733906963
0.2847580423663582
0.2850268314636132
0.2852956414353803
0.285564453422393
0.2858332696310516
0.2861020912367249
0.2863709192678235
0.2866397542747827
0.286908596791178
0.2871774471057634
0.2874463064909507
0.2877151750354532
0.2879840530153354
0.2882529407430504
0.2885218378187703
0.2887907442315825
0.2890596557814743
0.2893285724701923
0.2895974938007184
0.2898664194521979
0.2901353491615519
0.2904042829187427
0.2906732206701242
0.2909421619654606
0.2912111067020797
0.2914800548356296
0.2917490062867973
0.2920179599164275
0.2922869143067515
0.2925558684904404
0.2928248216393368
0.2930937735557106
0.2933627243937306
0.2936316754210764
0.2939006284240612
0.2941695851208159
0.2944385482583248
0.2947075128777574
0.2949764795523308
0.2952454491177812
0.2955144221725204
0.2957833994616293
0.2960523814159936
0.29632136828902
0.2965903595997379
0.2968593534210385
0.29712834875054
0.2973973443978347
0.2976663404602638
0.2979353382323157
0.2982043391135411
0.2984733444957771
0.2987423555851333
0.2990113734852016
0.2992803992104587
0.2995494339076464
0.2998184797212591
0.3000875378573861
0.3003565991613558
0.3006256643667391
0.3008947333227222
0.3011638062359422
0.3014328835278707
0.301701965768582
0.3019710535432375
0.3022401473422068
0.3025092477251615
0.3027783511551895
0.3030474237549129
0.3033164643077943
0.3035854729918274
0.3038544523917475
0.3041234053635093
0.3043923368757716
0.3046612496940833
0.3049301314640269
0.3051989848037353
0.3054678132522478
0.3057366206657737
0.3060054103401811
0.3062741865594036
0.3065429526970663
0.3068117131423461
0.3070804749602937
0.3073492251326631
0.3076179637792043
0.3078866932009681
0.3081554146095863
0.3084241292063895
0.3086928401840935
0.3089615506006735
0.3092302630368545
0.3094989794889837
0.3097677018008634
0.3100364313653273
0.3103051683557435
0.3105739105846752
0.3108426570193827
0.3111114064074529
0.3113801576335394
0.3116489111413975
0.3119176682681499
0.3121864316853122
0.3124552003666063
0.312723973331922
0.3129927510974188
0.313261534338767
0.313530323311792
0.3137991177402172
0.3140679135708418
0.3143367101260686
0.3146055200842748
0.3148743551273115
0.3151432236906389
0.315412087457609
0.3156809470082193
0.315949810452689
0.3162186820262698
0.316487564396625
0.3167564646562952
0.3170253901581129
0.3172943479639115
0.3175633446882383
0.3178323836219132
0.3181014660687611
0.3183705477966977
0.3186396325442439
0.3189087272552769
0.3191778353686949
0.3194469586555779
0.3197160986975113
0.3199852582607884
0.3202544397960144
0.3205236448965473
0.3207928742890699
0.3210621298558864
0.3213314135425057
0.3216007262838469
0.3218700699970509
0.3221394467872925
0.3224088590449878
0.3226782844746446
0.3229477125667597
0.3232171433646385
0.3234865774889391
0.323756015661101
0.3240254575997479
0.3242949034107191
0.3245643534038444
0.3248338065146649
0.3251032619210928
0.3253727204952022
0.3256421804175528
0.3259116408437739
0.3261811024004409
0.3264505655827152
0.3267200310137975
0.3269894990124219
0.3272589671383457
0.3275284359396327
0.327797906249532
0.3280673790211922
0.3283368550244875
0.3286063351665662
0.3288758202665817
0.3291453099189658
0.3294148034697381
0.3296842994087264
0.3299537964022491
0.3302232931958714
0.3304927901697893
0.3307622886422558
0.3310317898946947
0.3313012950934793
0.3315708051979349
0.3318403210913175
0.3321098435301777
0.3323793733719159
0.3326489125263433
0.3329184641398128
0.3331880183962537
0.3334575752796349
0.3337271348240539
0.3339966973035959
0.3342662630991055
0.3345358327942335
0.3348054070595635
0.335074986403271
0.3353445714456574
0.3356141628587805
0.3358837609869729
0.3361533664408139
0.3364229810268699
0.3366926048455231
0.336962230769753
0.337231859502947
0.3375014916614468
0.3377711276978543
0.3380407677933263
0.3383104119266974
0.3385800600371074
0.3388497122749925
0.3391193690739449
0.3393890310285744
0.3396586986128738
0.3399283670704278
0.340198038259926
0.340467713525095
0.3407373929283566
0.3410070752951272
0.3412767597302999
0.3415464456561669
0.3418161326582817
0.342085820583993
0.3423555094616385
0.3426252000402594
0.3428948933264478
0.3431645898654165
0.3434342895460709
0.3437039918148815
0.343973696299565
0.3442434035412639
0.3445131139336321
0.3447828256331012
0.3450525385902137
0.3453222528477643
0.3455919686408279
0.3458616864117587
0.346131406503455
0.3464011291120289
0.3466708545732837
0.3469405842086457
0.3472103199865843
0.3474800641742816
0.3477498121533373
0.3480195607081596
0.3482893109303757
0.3485590640848635
0.3488288212471861
0.3490985831907059
0.3493683504128871
0.3496381233234243
0.3499079023233082
0.3501776877855283
0.3504474801877611
0.3507172802879183
0.3509870905156317
0.3512569125343204
0.3515267362065843
0.3517965618083942
0.3520663896033666
0.3523362200050961
0.3526060536532468
0.3528758909557878
0.3531457322812321
0.3534155780899426
0.3536854292795078
0.3539552860778202
0.3542251488264038
0.3544950180568552
0.3547648934373108
0.3550347737966756
0.3553046569091206
0.3555745424198099
0.3558444301835959
