0.0003125 0.1467923874508499
0.0009375 0.1467811194885776
0.0015625 0.1467779730539578
0.0021875 0.1467724019598466
0.0028125 0.1467703598625379
0.0034375 0.1467686722956552
0.0040625 0.1467681093721193
0.0046875 0.1467680719929815
0.0053125 0.1467688339324043
0.0059375 0.1467704699794048
0.0065625 0.1467731254716619
0.007187499999999999 0.1467766151624929
0.0078125 0.1467811126915944
0.008437500000000001 0.1467871202112625
0.009062499999999999 0.1467941355206038
0.0096875 0.1468022245852103
0.0103125 0.1468115458305258
0.0109375 0.1468220451986662
0.0115625 0.1468337554365829
0.0121875 0.1468466872542027
0.0128125 0.1468608402065531
0.0134375 0.1468762034994353
0.0140625 0.1468927548455421
0.0146875 0.1469104691003323
0.0153125 0.1469293166220224
0.0159375 0.1469492627154017
0.0165625 0.1469702681732381
0.0171875 0.1469922903008546
0.0178125 0.1470152834538085
0.0184375 0.1470391987709067
0.0190625 0.1470639839700814
0.0196875 0.1470895836304009
0.0203125 0.1471159399366067
0.0209375 0.147142993814603
0.0215625 0.1471706864447093
0.0221875 0.1471989610422429
0.0228125 0.1472277646263948
0.0234375 0.1472570494551227
0.0240625 0.1472867739228479
0.0246875 0.1473169028965162
0.0253125 0.1473474075986655
0.0259375 0.1473782651930193
0.0265625 0.1474094582056675
0.0271875 0.147440973864089
0.0278125 0.1474728033930997
0.0284375 0.1475049412865414
0.0290625 0.1475373845718937
0.0296875 0.1475701320904515
0.0303125 0.1476031838199585
0.0309375 0.1476365402669572
0.0315625 0.1476702019527755
0.0321875 0.1477041690107551
0.0328125 0.1477384409039454
0.0334375 0.1477730162634449
0.0340625 0.1478078928393989
0.0346875 0.1478430675504684
0.0353125 0.1478785366137344
0.0359375 0.1479142957351832
0.0365625 0.1479503403402956
0.0371875 0.1479866658238022
0.0378125 0.1480232677967507
0.0384375 0.1480601423079838
0.0390625 0.1480972860173566
0.0396875 0.1481346963012419
0.0403125 0.1481723712779753
0.0409375 0.1482103097511187
0.0415625 0.1482485110795997
0.0421875 0.1482869749934675
0.0428125 0.1483257013807166
0.0434375 0.1483646900742541
0.0440625 0.1484039406689524
0.0446875 0.1484434523962246
0.0453125 0.1484832240760486
0.0459375 0.1485232541538956
0.0465625 0.1485635408186498
0.0471875 0.1486040821999083
0.0478125 0.1486448766673483
0.0484375 0.1486859232827664
0.0490625 0.1487272224265354
0.0496875 0.148768776459275
0.0503125 0.1488105899945712
0.0509375 0.1488526691587361
0.0515625 0.1488950195136177
0.0521875 0.1489376434460137
0.0528125 0.1489805393482401
0.0534375 0.1490237056557709
0.0540625 0.1490671501295426
0.0546875 0.1491109003886703
0.0553125 0.1491549968471017
0.0559375 0.1491994184810794
0.0565625 0.149244050210697
0.0571875 0.1492888342554206
0.0578125 0.1493338407633923
0.0584375 0.1493790778556641
0.0590625 0.1494244741003439
0.0596875 0.1494699943705633
0.0603125 0.1495156078895762
0.0609375 0.1495612892124837
0.0615625 0.1496070201986304
0.0621875 0.14965279057004
0.06281250000000001 0.1496985972955227
0.06343750000000001 0.1497444443200401
0.06406250000000001 0.1497903421456278
0.06468750000000001 0.1498363070737631
0.06531250000000001 0.1498823604747017
0.06593750000000001 0.1499285276896105
0.06656250000000001 0.1499748364820688
0.06718750000000001 0.1500213150156808
0.06781250000000001 0.1500679896453
0.06843750000000001 0.1501148828445092
0.06906250000000001 0.1501620115836482
0.06968750000000001 0.150209386361841
0.07031250000000001 0.1502570109653533
0.07093750000000001 0.1503048829174085
0.07156250000000001 0.1503529945151768
0.0721875 0.1504013343098778
0.0728125 0.150449888860873
0.0734375 0.1504986445794356
0.0740625 0.1505475894732028
0.0746875 0.1505967146117187
0.0753125 0.1506460151558917
0.0759375 0.1506954908280148
0.07656250000000001 0.1507451457433253
0.07718750000000001 0.150794987580408
0.07781250000000001 0.1508450261381505
0.07843750000000001 0.1508952714101151
0.07906250000000001 0.1509457313933674
0.07968750000000001 0.150996409916445
0.08031250000000001 0.151047304788629
0.08093750000000001 0.151098406508628
0.08156250000000001 0.1511496976136206
0.08218750000000001 0.1512011525302455
0.08281250000000001 0.1512527375925529
0.08343750000000001 0.1513044108394986
0.08406250000000001 0.151356121398327
0.08468750000000001 0.1514078087039572
0.08531250000000001 0.1514594023456309
0.08593750000000001 0.1515108236786204
0.08656250000000001 0.151561990180837
0.08718750000000001 0.1516128227351222
0.0878125 0.1516632547730355
0.0884375 0.1517132410547569
0.0890625 0.1517627634333225
0.0896875 0.1518118316745586
0.0903125 0.1518604791477604
0.0909375 0.1519087552501127
0.0915625 0.1519567177841663
0.09218750000000001 0.1520044284250232
0.09281250000000001 0.1520519528442394
0.09343750000000001 0.1520993647349361
0.09406250000000001 0.152146751054463
0.09468750000000001 0.1521942152052987
0.09531250000000001 0.1522418758350604
0.09593750000000001 0.1522898608750086
0.09656250000000001 0.1523382983447649
0.09718750000000001 0.1523873064667148
0.09781250000000001 0.1524369854664285
0.09843750000000001 0.1524874124144573
0.09906250000000001 0.1525386392407389
0.09968750000000001 0.1525906931918842
0.1003125 0.1526435787268226
0.1009375 0.1526972800348408
0.1015625 0.1527517637256763
0.1021875 0.1528069815399661
0.1028125 0.1528628730627846
0.1034375 0.1529193684254455
0.1040625 0.1529763909333762
0.1046875 0.1530338595242848
0.1053125 0.1530916909625501
0.1059375 0.1531498017045148
0.1065625 0.1532081094084958
0.1071875 0.1532665341005204
0.1078125 0.1533249990360661
0.1084375 0.1533834313172645
0.1090625 0.1534417623336082
0.1096875 0.1534999280927844
0.1103125 0.1535578694983994
0.1109375 0.153615532615488
0.1115625 0.153672868945852
0.1121875 0.1537298357169063
0.1128125 0.1537863961732311
0.1134375 0.1538425198520462
0.1140625 0.1538981828232067
0.1146875 0.1539533678797722
0.1153125 0.154008064673413
0.1159375 0.1540622697957404
0.1165625 0.1541159868084779
0.1171875 0.1541692262206676
0.1178125 0.1542220054009066
0.1184375 0.1542743484004285
0.1190625 0.1543262856533527
0.1196875 0.154377853517862
0.1203125 0.1544290936287886
0.1209375 0.1544800520477474
0.1215625 0.1545307782187086
0.1221875 0.1545813237602316
0.1228125 0.1546317411456892
0.1234375 0.1546820823358609
0.1240625 0.1547323974323427
0.1246875 0.1547827334155807
0.1253125 0.1548331330202037
0.1259375 0.1548836337860428
0.1265625 0.1549342673092638
0.1271875 0.1549850587069864
0.1278125 0.1550360263016597
0.1284375 0.1550871815276505
0.1290625 0.1551385290599946
0.1296875 0.1551900671616522
0.1303125 0.1552417882389868
0.1309375 0.1552936795850044
0.1315625 0.1553457242772596
0.1321875 0.1553979021847395
0.1328125 0.1554501910285691
0.1334375 0.1555025674376987
0.1340625 0.1555550079441702
0.1346875 0.1556074898727245
0.1353125 0.1556599920944247
0.1359375 0.1557124956306581
0.1365625 0.1557649841093089
0.1371875 0.1558174440865568
0.1378125 0.1558698652543411
0.1384375 0.1559222405548535
0.1390625 0.1559745662204565
0.1396875 0.1560268417518318
0.1403125 0.1560790698409187
0.1409375 0.1561312562400673
0.1415625 0.1561834095758924
0.1421875 0.1562355411057752
0.1428125 0.1562876644161567
0.1434375 0.1563397950635623
0.1440625 0.1563919501606358
0.1446875 0.1564441479098984
0.1453125 0.1564964070878972
0.1459375 0.1565487464829522
0.1465625 0.1566011842921349
0.1471875 0.1566537374882001
0.1478125 0.15670642117478
0.1484375 0.1567592479569358
0.1490625 0.1568122273620624
0.1496875 0.1568653653508325
0.1503125 0.1569186639575547
0.1509375 0.1569721210932639
0.1515625 0.1570257305335891
0.1521875 0.1570794820986197
0.1528125 0.1571333620159293
0.1534375 0.1571873534430249
0.1540625 0.1572414371136991
0.1546875 0.1572955920652278
0.1553125 0.1573497964003158
0.1559375 0.1574040280386859
0.1565625 0.1574582654173089
0.1571875 0.1575124881044866
0.1578125 0.157566677300515
0.1584375 0.1576208162059573
0.1590625 0.1576748902474156
0.1596875 0.1577288871599886
0.1603125 0.1577827969350993
0.1609375 0.1578366116515476
0.1615625 0.1578903252156328
0.1621875 0.1579439330418971
0.1628125 0.1579974317084439
0.1634375 0.1580508186192327
0.1640625 0.158104091700327
0.1646875 0.1581572491487295
0.1653125 0.1582102892429215
0.1659375 0.1582632102156489
0.1665625 0.1583160101838409
0.1671875 0.1583686871289194
0.1678125 0.1584212389230268
0.1684375 0.158473663401258
0.1690625 0.1585259584841175
0.1696875 0.1585781223549859
0.1703125 0.1586301536919773
0.1709375 0.1586820519418567
0.1715625 0.1587338176083611
0.1721875 0.1587854525139552
0.1728125 0.1588369599894326
0.1734375 0.1588883449544738
0.1740625 0.1589396138737599
0.1746875 0.1589907746012257
0.1753125 0.15904183614972
0.1759375 0.1590928084356477
0.1765625 0.1591437020433468
0.1771875 0.1591945280337808
0.1778125 0.1592452977954964
0.1784375 0.1592960229167432
0.1790625 0.1593467150580783
0.1796875 0.1593973858237841
0.1803125 0.1594480466505894
0.1809375 0.159498708733114
0.1815625 0.1595493829861583
0.1821875 0.1596000800269564
0.1828125 0.1596508101648745
0.1834375 0.1597015833996964
0.1840625 0.1597524094239535
0.1846875 0.1598032976001945
0.1853125 0.1598542568795624
0.1859375 0.1599052956668247
0.1865625 0.1599564216818392
0.1871875 0.1600076418623017
0.1878125 0.1600589623021532
0.1884375 0.1601103881883608
0.1890625 0.1601619237231694
0.1896875 0.1602135720635789
0.1903125 0.1602653353208927
0.1909375 0.1603172146345664
0.1915625 0.1603692102986582
0.1921875 0.1604213219023254
0.1928125 0.1604735484529533
0.1934375 0.160525888471531
0.1940625 0.1605783400659233
0.1946875 0.1606309009867005
0.1953125 0.1606835686612538
0.1959375 0.1607363402016358
0.1965625 0.1607892123899275
0.1971875 0.1608421816481528
0.1978125 0.1608952439921608
0.1984375 0.1609483949610739
0.1990625 0.1610016295193972
0.1996875 0.1610549419468147
0.2003125 0.1611083257441147
0.2009375 0.1611617735770209
0.2015625 0.1612152772568137
0.2021875 0.1612688277384628
0.2028125 0.1613224151208823
0.2034375 0.1613760286566037
0.2040625 0.1614296567997157
0.2046875 0.1614832873240647
0.2053125 0.1615369075282785
0.2059375 0.1615905045238165
0.2065625 0.1616440655898912
0.2071875 0.1616975785764845
0.2078125 0.1617510323359576
0.2084375 0.1618044171568704
0.2090625 0.1618577251607426
0.2096875 0.1619109506135216
0.2103125 0.161964090111328
0.2109375 0.1620171426258525
0.2115625 0.162070109416994
0.2121875 0.1621229938288649
0.2128125 0.1621758009792716
0.2134375 0.1622285373608043
0.2140625 0.1622812102517677
0.2146875 0.1623338269462734
0.2153125 0.1623863955263571
0.2159375 0.1624389283288509
0.2165625 0.1624914397432015
0.2171875 0.1625439211026797
0.2178125 0.1625963812515877
0.2184375 0.1626488504602898
0.2190625 0.1627013164977756
0.2196875 0.1627537873336548
0.2203125 0.1628062687665796
0.2209375 0.1628587630177482
0.2215625 0.1629112721214016
0.2221875 0.1629637968919234
0.2228125 0.1630163370142345
0.2234375 0.1630688914688473
0.2240625 0.1631214587858369
0.2246875 0.1631740373137189
0.2253125 0.1632266255748105
0.2259375 0.1632792226652245
0.2265625 0.1633318285454793
0.2271875 0.1633844442373298
0.2278125 0.1634370719233824
0.2284375 0.1634897149350062
0.2290625 0.1635423776193771
0.2296875 0.1635950650908345
0.2303125 0.1636477828915527
0.2309375 0.1637005365913644
0.2315625 0.1637533313603307
0.2321875 0.163806171547742
0.2328125 0.1638590602977336
0.2334375 0.1639119992273815
0.2340625 0.1639649881889915
0.2346875 0.1640180251347207
0.2353125 0.164071106097314
0.2359375 0.1641242252951726
0.2365625 0.1641773753635927
0.2371875 0.1642305477071821
0.2378125 0.1642837329612888
0.2384375 0.1643369215425084
0.2390625 0.1643901042598952
0.2396875 0.1644432729498024
0.2403125 0.1644964210894066
0.2409375 0.16454954433854
0.2415625 0.1646026409582129
0.2421875 0.1646557120585659
0.2428125 0.1647087616396212
0.2434375 0.1647617964048583
0.2440625 0.164814825349074
0.2446875 0.1648678591460768
0.2453125 0.164920909385597
0.2459375 0.1649739877289716
0.2465625 0.1650271050661906
0.2471875 0.16508027075991
0.2478125 0.1651334920534465
0.2484375 0.1651867736999542
0.2490625 0.1652401178414551
0.2496875 0.1652935241335162
0.2503125 0.1653469900795917
0.2509375 0.165400511513742
0.2515625 0.1654540831558554
0.2521875 0.1655076991618034
0.2528125 0.1655613536019492
0.2534375 0.1656150408225417
0.2540625 0.1656687556714374
0.2546875 0.1657224935970769
0.2553125 0.1657762506525027
0.2559375 0.1658300234502877
0.2565625 0.1658838091171693
0.2571875 0.1659376052888374
0.2578125 0.1659914101679056
0.2584375 0.1660452226457288
0.2590625 0.1660990424665755
0.2596875 0.1661528703958311
0.2603125 0.166206708346208
0.2609375 0.1662605594190579
0.2615625 0.1663144278309329
0.2621875 0.1663683187153543
0.2628125 0.1664222378117112
0.2634375 0.1664761910724112
0.2640625 0.1665301842318905
0.2646875 0.1665842223847216
0.2653125 0.1666383096149374
0.2659375 0.1666924487070061
0.2665625 0.1667466409541495
0.2671875 0.1668008860658401
0.2678125 0.1668551821665764
0.2684375 0.166909525874243
0.2690625 0.1669639124484064
0.2696875 0.1670183360049227
0.2703125 0.1670727898001113
0.2709375 0.1671272665919511
0.2715625 0.1671817590843302
0.2721875 0.1672362604517224
0.2728125 0.16729076492611
0.2734375 0.167345268407792
0.2740625 0.1673997690408662
0.2746875 0.1674542676775017
0.2753125 0.1675087681474871
0.2759375 0.1675632772548095
0.2765625 0.1676178044431663
0.2771875 0.1676723611068346
0.2778125 0.1677269595689903
0.2784375 0.1677816118005956
0.2790625 0.1678363280017464
0.2796875 0.1678911152054089
0.2803125 0.1679459760829078
0.2809375 0.1680009081254894
0.2815625 0.1680559033443045
0.2821875 0.1681109485741194
0.2828125 0.1681660263903901
0.2834375 0.1682211165654852
0.2840625 0.1682761979107243
0.2846875 0.1683312502898102
0.2853125 0.168386256557276
0.2859375 0.1684412041794685
0.2865625 0.1684960863360477
0.2871875 0.168550902371316
0.2878125 0.1686056575556316
0.2884375 0.1686603622128932
0.2890625 0.1687150303549891
0.2896875 0.1687696780247069
0.2903125 0.1688243215760247
0.2909375 0.1688789761122288
0.2915625 0.1689336542615615
0.2921875 0.1689883654060987
0.2928125 0.1690431154046126
0.2934375 0.169097906777342
0.2940625 0.1691527392611822
0.2946875 0.1692076106053751
0.2953125 0.1692625174632698
0.2959375 0.169317456243482
0.2965625 0.1693724238087121
0.2971875 0.1694274179456644
0.2978125 0.1694824375679383
0.2984375 0.16953748264979
0.2990625 0.1695925539186792
0.2996875 0.1696476523570486
0.3003125 0.1697027785788582
0.3009375 0.1697579321547498
0.3015625 0.1698131109620241
0.3021875 0.1698683106320937
0.3028125 0.1699235241585597
0.3034375 0.169978741713476
0.3040625 0.1700339506983513
0.3046875 0.1700891360318413
0.3053125 0.1701442806510207
0.3059375 0.1701993661815667
0.3065625 0.1702543737180566
0.3071875 0.1703092846516535
0.3078125 0.1703640814894272
0.3084375 0.1704187486255296
0.3090625 0.1704732730451785
0.3096875 0.1705276449621886
0.3103125 0.1705818584038774
0.3109375 0.1706359117593506
0.3115625 0.170689808297005
0.3121875 0.170743556636555
0.3128125 0.1707971711351143
0.3134375 0.1708506721229933
0.3140625 0.1709040859103734
0.3146875 0.170957444486774
0.3153125 0.1710107848539644
0.3159375 0.1710641479684118
0.3165625 0.1711175773162796
0.3171875 0.1711711171943355
0.3178125 0.1712248108146763
0.3184375 0.1712786983815994
0.3190625 0.1713328152995877
0.3196875 0.1713871906603688
0.3203125 0.1714418461265946
0.3209375 0.1714967952855052
0.3215625 0.171552043495695
0.3221875 0.1716075882018098
0.3228125 0.1716634196524322
0.3234375 0.1717195219298115
0.3240625 0.1717758741878148
0.3246875 0.1718324519951221
0.3253125 0.1718892286910245
0.3259375 0.1719461766771528
0.3265625 0.1720032685863371
0.3271875 0.1720604782868436
0.3278125 0.1721177816951345
0.3284375 0.1721751573828695
0.3290625 0.1722325869747236
0.3296875 0.1722900553434477
0.3303125 0.1723475506178493
0.3309375 0.1724050640278128
0.3315625 0.1724625896173533
0.3321875 0.172520123860996
0.3328125 0.1725776652196197
0.3334375 0.1726352136689467
0.3340625 0.1726927702275232
0.3346875 0.1727503365024558
0.3353125 0.1728079142620549
0.3359375 0.1728655050367011
0.3365625 0.172923109744271
0.3371875 0.1729807283352348
0.3378125 0.1730383594551583
0.3384375 0.1730960001280165
0.3390625 0.1731536454710239
0.3396875 0.1732112884587906
0.3403125 0.173268919759754
0.3409375 0.1733265276696048
0.3415625 0.1733840981640312
0.3421875 0.1734416150865239
0.3428125 0.1734990604769282
0.3434375 0.1735564150342008
0.3440625 0.1736136586941054
0.3446875 0.1736707712911186
0.3453125 0.1737277332651966
0.3459375 0.1737845263694097
0.3465625 0.1738411343343408
0.3471875 0.1738975434494471
0.3478125 0.1739537430295656
0.3484375 0.1740097257451466
0.3490625 0.1740654878061258
0.3496875 0.1741210290000622
0.3503125 0.174176352594022
0.3509375 0.1742314651159405
0.3515625 0.1742863760347001
0.3521875 0.1743410973594244
0.3528125 0.1743956431784447
0.3534375 0.1744500291581517
0.3540625 0.1745042720224221
0.3546875 0.1745583890348782
0.3553125 0.1746123975085458
0.3559375 0.1746663143693668
0.3565625 0.1747201557998599
0.3571875 0.1747739369852335
0.3578125 0.1748276719752448
0.3584375 0.1748813736609259
0.3590625 0.1749350538473446
0.3596875 0.1749887233847406
0.3603125 0.1750423923047549
0.3609375 0.1750960699004915
0.3615625 0.1751497646925507
0.3621875 0.1752034842398614
0.3628125 0.1752572347833468
0.3634375 0.1753110207483583
0.3640625 0.1753648441718846
0.3646875 0.1754187041546089
0.3653125 0.1754725964577046
0.3659375 0.1755265133633913
0.3665625 0.1755804438937131
0.3671875 0.1756343744353104
0.3678125 0.17568828975538
0.3684375 0.175742174325697
0.3690625 0.1757960138097132
0.3696875 0.1758497965243492
0.3703125 0.1759035146724548
0.3709375 0.1759571651586731
0.3715625 0.1760107498495111
0.3721875 0.1760642752109702
0.3728125 0.1761177513427933
0.3734375 0.1761711905134496
0.3740625 0.1762246053706493
0.3746875 0.1762780070472519
0.3753125 0.1763314033950841
0.3759375 0.1763847975581555
0.3765625 0.1764381870462408
0.3771875 0.1764915633985909
0.3778125 0.176544912447278
0.3784375 0.1765982151127873
0.3790625 0.1766514486020147
0.3796875 0.1767045878388703
0.3803125 0.1767576069441779
0.3809375 0.1768104805941071
0.3815625 0.1768631851207209
0.3821875 0.176915699267305
0.3828125 0.1769680045664997
0.3834375 0.1770200853624558
0.3840625 0.1770719285421124
0.3846875 0.1771235230702443
0.3853125 0.1771748594357162
0.3859375 0.17722592911258
0.3865625 0.177276724121668
0.3871875 0.1773272367502733
0.3878125 0.1773774594543669
0.3884375 0.1774273849348225
0.3890625 0.1774770063509832
0.3896875 0.1775263176152603
0.3903125 0.1775753137034498
0.3909375 0.1776239909175917
0.3915625 0.1776723470503563
0.3921875 0.1777203814196153
0.3928125 0.1777680947655522
0.3934375 0.1778154890264506
0.3940625 0.1778625670293736
0.3946875 0.1779093321451785
0.3953125 0.1779557879617041
0.3959375 0.1780019380239619
0.3965625 0.1780477856766687
0.3971875 0.1780933340247861
0.3978125 0.1781385860051708
0.3984375 0.1781835445408078
0.3990625 0.1782282127321009
0.3996875 0.1782725940303532
0.4003125 0.1783166923387376
0.4009375 0.1783605119960677
0.4015625 0.1784040576173091
0.4021875 0.1784473337893737
0.4028125 0.1784903446476342
0.4034375 0.1785330933836176
0.4040625 0.1785755817534527
0.4046875 0.17861780966657
0.4053125 0.1786597749328333
0.4059375 0.1787014732332829
0.4065625 0.1787428983562169
0.4071875 0.1787840427092465
0.4078125 0.1788248980832227
0.4084375 0.178865456610187
0.4090625 0.1789057118293624
0.4096875 0.1789456597565945
0.4103125 0.1789852998462327
0.4109375 0.1790246357412192
0.4115625 0.1790636757263777
0.4121875 0.1791024328291661
0.4128125 0.1791409245478622
0.4134375 0.1791791722249292
0.4140625 0.1792172001187134
0.4146875 0.1792550342556736
0.4153125 0.1792927011649667
0.4159375 0.1793302266055976
0.4165625 0.1793676343930329
0.4171875 0.1794049454180731
0.4178125 0.1794421769279415
0.4184375 0.1794793421109424
0.4190625 0.1795164499951098
0.4196875 0.1795535056415639
0.4203125 0.179590510587975
0.4209375 0.1796274634790281
0.4215625 0.1796643608104663
0.4221875 0.1797011977113689
0.4228125 0.1797379686949056
0.4234375 0.1797746683191205
0.4240625 0.1798112917141177
0.4246875 0.17984783494803
0.4253125 0.1798842952194269
0.4259375 0.179920670877055
0.4265625 0.1799569612784328
0.4271875 0.1799931665069634
0.4278125 0.1800292869734106
0.4284375 0.1800653229325222
0.4290625 0.1801012739498094
0.4296875 0.180137138357193
0.4303125 0.1801729127391381
0.4309375 0.1802085914923514
0.4315625 0.1802441665012337
0.4321875 0.1802796269672051
0.4328125 0.1803149594222093
0.4334375 0.1803501479451243
0.4340625 0.1803851745850719
0.4346875 0.1804200199789868
0.4353125 0.1804546641340168
0.4359375 0.1804890873303414
0.4365625 0.1805232710886917
0.4371875 0.1805571991406354
0.4378125 0.1805908583392665
0.4384375 0.1806242394531781
0.4390625 0.1806573377965423
0.4396875 0.1806901536612291
0.4403125 0.1807226925313185
0.4409375 0.1807549650743364
0.4415625 0.1807869869157144
0.4421875 0.1808187782125565
0.4428125 0.1808503630496611
0.4434375 0.180881768685275
0.4440625 0.1809130246769167
0.4446875 0.1809441619195505
0.4453125 0.1809752116299837
0.4459375 0.1810062043129107
0.4465625 0.1810371687455472
0.4471875 0.1810681310190148
0.4478125 0.1810991136751097
0.4484375 0.1811301349762262
0.4490625 0.1811612083433788
0.4496875 0.1811923419918505
0.4503125 0.1812235387855416
0.4509375 0.1812547963194794
0.4515625 0.1812861072255903
0.4521875 0.1813174596808654
0.4528125 0.1813488380812547
0.4534375 0.1813802238313345
0.4540625 0.1814115961913422
0.4546875 0.1814429331214286
0.4553125 0.1814742120687172
0.4559375 0.1815054106553514
0.4565625 0.1815365072430848
0.4571875 0.1815674813690077
0.4578125 0.1815983140642392
0.4584375 0.181628988079818
0.4590625 0.1816594880497866
0.4596875 0.1816898006203063
0.4603125 0.1817199145668557
0.4609375 0.1817498209115432
0.4615625 0.1817795130421063
0.4621875 0.1818089868257607
0.4628125 0.1818382407062592
0.4634375 0.1818672757717493
0.4640625 0.1818960957835413
0.4646875 0.1819247071603087
0.4653125 0.1819531189168208
0.4659375 0.1819813425596206
0.4665625 0.1820093919432801
0.4671875 0.1820372830898745
0.4678125 0.182065033971738
0.4684375 0.1820926642544247
0.4690625 0.1821201949943313
0.4696875 0.182147648284679
0.4703125 0.1821750468451845
0.4709375 0.1822024135549101
0.4715625 0.1822297709340864
0.4721875 0.1822571405882988
0.4728125 0.1822845426361531
0.4734375 0.1823119951481381
0.4740625 0.1823395136286651
0.4746875 0.1823671105742914
0.4753125 0.182394795138404
0.4759375 0.1824225729261921
0.4765625 0.182450445934155
0.4771875 0.1824784126368132
0.4778125 0.1825064682112237
0.4784375 0.1825346048790431
0.4790625 0.1825628123377686
0.4796875 0.1825910782484834
0.4803125 0.1826193887472765
0.4809375 0.1826477289509819
0.4815625 0.1826760834337574
0.4821875 0.1827044366577001
0.4828125 0.1827327733466751
0.4834375 0.1827610787969109
0.4840625 0.1827893391206423
0.4846875 0.1828175414208908
0.4853125 0.1828456738975359
0.4859375 0.1828737258881628
0.4865625 0.182901687852091
0.4871875 0.1829295513119225
0.4878125 0.1829573087725251
0.4884375 0.1829849536409457
0.4890625 0.183012480171008
0.4896875 0.1830398834527798
0.4903125 0.1830671594600985
0.4909375 0.183094305160091
0.4915625 0.1831213186785382
0.4921875 0.183148199505422
0.4928125 0.183174948717148
0.4934375 0.1832015691866591
0.4940625 0.1832280657507391
0.4946875 0.1832544453059309
0.4953125 0.183280716811095
0.4959375 0.1833068911853922
0.4965625 0.183332981104072
0.4971875 0.1833590007084216
0.4978125 0.1833849652575056
0.4984375 0.1834108907549764
0.4990625 0.1834367935826052
0.4996875 0.1834626901635349
0.5003124999999999 0.1834885966650301
0.5009374999999999 0.183514528736588
0.5015624999999999 0.183540501268959
0.5021875 0.1835665281561049
0.5028125 0.1835926220464937
0.5034375 0.1836187940809373
0.5040625 0.1836450536279094
0.5046875 0.1836714080393883
0.5053124999999999 0.1836978624567335
0.5059374999999999 0.1837244196946408
0.5065624999999999 0.1837510802220714
0.5071875 0.1837778422448926
0.5078125 0.1838047018799924
0.5084375 0.1838316533991437
0.5090625 0.1838586895157638
0.5096875 0.183885801689456
0.5103124999999999 0.1839129804298548
0.5109374999999999 0.183940215589382
0.5115624999999999 0.1839674966406604
0.5121874999999999 0.1839948129367663
0.5128125 0.1840221539516726
0.5134375 0.1840495094963621
0.5140625 0.1840768699056164
0.5146875 0.1841042261926332
0.5153125 0.1841315701725811
0.5159374999999999 0.1841588945597395
0.5165624999999999 0.18418619304379
0.5171874999999999 0.1842134603484084
0.5178125 0.184240692270878
0.5184375 0.1842678856976144
0.5190625 0.1842950385896089
0.5196875 0.1843221499346149
0.5203125 0.1843492196681853
0.5209374999999999 0.1843762485710053
0.5215624999999999 0.1844032381531692
0.5221874999999999 0.184430190536298
0.5228125 0.1844571083424219
0.5234375 0.1844839945958182
0.5240625 0.1845108526415658
0.5246875 0.1845376860824053
0.5253125 0.1845644987329186
0.5259374999999999 0.184591294586992
0.5265624999999999 0.1846180777924723
0.5271874999999999 0.1846448526282509
0.5278124999999999 0.1846716234848407
0.5284375 0.184698394857441
0.5290625 0.1847251713647625
0.5296875 0.1847519578020852
0.5303125 0.1847787592232359
0.5309375 0.1848055810314845
0.5315624999999999 0.184832429055817
0.5321874999999999 0.1848593096035899
0.5328124999999999 0.1848862295071709
0.5334375 0.1849131962025648
0.5340625 0.1849402178731143
0.5346875 0.1849673036563519
0.5353125 0.1849944638638112
0.5359375 0.1850217101325532
0.5365624999999999 0.185049055437163
0.5371874999999999 0.1850765139402986
0.5378124999999999 0.185104100717935
0.5384375 0.1851318314204807
0.5390625 0.1851597218989305
0.5396875 0.1851877877505796
0.5403125 0.1852160436693579
0.5409375 0.1852445024709256
0.5415624999999999 0.1852731737150661
0.5421874999999999 0.1853020619299587
0.5428124999999999 0.1853311644936791
0.5434375 0.1853604692153762
0.5440625 0.1853899516129211
0.5446875 0.1854195718813529
0.5453125 0.185449271641946
0.5459375 0.1854789707276606
0.5465625 0.1855085643974735
0.5471874999999999 0.1855379213986394
0.5478124999999999 0.1855668832306222
0.5484374999999999 0.1855952648826786
0.5490625 0.1856228572253367
0.5496875 0.185649431065567
0.5503125 0.1856747426540299
0.5509375 0.1856985403300386
0.5515625 0.1857205720350661
0.5521874999999999 0.185740593389357
0.5528124999999999 0.1857583759459998
0.5534374999999999 0.1857737156742336
0.5540625 0.1857864425735945
0.5546875 0.1857964319958594
0.5553125 0.1858036163952859
0.5559375 0.1858079965538003
0.5565625 0.185809656159249
0.5571874999999999 0.1858087852289466
0.5578124999999999 0.1858057082313293
0.5584374999999999 0.1858009061087224
0.5590625 0.1857950430706123
0.5596875 0.1857890320565213
0.5603125 0.1857841378476793
0.5609375 0.1857820539513491
0.5615625 0.1857849370755515
0.5621875 0.1857956111373229
0.5628124999999999 0.1858178989078595
0.5634374999999999 0.185856589176455
0.5640624999999999 0.1859141000054706
0.5646875 0.1860032548636261
0.5653125 0.1861417515140228
0.5659375 0.1863437521340347
0.5665625 0.1866246576023973
0.5671875 0.1870009267378054
0.5678124999999999 0.1874915881611095
0.5684374999999999 0.1881255508680478
0.5690624999999999 0.1888918130589296
0.5696875 0.1897990582429825
0.5703125 0.1908905595181918
0.5709375 0.1921994495495494
0.5715625 0.1937533765905079
0.5721875 0.1955829620739375
0.5728124999999999 0.1977215427778422
0.5734374999999999 0.2002044546282608
0.5740624999999999 0.203069897172533
0.5746875 0.2063589638299304
0.5753125 0.2101161587580213
0.5759375 0.2143895916996261
0.5765625 0.2192313056983518
0.5771875 0.2246975720930214
0.5778125 0.2308491465288415
0.5784374999999999 0.2377514874146717
0.5790624999999999 0.2454749039995441
0.5796874999999999 0.2540946623804842
0.5803125 0.2636910188113812
0.5809375 0.2743491846982402
0.5815625 0.2861592105967772
0.5821875 0.2992157897267609
0.5828125 0.3136179745388333
0.5834374999999999 0.3294687945382178
0.5840624999999999 0.3468747543230602
0.5846874999999999 0.3659451755575278
0.5853125 0.3867913255152442
0.5859375 0.4095252485356652
0.5865625 0.4342581901073898
0.5871875 0.461098484010534
0.5878125 0.4901487746559292
0.5884374999999999 0.521502486157432
0.5890624999999999 0.5552395342985054
0.5896874999999999 0.5914214166074294
0.5903125 0.6300860293392151
0.5909375 0.6712426944527952
0.5915625 0.7148675516206703
0.5921875 0.7608994229570706
0.5928125 0.8092382235025792
0.5934375 0.8597420598203243
0.5940624999999999 0.9122014792945019
0.5946874999999999 0.966355873980303
0.5953124999999999 1.021797142761574
0.5959375 1.079028861776896
0.5965625 1.138217606343715
0.5971875 1.198724366574162
0.5978125 1.259979442579057
0.5984375 1.32158008433631
0.5990624999999999 1.383144744910445
0.5996874999999999 1.444291146323677
0.6003124999999999 1.504648837043886
0.6009375 1.563864324552878
0.6015625 1.621602208198208
0.6021875 1.67754685785609
0.6028125 1.731404091365033
0.6034375 1.782900726099826
0.6040624999999999 1.831780486632624
0.6046874999999999 1.877796358349401
0.6053124999999999 1.920701818686938
0.6059375 1.960244752256162
0.6065625 1.996163545084272
0.6071875 2.028188612399907
0.6078125 2.056078212180928
0.6084375 2.079886108073424
0.6090625 2.099736753803522
0.6096874999999999 2.115566183953591
0.6103124999999999 2.127521502199352
0.6109374999999999 2.135997634617284
0.6115625 2.141535604250877
0.6121875 2.144747498756344
0.6128125 2.14625311521097
0.6134375 2.146613987086313
0.6140625 2.146276454001537
0.6146874999999999 2.14553830801521
0.6153124999999999 2.144545397645647
0.6159374999999999 2.143316002976551
0.6165625 2.141784509132532
0.6171875 2.139852673042763
0.6178125 2.13743996550939
0.6184375 2.134517049769004
0.6190625 2.131278110667036
0.6196874999999999 2.127962798791065
0.6203124999999999 2.124694766836175
0.6209374999999999 2.121621169950334
0.6215625 2.118984601063047
0.6221875 2.117108751638039
0.6228125 2.116093846409163
0.6234375 2.116012277113362
0.6240625 2.116867149821978
0.6246875 2.118587373129881
0.6253124999999999 2.121046653273587
0.6259374999999999 2.124082500432605
0.6265624999999999 2.127515587114768
0.6271875 2.131172512988873
0.6278125 2.134907704557904
0.6284375 2.138617767900827
0.6290625 2.142244706473444
0.6296875 2.145768905250878
0.6303124999999999 2.149195872093029
0.6309374999999999 2.152541592439041
0.6315624999999999 2.15582042792257
0.6321875 2.159037707093448
0.6328125 2.162187369373529
0.6334375 2.165253727360767
0.6340625 2.168215757754516
0.6346875 2.171052254723917
0.6353124999999999 2.173746519273081
0.6359374999999999 2.176289807486758
0.6365624999999999 2.178683300683696
0.6371875 2.180938714924574
0.6378125 2.183077776169295
0.6384375 2.185130728329284
0.6390625 2.187133904000252
0.6396875 2.189126122170876
0.6403125 2.191143561836815
0.6409374999999999 2.193214773001926
0.6415624999999999 2.195363649456135
0.6421874999999999 2.197627011555094
0.6428125 2.200046423741797
0.6434375 2.202515751038667
0.6440625 2.204608114925336
0.6446875 2.206440491928527
0.6453125 2.210988580241744
0.6459374999999999 2.272845335768722
0.6465624999999999 2.886233695214702
0.6471874999999999 4.450017167842992
0.6478125 5.216358982264675
0.6484375 5.275768105739913
0.6490625 5.272907873861349
0.6496875 5.268431362448492
0.6503125 5.26583890822294
0.6509374999999999 5.261293055308055
0.6515624999999999 5.256802377454282
0.6521874999999999 5.251533969495005
0.6528125 5.244103733037948
0.6534375 5.234736014881446
0.6540625 5.223783729322762
0.6546875 5.211154362283172
0.6553125 5.196853300290228
0.6559375 5.181163353719087
0.6565624999999999 5.164413486255733
0.6571874999999999 5.146832880192322
0.6578124999999999 5.128563685598678
0.6584375 5.109696902750707
0.6590625 5.090290496784539
0.6596875 5.070387474424337
0.6603125 5.050028908954949
0.6609375 5.029253475999016
0.6615624999999999 5.008094555956296
0.6621874999999999 4.986585082071165
0.6628124999999999 4.964765594580559
0.6634375 4.94268770228118
0.6640625 4.920412255938926
0.6646875 4.898005349086636
0.6653125 4.875533334617319
0.6659375 4.853056184056321
0.6665624999999999 4.830619361758544
0.6671874999999999 4.808246228035116
0.6678124999999999 4.7859339469259
0.6684375 4.763655329792306
0.6690625 4.741367040876124
0.6696875 4.719021930913754
0.6703125 4.696581468047303
0.6709375 4.674024341663545
0.6715625 4.651349001934449
0.6721874999999999 4.628570261513397
0.6728124999999999 4.605712646658263
0.6734374999999999 4.582805138164142
0.6740625 4.559881404803983
0.6746875 4.536986325255126
0.6753125 4.514187144458717
0.6759375 4.491586509723771
0.6765625 4.469327498832175
0.6771874999999999 4.447576468317918
0.6778124999999999 4.426502061658922
0.6784374999999999 4.406314962631901
0.6790625 4.387343852726088
0.6796875 4.369908162421096
0.6803125 4.354266845697232
0.6809375 4.339860154333363
0.6815625 4.326904242565976
0.6821874999999999 4.31568949502309
0.6828124999999999 4.305980399222996
0.6834374999999999 4.297584561575634
0.6840625 4.290417602196263
0.6846875 4.284405205829698
0.6853125 4.279461508591039
0.6859375 4.275494536224321
0.6865625 4.272404133809269
0.6871875 4.270069210830389
0.6878124999999999 4.268336753340071
0.6884374999999999 4.267023288192652
0.6890624999999999 4.265929296335527
0.6896875 4.264859769918464
0.6903125 4.263643508559291
0.6909375 4.26214683881745
0.6915625 4.260280272717591
0.6921875 4.257997905516875
0.6928124999999999 4.255290017976796
0.6934374999999999 4.25217044891837
0.6940624999999999 4.248661754749977
0.6946875 4.24478202850024
0.6953125 4.240536742865958
0.6959375 4.235917207686558
0.6965625 4.230905032463822
0.6971875 4.225480310784987
0.6978124999999999 4.219630608725278
0.6984374999999999 4.213358188162181
0.6990624999999999 4.206683829877196
0.6996875 4.199646704637214
0.7003125 4.192300677111288
0.7009375 4.184708077390466
0.7015625 4.17693229616248
0.7021875 4.169030564141898
0.7028125 4.161048022123689
0.7034374999999999 4.153013780393922
0.7040624999999999 4.144939236832853
0.7046874999999999 4.13681858347099
0.7053125 4.128631227578795
0.7059375 4.120345753007865
0.7065625 4.111924971199295
0.7071875 4.103331494083277
0.7078125 4.094533105613267
0.7084374999999999 4.085507094916194
0.7090624999999999 4.076242755238096
0.7096874999999999 4.066741522191903
0.7103125 4.057014699741783
0.7109375 4.047079283364404
0.7115625 4.036952871962801
0.7121875 4.026648918005981
0.7128125 4.016173508362922
0.7134374999999999 4.005524463888098
0.7140624999999999 3.994692839243234
0.7146874999999999 3.98366608346658
0.7153125 3.972431544403955
0.7159375 3.960979033703305
0.7165625 3.949301855353289
0.7171875 3.937396574657155
0.7178125 3.925262210739159
0.7184375 3.912899254278743
0.7190624999999999 3.900308363530139
0.7196874999999999 3.887488657863212
0.7203124999999999 3.874437441446948
0.7209375 3.8611519633557
0.7215625 3.847631167392042
0.7221875 3.833768249345022
0.7228125 3.819835812017121
0.7234375 3.805889746770143
0.7240624999999999 3.792070688866092
0.7246874999999999 3.778362419359963
0.7253124999999999 3.764340964341613
0.7259375 3.746639387850709
0.7265625 3.726799973333526
0.7271875 3.707420591404448
0.7278125 3.68761060213682
0.7284375 3.666395407666567
0.7290624999999999 3.643469519140772
0.7296874999999999 3.61925655268492
0.7303124999999999 3.594387453146746
0.7309375 3.569750164912998
0.7315625 3.54656985615239
0.7321875 3.52613536150101
0.7328125 3.508158964884891
0.7334375 3.491116409175675
0.7340625 3.476802950891189
0.7346874999999999 3.465498845245038
0.7353124999999999 3.457812907101825
0.7359374999999999 3.44905311405877
0.7365625 3.440028489904166
0.7371875 3.431236758605977
0.7378125 3.422527982807928
0.7384375 3.413712735780267
0.7390625 3.404665873012756
0.7396874999999999 3.395274919609619
0.7403124999999999 3.385427933740427
0.7409374999999999 3.375037144859625
0.7415625 3.364062680620165
0.7421875 3.35252421861013
0.7428125 3.340502418861521
0.7434375 3.328134729441702
0.7440625 3.315609096025967
0.7446874999999999 3.303157676329638
0.7453124999999999 3.291051440943827
0.7459374999999999 3.279595724330949
0.7465625 3.269126457361818
0.7471875 3.260006367656255
0.7478125 3.252618960729447
0.7484375 3.247356313070667
0.7490625 3.244601128935128
0.7496875 3.244733584740641
0.7503124999999999 3.24822714292362
0.7509374999999999 3.255836529027179
0.7515625 3.267141543075558
0.7521875 3.282862066907611
0.7528125 3.303913587465626
0.7534375 3.330199110728357
0.7540625 3.361981118788149
0.7546875 3.399614948159053
0.7553124999999999 3.443393001683868
0.7559374999999999 3.493519408270621
0.7565624999999999 3.550118038197291
0.7571875 3.613228155212977
0.7578125 3.682789927279498
0.7584375 3.758631640648424
0.7590625 3.840463156908966
0.7596875 3.927876833552772
0.7603124999999999 4.020361810775356
0.7609374999999999 4.117338918256061
0.7615624999999999 4.218212335860939
0.7621875 4.322419421710914
0.7628125 4.429459064227783
0.7634375 4.538893007867474
0.7640625 4.650324646132605
0.7646875 4.763363250591643
0.7653125 4.877592475809897
0.7659374999999999 4.992691396780486
0.7665624999999999 5.10822050827881
0.7671875 5.223599388825566
0.7678125 5.338266745326637
0.7684375 5.451648049673785
0.7690625 5.563097558806455
0.7696875 5.671876228123691
0.7703125 5.777140404045236
0.7709374999999999 5.8779191226602
0.7715624999999999 5.973091985088509
0.7721874999999999 6.061398254554029
0.7728125 6.141505227842777
0.7734375 6.21214500752868
0.7740625 6.272296260856572
0.7746875 6.321367077090498
0.7753125 6.359379773245047
0.7759374999999999 6.387170949166426
0.7765624999999999 6.406934673836258
0.7771874999999999 6.419842717291239
0.7778125 6.427739882976609
0.7784375 6.432691421189724
0.7790625 6.435885886178792
0.7796875 6.437664367252903
0.7803125 6.437586052719592
0.7809375 6.434611793245108
0.7815624999999999 6.427952007289557
0.7821874999999999 6.417941555658345
0.7828125 6.407004269535971
0.7834375 6.395192957753424
0.7840625 6.371921706205764
0.7846875 6.341830390626847
0.7853125 6.316795799616153
0.7859375 6.293971703573389
0.7865624999999999 6.270321587856364
0.7871874999999999 6.242968943291866
0.7878124999999999 6.212584451131491
0.7884375 6.178182384641342
0.7890625 6.139105268313447
0.7896875 6.095328733906878
0.7903125 6.045846291642479
0.7909375 5.988408936773716
0.7915624999999999 5.919878145477869
0.7921874999999999 5.83640132370657
0.7928124999999999 5.733453641029926
0.7934375 5.605946529684135
0.7940625 5.44849257526557
0.7946875 5.255801709709555
0.7953125 5.02314878836509
0.7959375 4.746993463027557
0.7965625 4.425904361332401
0.7971874999999999 4.062352004657547
0.7978124999999999 3.66120061994574
0.7984375 3.227165539422149
0.7990625 2.770131122395183
0.7996875 2.308638649121653
0.8003125 1.868355172862181
0.8009375 1.478421673496775
0.8015625 1.165836118288714
0.8021874999999999 0.9513071919631875
0.8028124999999999 0.8562276549066814
0.8034374999999999 0.8313495895728573
0.8040625 0.8237138391058128
0.8046875 0.8201277267410845
0.8053125 0.8178497228587248
0.8059375 0.8164674175368021
0.8065625 0.8155768965684319
0.8071874999999999 0.8156353091768431
0.8078124999999999 0.817388943248159
0.8084374999999999 0.8206966861864071
0.8090625 0.8254365406165312
0.8096875 0.8313890168700355
0.8103125 0.8381771010118952
0.8109375 0.8453410664415998
0.8115625 0.8524070077431872
0.8121875 0.8589345528632046
0.8128124999999999 0.8645411334384973
0.8134374999999999 0.8689198918320502
0.8140625 0.8717496757773942
0.8146875 0.8729481057124728
0.8153125 0.8722004938840704
0.8159375 0.8708643291673785
0.8165625 0.8693933720706489
0.8171875 0.8676689391026902
0.8178124999999999 0.8659169261458602
0.8184374999999999 0.8643475925610723
0.8190624999999999 0.8629722088822943
0.8196875 0.8616758685409636
0.8203125 0.8606234993322941
0.8209375 0.8599847362300983
0.8215625 0.8596614825987965
0.8221875 0.8595660456583546
0.8228124999999999 0.8596153850788497
0.8234374999999999 0.8597318624192034
0.8240624999999999 0.8598588154373354
0.8246875 0.8599623108800464
0.8253125 0.8600253433547103
0.8259375 0.8600416319892554
0.8265625 0.86001105904655
0.8271875 0.8599367934963464
0.8278125 0.8598237582617367
0.8284374999999999 0.8596780190333775
0.8290624999999999 0.8595066276716279
0.8296875 0.8593174505768403
0.8303125 0.8591186412768156
0.8309375 0.8589176297931921
0.8315625 0.8587197585369457
0.8321875 0.8585269187670218
0.8328125 0.8583366574046182
0.8334374999999999 0.8581421788334981
0.8340624999999999 0.8579334588335046
0.8346874999999999 0.8576993850928047
0.8353125 0.8574305483580474
0.8359375 0.8571221141807713
0.8365625 0.856776119440833
0.8371875 0.8564025322139323
0.8378125 0.8560186003896448
0.8384374999999999 0.8556468586739033
0.8390624999999999 0.8553132244245059
0.8396874999999999 0.8550429461932806
0.8403125 0.854845746520902
0.8409375 0.8547473910226957
0.8415625 0.8547980258378035
0.8421875 0.855072579681658
0.8428125 0.8559541191055193
0.8434375 0.8575292555424796
0.8440624999999999 0.8597828365717731
0.8446874999999999 0.862626364007398
0.8453125 0.8660129250751161
0.8459375 0.8696746170418271
0.8465625 0.8732879463525645
0.8471875 0.8765748169714951
0.8478125 0.8793037063186619
0.8484375 0.8813539436800378
0.8490624999999999 0.8828461668272134
0.8496874999999999 0.8839836638215065
0.8503124999999999 0.8849767131545433
0.8509375 0.8859871073617817
0.8515625 0.8871021678553386
0.8521875 0.8883373160035826
0.8528125 0.889659415570441
0.8534375 0.8910190453363757
0.8540624999999999 0.8923785158695926
0.8546874999999999 0.8937253742944687
0.8553124999999999 0.8950688857534345
0.8559375 0.8964262420576906
0.8565625 0.8978101167053032
0.8571875 0.8992259225682456
0.8578125 0.9006774464888829
0.8584375 0.9021707779503211
0.8590625 0.9037093184993191
0.8596874999999999 0.9052902383494477
0.8603124999999999 0.9069311974426847
0.8609375 0.908745295165751
0.8615625 0.9109015830699102
0.8621875 0.9130543484181499
0.8628125 0.913831704908308
0.8634375 0.9137572902095585
0.8640625 0.9081894049088223
0.8646874999999999 0.8701810709185394
0.8653124999999999 0.7126078818373722
0.8659374999999999 0.4318789965117905
0.8665625 0.3169612919130482
0.8671875 0.3084169437771676
0.8678125 0.3081381858167748
0.8684375 0.3082209706180588
0.8690625 0.3083242838481543
0.8696874999999999 0.3084107941554958
0.8703124999999999 0.3084857041366048
0.8709374999999999 0.3085525983149236
0.8715625 0.3086113784010016
0.8721875 0.3086616956114798
0.8728125 0.3087038389233638
0.8734375 0.3087387525320847
0.8740625 0.3087676683710555
0.8746875 0.308791664348009
0.8753124999999999 0.3088114704061772
0.8759374999999999 0.3088275528959062
0.8765625 0.3088404529430112
0.8771875 0.3088507752003119
0.8778125 0.3088584026114781
0.8784375 0.3088645183946991
0.8790625 0.3088693328661389
0.8796875 0.3088732439947893
0.8803124999999999 0.308876396018624
0.8809374999999999 0.308878855070798
0.8815624999999999 0.3088811620492383
0.8821875 0.308883372192406
0.8828125 0.3088854227598007
0.8834375 0.308887126600516
0.8840625 0.3088881377734362
0.8846875 0.3088880754839579
0.8853124999999999 0.3088873998823909
0.8859374999999999 0.3088868272418804
0.8865624999999999 0.3088849647746149
0.8871875 0.3088817459313824
0.8878125 0.3088779792533368
0.8884375 0.3088741664024813
0.8890625 0.3088701960830704
0.8896875 0.3088660939495
0.8903125 0.3088615680090896
0.8909374999999999 0.3088562378683741
0.8915624999999999 0.3088511899382345
0.8921875 0.3088462497683532
0.8928125 0.3088423080596496
0.8934375 0.308840130147967
0.8940625 0.3088389800586864
0.8946875 0.3088391835875759
0.8953125 0.3088408336047295
0.8959374999999999 0.3088443071558195
0.8965624999999999 0.3088478358599309
0.8971874999999999 0.3088511011934021
0.8978125 0.3088541340354702
0.8984375 0.3088569523440858
0.8990625 0.3088595267773592
0.8996875 0.3088618531571332
0.9003125 0.3088638618213818
0.9009374999999999 0.3088658625912665
0.9015624999999999 0.3088682352033559
0.9021874999999999 0.3088704566682401
0.9028125 0.3088727958305045
0.9034375 0.3088750741793699
0.9040625 0.3088772672225861
0.9046875 0.308879121908107
0.9053125 0.3088795408096497
0.9059375 0.3088794187258107
0.9065624999999999 0.3088791554226304
0.9071874999999999 0.3088787413447477
0.9078125 0.308878048672479
0.9084375 0.3088773563524189
0.9090625 0.3088770444282888
0.9096875 0.3088772704138157
0.9103125 0.3088781438533025
0.9109375 0.3088793187038286
0.9115624999999999 0.3088809544197323
0.9121874999999999 0.3088831502801301
0.9128124999999999 0.3088856863864352
0.9134375 0.3088884821203815
0.9140625 0.3088910959971541
0.9146875 0.3088934292678953
0.9153125 0.3088949595694233
0.9159375 0.3088953926917178
0.9165624999999999 0.3088949009602079
0.9171874999999999 0.3088938209209003
0.9178124999999999 0.3088921609567274
0.9184375 0.308890377214157
0.9190625 0.3088889776670189
0.9196875 0.3088872426158461
0.9203125 0.3088843883590756
0.9209375 0.3088808064715462
0.9215625 0.3088761388761914
0.9221874999999999 0.3088709577826825
0.9228124999999999 0.3088658712339162
0.9234375 0.3088609176510846
0.9240625 0.3088560505035439
0.9246875 0.3088513292903834
0.9253125 0.3088468931172978
0.9259375 0.3088428147787221
0.9265625 0.3088388427447392
0.9271874999999999 0.3088347613988596
0.9278124999999999 0.3088309740952355
0.9284374999999999 0.3088275604823004
0.9290625 0.3088245927546218
0.9296875 0.3088220339271926
0.9303125 0.3088197847807068
0.9309375 0.3088177503673868
0.9315625 0.3088156153311765
0.9321874999999999 0.3088128232912533
0.9328124999999999 0.308809432063754
0.9334374999999999 0.3088062946848021
0.9340625 0.3088044203812037
0.9346875 0.3088042524998393
0.9353125 0.3088046514475677
0.9359375 0.3088051488633714
0.9365625 0.3088054409708629
0.9371875 0.3088045438559299
0.9378124999999999 0.3088035001892071
0.9384374999999999 0.3088027003141987
0.9390625 0.3088023508814061
0.9396875 0.3088025772547422
0.9403125 0.3088031802679294
0.9409375 0.3088041743964051
0.9415625 0.3088056726339906
0.9421875 0.3088076478526927
0.9428124999999999 0.3088098193746592
0.9434374999999999 0.3088116800619817
0.9440624999999999 0.3088127729375364
0.9446875 0.3088129674650915
0.9453125 0.3088117560897785
0.9459375 0.3088097828596614
0.9465625 0.3088074462978085
0.9471875 0.3088046713285249
0.9478124999999999 0.3088013874051159
0.9484374999999999 0.3087976436375893
0.9490624999999999 0.308793619674445
0.9496875 0.308789560806021
0.9503125 0.308785677894656
0.9509375 0.3087821094573099
0.9515625 0.308779071919254
0.9521875 0.3087769270653697
0.9528125 0.3087754274846112
0.9534374999999999 0.3087743205589657
0.9540624999999999 0.3087741352455519
0.9546875 0.3087737404162849
0.9553125 0.3087739182351049
0.9559375 0.3087752148858553
0.9565625 0.3087778676372404
0.9571875 0.3087819515698411
0.9578125 0.3087870494005009
0.9584374999999999 0.3087927572493185
0.9590624999999999 0.3087987682748958
0.9596874999999999 0.3088048482969561
0.9603125 0.3088107697239907
0.9609375 0.3088163183848102
0.9615625 0.3088213271569406
0.9621875 0.3088256961836754
0.9628125 0.3088293970313635
0.9634374999999999 0.3088324674332804
0.9640624999999999 0.308834995263536
0.9646874999999999 0.308837078841922
0.9653125 0.3088388160545578
0.9659375 0.3088404155916673
0.9665625 0.3088418344651016
0.9671875 0.3088431497480489
0.9678125 0.308844327727782
0.9684375 0.3088450435511416
0.9690624999999999 0.308845500305156
0.9696874999999999 0.3088457103784814
0.9703125 0.3088457538675008
0.9709375 0.3088457084002719
0.9715625 0.3088456481675704
0.9721875 0.3088456008593476
0.9728125 0.3088456095052314
0.9734375 0.3088457135596817
0.9740624999999999 0.3088459507511142
0.9746874999999999 0.3088461337180594
0.9753125 0.3088462253008448
0.9759375 0.30884640842494
0.9765625 0.3088466700135835
0.9771875 0.3088442037228318
0.9778125 0.3088433303554545
0.9784375 0.3088411325818497
0.9790624999999999 0.3088387846971598
0.9796874999999999 0.3088364158610474
0.9803124999999999 0.3088342537348738
0.9809375 0.3088321731069705
0.9815625 0.3088301126454944
0.9821875 0.3088280916032637
0.9828125 0.3088249829137426
0.9834375 0.3088207454109984
0.9840625 0.3088153812092405
0.9846874999999999 0.3088087803996204
0.9853124999999999 0.308801044587774
0.9859375 0.3087922499939553
0.9865625 0.3087822929936883
0.9871875 0.3087710353390479
0.9878125 0.3087585302762267
0.9884375 0.3087450388703831
0.9890625 0.308730967512667
0.9896874999999999 0.3087157338497692
0.9903124999999999 0.3086976053998016
0.9909375 0.3086843432062591
0.9915625 0.3086724852042474
0.9921875 0.3086639453663786
0.9928125 0.3086596951035264
0.9934375 0.3086583977283727
0.9940625 0.3086646346694343
0.9946874999999999 0.3086809768750649
0.9953124999999999 0.3087061259614886
0.9959374999999999 0.3087402243830505
0.9965625 0.3087818095172705
0.9971875 0.3088283549305249
0.9978125 0.3088752579805194
0.9984375 0.3089154150889438
0.9990625 0.3089404097865961
0.9996875 0.3089536903184217
